0.030149221420288086
0.0012941360473632812
0.0
0.0
0.0
0.005995512008666992
0.001247406005859375
0.001146078109741211
0.0012645721435546875
0.0010025501251220703
0.0010561943054199219
0.0015673637390136719
0.0
0.0
0.0
0.0
0.0
0.007093191146850586
0.0
0.0
0.0
0.0
0.006497859954833984
0.002299070358276367
0.0010514259338378906
0.0011496543884277344
0.0011408329010009766
0.0011363029479980469
0.0015606880187988281
0.0010161399841308594
0.0010018348693847656
0.001016855239868164
0.0010960102081298828
0.0014302730560302734
0.0
0.0
0.0
0.0
0.0
0.00700688362121582
0.001280069351196289
0.0010025501251220703
0.0010344982147216797
0.0010738372802734375
0.0010690689086914062
0.0014674663543701172
0.00039124488830566406
0.0
0.0
0.0
0.0
0.006579875946044922
0.0
0.0
0.0
0.0
0.0
0.007995367050170898
0.0024487972259521484
0.0009305477142333984
0.0
0.002624034881591797
0.0
0.0
0.0
0.0
0.006943941116333008
0.0011873245239257812
0.001035928726196289
0.0011706352233886719
0.0012664794921875
0.001157522201538086
0.002332448959350586
0.0010020732879638672
0.0010292530059814453
0.001056671142578125
0.0010788440704345703
0.0010480880737304688
0.0
0.0
0.0
0.0
0.0
0.006990909576416016
0.00131988525390625
0.0010230541229248047
0.0010001659393310547
0.0009999275207519531
0.0014455318450927734
0.001617431640625
0.0
0.0
0.0
0.0
0.0
0.0069696903228759766
0.0
0.0
0.0
0.0
0.0
0.006499528884887695
0.0012269020080566406
0.0014002323150634766
0.001138448715209961
0.001131296157836914
0.001104593276977539
0.0022575855255126953
0.0010027885437011719
0.001096487045288086
0.0011229515075683594
0.0010788440704345703
0.0013878345489501953
0.0
0.0
0.0
0.0
0.0
0.008266925811767578
0.0010132789611816406
0.0010221004486083984
0.0010783672332763672
0.0010988712310791016
0.0014369487762451172
0.0012497901916503906
0.0010118484497070312
0.0010213851928710938
0.0010018348693847656
0.0010020732879638672
0.0010020732879638672
0.0006551742553710938
0.0
0.0
0.0
0.0
0.0
0.008142709732055664
0.0010020732879638672
0.0010547637939453125
0.0011105537414550781
0.0010309219360351562
0.0010676383972167969
0.0016224384307861328
0.0014450550079345703
0.0010409355163574219
0.0
0.0037720203399658203
0.0
0.0
0.0
0.0
0.0
0.0012888908386230469
0.0010025501251220703
0.0010111331939697266
0.001016378402709961
0.0010111331939697266
0.0010020732879638672
0.0006055831909179688
0.002286672592163086
0.0010533332824707031
0.0011785030364990234
0.001077413558959961
0.001146554946899414
0.0
0.0
0.0
0.0
0.007718563079833984
0.0
0.0
0.0
0.0
0.0
0.0068149566650390625
0.0025882720947265625
0.001562356948852539
0.0014710426330566406
0.0011730194091796875
0.0020530223846435547
0.002222299575805664
0.0024826526641845703
0.0018973350524902344
0.0
0.0023963451385498047
0.0
0.003729581832885742
0.0010759830474853516
0.0012099742889404297
0.0012965202331542969
0.001142263412475586
0.00220489501953125
0.0010769367218017578
0.0010273456573486328
0.0011894702911376953
0.0012869834899902344
0.0015778541564941406
0.0
0.0
0.0
0.0
0.0
0.006769657135009766
0.0
0.0
0.0
0.0
0.006970643997192383
0.0005466938018798828
0.0
0.0
0.0
0.006387233734130859
0.0003714561462402344
0.0
0.0
0.0
0.0
0.007627964019775391
0.002299785614013672
0.0005428791046142578
0.0
0.003502368927001953
0.0
0.0
0.0
0.0066072940826416016
0.00034809112548828125
0.0
0.0
0.0
0.006595134735107422
0.0004832744598388672
0.0
0.0
0.0
0.0
0.0005338191986083984
0.0
0.0
0.0040569305419921875
0.0
0.003133535385131836
0.0
0.0
0.004355192184448242
0.0
0.0022966861724853516
0.0
0.0
0.0
0.0
0.006233692169189453
0.0007610321044921875
0.0
0.0
0.0
0.006579875946044922
0.0010178089141845703
0.002376079559326172
0.0
0.0
0.0038900375366210938
0.0
0.0
0.0
0.0
0.0069713592529296875
0.0
0.0
0.004052639007568359
0.0
0.0
0.0029218196868896484
0.0
0.0
0.0
0.0
0.0
0.007037639617919922
0.0
0.0
0.0
0.0
0.0
0.006549358367919922
0.0
0.0
0.0
0.0
0.006963491439819336
0.0
0.0
0.0
0.0
0.0
0.00697636604309082
0.0
0.0
0.0
0.0
0.0
0.006961822509765625
0.0
0.0
0.0
0.0
0.0
0.0069386959075927734
0.0
0.0
0.0
0.0
0.007035017013549805
0.0032956600189208984
0.004109621047973633
0.0
0.0
0.006883144378662109
0.00423884391784668
0.0023276805877685547
0.002123594284057617
0.0015757083892822266
0.002180814743041992
0.002260923385620117
0.0020177364349365234
0.0010097026824951172
0.0006265640258789062
0.0021524429321289062
0.0
0.0
0.00424957275390625
0.0
0.0
0.0030236244201660156
0.0
0.0
0.0
0.0
0.007072925567626953
0.0
0.0
0.0
0.0
0.006505489349365234
0.0
0.0
0.0
0.007010936737060547
0.00045680999755859375
0.0
0.0
0.0
0.0
0.0
0.006876945495605469
0.0
0.0
0.0
0.0
0.0
0.006581306457519531
0.0
0.0
0.0
0.0
0.0
0.006933450698852539
0.000301361083984375
0.0
0.0
0.0
0.0
0.006700992584228516
0.0003094673156738281
0.0
0.0
0.0
0.0
0.0
0.006610870361328125
0.0
0.0
0.0
0.0
0.0
0.0
0.0
0.006975412368774414
0.0
0.0
0.0
0.0
0.0
0.0
0.006987810134887695
0.0
0.0
0.0
0.0
0.007432222366333008
0.0
0.0
0.0
0.0
0.00643610954284668
0.0010111331939697266
0.001146554946899414
0.00146484375
0.0
0.0033752918243408203
0.0010077953338623047
0.0009996891021728516
0.0008242130279541016
0.0
0.0
0.004395008087158203
0.0
0.0
0.0
0.0
0.0
0.00696873664855957
0.0
0.0
0.0
0.0
0.0
0.0066831111907958984
0.0
0.0
0.0
0.0
0.0
0.006971597671508789
0.0
0.0
0.0
0.0
0.007261753082275391
0.0
0.0
0.0
0.0
0.0
0.006722450256347656
0.0
0.0
0.0
0.0
0.00687098503112793
0.0003490447998046875
0.0
0.0
0.0
0.0
0.0
0.006649017333984375
0.0
0.0
0.0
0.0
0.0072553157806396484
0.0
0.0
0.0
0.0
0.0
0.007176876068115234
0.0
0.0
0.0
0.006465435028076172
0.0
0.0
0.0
0.0
0.0
0.007407188415527344
0.002885103225708008
0.0
0.0
0.0036897659301757812
0.0022530555725097656
0.0012509822845458984
0.0014896392822265625
0.001201629638671875
0.0008006095886230469
0.0
0.0
0.0
0.0
0.006845712661743164
0.0010080337524414062
0.0010004043579101562
0.0009992122650146484
0.0009999275207519531
0.000972747802734375
0.0
0.001979827880859375
0.0
0.0
0.0
0.0
0.0069828033447265625
0.00032448768615722656
0.0
0.0
0.0
0.0
0.006923675537109375
0.0
0.0
0.0
0.0
0.006657600402832031
0.0
0.0
0.0
0.0
0.0
0.007423877716064453
0.0
0.0
0.0
0.0
0.0
0.0065038204193115234
0.0
0.0
0.0
0.0
0.0
0.007078409194946289
0.0
0.0
0.0
0.0
0.0
0.006844282150268555
0.0
0.0
0.0
0.0
0.006998538970947266
0.0
0.0
0.0
0.0
0.0
0.006921529769897461
0.0
0.0
0.0
0.0
0.0069692134857177734
0.0003097057342529297
0.0
0.0
0.0
0.0
0.007733821868896484
0.0012860298156738281
0.0012505054473876953
0.0
0.003876924514770508
0.0
0.0
0.0
0.0
0.0
0.0064449310302734375
0.0
0.0
0.0
0.0
0.007986068725585938
0.00107574462890625
0.0018405914306640625
0.0
0.0030269622802734375
0.00043845176696777344
0.0
0.0
0.0
0.0
0.006546497344970703
0.0
0.0
0.0
0.0
0.007271289825439453
0.0
0.0
0.0
0.0
0.006658077239990234
0.0
0.0
0.0
0.0
0.0
0.007277011871337891
0.0
0.0
0.0
0.0
0.0
0.0070760250091552734
0.0
0.0
0.0
0.0
0.0
0.006929874420166016
0.0
0.0
0.0
0.0
0.0
0.007081508636474609
0.0
0.0
0.0
0.0
0.0
0.006751060485839844
0.0
0.0
0.0
0.0
0.007241964340209961
0.0
0.0
0.0
0.0
0.006375551223754883
0.0023055076599121094
0.0014429092407226562
0.0
0.0
0.0044019222259521484
0.0015103816986083984
0.0010180473327636719
0.001012563705444336
0.0010676383972167969
0.0014803409576416016
0.0
0.0
0.0
0.0
0.0
0.0073757171630859375
0.0
0.0
0.0
0.0
0.0062923431396484375
0.0010631084442138672
0.0013496875762939453
0.0
0.0
0.003396272659301758
0.0
0.0
0.0
0.0
0.0
0.0069580078125
0.0
0.0
0.0
0.0
0.0069963932037353516
0.0
0.0
0.0
0.0
0.0
0.0
0.006899833679199219
0.0
0.0
0.0
0.0
0.0070116519927978516
0.0
0.0
0.0
0.0
0.0
0.006949186325073242
0.0
0.0
0.0
0.0
0.0
0.006608009338378906
0.0
0.0
0.0
0.0
0.0
0.007274627685546875
0.0
0.0
0.0
0.0
0.0
0.006670236587524414
0.0
0.0
0.0
0.0
0.0
0.007262706756591797
0.0
0.0
0.0
0.0
0.0
0.0066645145416259766
0.0
0.0
0.0
0.0
0.006968498229980469
0.0
0.0
0.0
0.0
0.0
0.006948232650756836
0.0
0.0
0.0
0.0
0.005273580551147461
0.0
0.002511262893676758
0.0
0.0
0.0
0.0
0.007129669189453125
0.001089334487915039
0.001470327377319336
0.0
0.0038728713989257812
0.0
0.0
0.0
0.0
0.0
0.006906032562255859
0.0
0.0
0.0
0.0
0.006561994552612305
0.00040912628173828125
0.0
0.0
0.0
0.0
0.006559133529663086
0.0
0.0
0.0
0.0
0.0
0.0074977874755859375
0.0
0.0
0.0
0.0
0.0
0.0067462921142578125
0.0
0.0
0.0
0.0
0.006649971008300781
0.00042939186096191406
0.0
0.0
0.0
0.0
0.006581783294677734
0.0003533363342285156
0.0
0.0
0.0
0.006955862045288086
0.0
0.0020055770874023438
0.002005338668823242
0.0
0.0
0.0009560585021972656
0.003000020980834961
0.00033020973205566406
0.0
0.004256486892700195
0.0010001659393310547
0.0009996891021728516
0.0022695064544677734
0.0
0.001934051513671875
0.0
0.0
0.0
0.0
0.0
0.0070705413818359375
0.0
0.0
0.0
0.0
0.006591081619262695
0.00048279762268066406
0.0
0.0
0.0
0.0
0.006513118743896484
0.0010793209075927734
0.002151966094970703
0.0
0.0
0.004027605056762695
0.0
0.0
0.0
0.0
0.0
0.0066716670989990234
0.0
0.003124237060546875
0.00200653076171875
0.0030519962310791016
0.0020961761474609375
0.0030281543731689453
0.0015721321105957031
0.0019998550415039062
0.0019996166229248047
0.0021741390228271484
0.0
0.002481698989868164
0.00200653076171875
0.002759695053100586
0.0
0.0033910274505615234
0.0
0.0035059452056884766
0.0
0.0
0.0
0.0
0.0057315826416015625
0.0012624263763427734
0.0
0.0
0.0
0.0
0.0065517425537109375
0.0
0.0
0.0
0.0
0.0
0.007245540618896484
0.0
0.0024368762969970703
0.0
0.002004861831665039
0.0
0.0022401809692382812
0.0003254413604736328
0.0
0.0
0.0
0.0
0.0
0.006633281707763672
0.0010101795196533203
0.0010178089141845703
0.001032114028930664
0.0014324188232421875
0.0
0.002447843551635742
0.001010894775390625
0.0010027885437011719
0.0020134449005126953
0.0
0.0
0.0039653778076171875
0.0011050701141357422
0.0010018348693847656
0.001199960708618164
0.0010106563568115234
0.0010025501251220703
0.0007326602935791016
0.0
0.0
0.0
0.0
0.0
0.0
0.0068454742431640625
0.0011582374572753906
0.001028299331665039
0.001527547836303711
0.0
0.0032601356506347656
0.002166748046875
0.000988006591796875
0.0
0.0
0.00478053092956543
0.0010895729064941406
0.001337289810180664
0.001295328140258789
0.0012614727020263672
0.001066446304321289
0.0
0.0
0.0
0.0
0.0
0.006864309310913086
0.0
0.0
0.0
0.0
0.007019519805908203
0.00031065940856933594
0.0
0.0
0.0
0.0
0.006661891937255859
0.0003464221954345703
0.0
0.0
0.0
0.0
0.006582021713256836
0.0
0.0
0.0
0.0
0.0
0.007966995239257812
0.0014452934265136719
0.0006165504455566406
0.0018336772918701172
0.0020613670349121094
0.0010068416595458984
0.0010144710540771484
0.0010137557983398438
0.0010335445404052734
0.0010020732879638672
0.0007383823394775391
0.0
0.0
0.0
0.0
0.006886005401611328
0.001161336898803711
0.001077890396118164
0.001789093017578125
0.0006089210510253906
0.002299070358276367
0.002072572708129883
0.0011610984802246094
0.00037598609924316406
0.0
0.003373861312866211
0.0010523796081542969
0.0010600090026855469
0.0014524459838867188
0.0013432502746582031
0.0011208057403564453
0.0022101402282714844
0.0010035037994384766
0.0013701915740966797
0.0
0.004663944244384766
0.0010349750518798828
0.0005335807800292969
0.0
0.0
0.005040884017944336
0.0009999275207519531
0.0009999275207519531
0.0009996891021728516
0.0010004043579101562
0.0019388198852539062
0.0014863014221191406