0.0021712779998779297
0.0025262832641601562
0.0010077953338623047
0.0010020732879638672
0.002286672592163086
0.001005411148071289
0.0010116100311279297
0.0022330284118652344
0.001003265380859375
0.0010075569152832031
0.0025017261505126953
0.0011992454528808594
0.0021181106567382812
0.001951456069946289
0.0
0.0
0.0
0.005749940872192383
0.0009136199951171875
0.0015823841094970703
0.0010101795196533203
0.002004384994506836
0.0010018348693847656
0.0010039806365966797
0.0010046958923339844
0.0011107921600341797
0.0015048980712890625
0.0010366439819335938
0.0011339187622070312
0.0014679431915283203
0.0016636848449707031
0.002092599868774414
0.0010116100311279297
0.0
0.0025179386138916016
0.0010082721710205078
0.0010035037994384766
0.0010020732879638672
0.0010387897491455078
0.0010805130004882812
0.0020759105682373047
0.0019996166229248047
0.0011546611785888672
0.0025141239166259766
0.001657724380493164
0.0
0.0020055770874023438
0.0
0.003330230712890625
0.0020194053649902344
0.0010225772857666016
0.0010645389556884766
0.0010433197021484375
0.0010149478912353516
0.0020241737365722656
0.0012311935424804688
0.0
0.002004861831665039
0.002005338668823242
0.001177072525024414
0.0010061264038085938
0.0010025501251220703
0.0
0.0015048980712890625
0.0020329952239990234
0.0010025501251220703
0.0010781288146972656
0.002004384994506836
0.0010676383972167969
0.0010018348693847656
0.0015048980712890625
0.0010135173797607422
0.0010025501251220703
0.0011210441589355469
0.0010144710540771484
0.0014874935150146484
0.0015988349914550781
0.0020062923431396484
0.0010063648223876953
0.0
0.0023288726806640625
0.0024442672729492188
0.0011830329895019531
0.002017498016357422
0.0011053085327148438
0.0010001659393310547
0.0011439323425292969
0.001150369644165039
0.0020236968994140625
0.0014600753784179688
0.0
0.0030701160430908203
0.0
0.0
0.003226041793823242
0.0011610984802246094
0.001004934310913086
0.001003265380859375
0.0020215511322021484
0.0
0.0018548965454101562
0.002201080322265625
0.0010020732879638672
0.0010051727294921875
0.0010335445404052734
0.0010199546813964844
0.0020220279693603516
0.0016384124755859375
0.0010166168212890625
0.002974987030029297
0.0012710094451904297
0.0010068416595458984
0.0010099411010742188
0.0
0.001504659652709961
0.0021924972534179688
0.0023772716522216797
0.0006666183471679688
0.002005338668823242
0.002188444137573242
0.0017032623291015625
0.0012431144714355469
0.0010044574737548828
0.0010037422180175781
0.0020949840545654297
0.0010039806365966797
0.0010027885437011719
0.0015048980712890625
0.002010345458984375
0.0
0.0
0.0035805702209472656
0.0010478496551513672
0.0020220279693603516
0.0015075206756591797
0.0020172595977783203
0.0026903152465820312
0.0014410018920898438
0.002026081085205078
0.0
0.0015053749084472656
0.0020904541015625
0.002115011215209961
0.0015180110931396484
0.002004861831665039
0.0023832321166992188
0.0010223388671875
0.002027273178100586
0.0024199485778808594
0.001110076904296875
0.0012936592102050781
0.002453327178955078
0.002070903778076172
0.0014531612396240234
0.00284576416015625
0.0010058879852294922
0.0014562606811523438
0.0021581649780273438
0.0030870437622070312
0.0012171268463134766
0.002365589141845703
0.0021109580993652344
0.0022919178009033203
0.001767873764038086
0.002012968063354492
0.0010018348693847656
0.0010263919830322266
0.0010023117065429688
0.0
0.001386404037475586
0.002131223678588867
0.002064228057861328
0.0010619163513183594
0.0018417835235595703
0.0012049674987792969
0.0012633800506591797
0.001004934310913086
0.001325845718383789
0.001012563705444336
0.0014982223510742188
0.0
0.0030095577239990234
0.0010051727294921875
0.0010097026824951172
0.0010209083557128906
0.0011162757873535156
0.0010046958923339844
0.0011219978332519531
0.0010113716125488281
0.0015048980712890625
0.0010113716125488281
0.0021233558654785156
0.0010025501251220703
0.0007092952728271484
0.0025997161865234375
0.001157522201538086
0.001504659652709961
0.001222372055053711
0.0010023117065429688
0.001001596450805664
0.0015516281127929688
0.0022623538970947266
0.0
0.0020062923431396484
0.0012526512145996094
0.0021123886108398438
0.001003265380859375
0.0012578964233398438
0.0014619827270507812
0.0028228759765625
0.0010073184967041016
0.0020160675048828125
0.002101421356201172
0.0020093917846679688
0.0010280609130859375
0.0010030269622802734
0.002023935317993164
0.0024242401123046875
0.0008695125579833984
0.002006053924560547
0.0
0.0020058155059814453
0.00222015380859375
0.0
0.0
0.0
0.006423473358154297
0.0024645328521728516
0.0015838146209716797
0.0019152164459228516
0.0010025501251220703
0.0014181137084960938
0.0010020732879638672
0.0010073184967041016
0.0010073184967041016
0.0010025501251220703
0.002595663070678711
0.0021407604217529297
0.0
0.0038361549377441406
0.0022351741790771484
0.0005054473876953125
0.0015027523040771484
0.001241445541381836
0.0
0.0040242671966552734
0.0010135173797607422
0.0009999275207519531
0.00099945068359375
0.001001596450805664
0.0012409687042236328
0.001001596450805664
0.001003265380859375
0.0010497570037841797
0.0010538101196289062
0.0015048980712890625
0.0010344982147216797
0.0010035037994384766
0.002499818801879883
0.0
0.0
0.0031888484954833984
0.0010085105895996094
0.001504659652709961
0.0020682811737060547
0.001003265380859375
0.001001596450805664
0.0013391971588134766
0.0
0.0005695819854736328
0.0015053749084472656
0.00218963623046875
0.0
0.0010628700256347656
0.0020117759704589844
0.0009999275207519531
0.0020101070404052734
0.0008707046508789062
0.003265857696533203
0.0009379386901855469
0.0010073184967041016
0.001012563705444336
0.001001596450805664
0.0010101795196533203
0.001001596450805664
0.0020170211791992188
0.001009225845336914
0.0006680488586425781
0.0016613006591796875
0.002175569534301758
0.0015697479248046875
0.0010209083557128906
0.001505136489868164
0.0010216236114501953
0.001844644546508789
0.001134634017944336
0.0010030269622802734
0.001409769058227539
0.0007288455963134766
0.0010061264038085938
0.002002239227294922
0.0016145706176757812
0.0010020732879638672
0.0015451908111572266
0.0010187625885009766
0.002003908157348633
0.0011510848999023438
0.0015938282012939453
0.0010268688201904297
0.0010876655578613281
0.0011205673217773438
0.0016617774963378906
0.0014171600341796875
0.0010173320770263672
0.0010013580322265625
0.0
0.0015053749084472656
0.0023245811462402344
0.0009927749633789062
0.0010442733764648438
0.0010020732879638672
0.001322031021118164
0.0010225772857666016
0.00103759765625
0.0015492439270019531
0.0
0.0020155906677246094
0.0
0.0
0.0022535324096679688
0.001003265380859375
0.0010802745819091797
0.0010020732879638672
0.0009999275207519531
0.0010516643524169922
0.0017502307891845703
0.0
0.003603219985961914
0.0010230541229248047
0.0010051727294921875
0.002001523971557617
0.002251148223876953
0.0010292530059814453
0.002496957778930664
0.0
0.0034248828887939453
0.0005059242248535156
0.0010249614715576172
0.001024484634399414
0.0020890235900878906
0.001046895980834961
0.0010216236114501953
0.0010123252868652344
0.0004482269287109375
0.0018568038940429688
0.0
0.002819061279296875
0.0010075569152832031
0.0010023117065429688
0.0010023117065429688
0.002006053924560547
0.0010194778442382812
0.0015361309051513672
0.0008280277252197266
0.002664804458618164
0.0
0.0
0.0
0.006098031997680664
0.0006694793701171875
0.0
0.0
0.0
0.005373239517211914
0.0013339519500732422
0.0025191307067871094
0.0010128021240234375
0.002088308334350586
0.0020656585693359375
0.0013077259063720703
0.002248525619506836
0.001226186752319336
0.0019114017486572266
0.0
0.003025054931640625
0.0010232925415039062
0.0010366439819335938
0.001010894775390625
0.0010104179382324219
0.0015058517456054688
0.0020313262939453125
0.0003185272216796875
0.0029838085174560547
0.0
0.0023648738861083984
0.001007080078125
0.0010004043579101562
0.001110076904296875
0.002197742462158203
0.001218557357788086
0.0010333061218261719
0.0006618499755859375
0.002006053924560547
0.0013308525085449219
0.00118255615234375
0.002308368682861328
0.0010514259338378906
0.002029895782470703
0.0009999275207519531
0.002008199691772461
0.000896453857421875
0.0
0.0014460086822509766
0.0013232231140136719
0.0010530948638916016
0.0005946159362792969
0.00112152099609375
0.0010023117065429688
0.0015473365783691406
0.0020952224731445312
0.0010612010955810547
0.0
0.0020051002502441406
0.0020782947540283203
0.0011398792266845703
0.0015048980712890625
0.001024484634399414
0.0012753009796142578
0.0
0.001008749008178711
0.0012257099151611328
0.0010156631469726562
0.0021102428436279297
0.002166748046875
0.0004968643188476562
0.0
0.0
0.005028247833251953
0.0020470619201660156
0.001956462860107422
0.0014476776123046875
0.0010073184967041016
0.0010020732879638672
0.0010027885437011719
0.002007722854614258
0.0018162727355957031
0.0015056133270263672
0.002045154571533203
0.0021483898162841797
0.0010128021240234375
0.002019643783569336
0.002651214599609375
0.002080678939819336
0.0010037422180175781
0.0
0.0037071704864501953
0.0014870166778564453
0.0015058517456054688
0.0022013187408447266
0.0010101795196533203
0.002218961715698242
0.0
0.0020058155059814453
0.0
0.002682924270629883
0.0016117095947265625
0.001007080078125
0.001001596450805664
0.0010521411895751953
0.0010020732879638672
0.002054929733276367
0.0010106563568115234
0.001093149185180664
0.00201416015625
0.0
0.0020465850830078125
0.0
0.003230571746826172
0.001024007797241211
0.0010023117065429688
0.0020494461059570312
0.001003265380859375
0.0010607242584228516
0.0013663768768310547
0.002199888229370117
0.0010824203491210938
0.0
0.00200653076171875
0.0017778873443603516
0.0007612705230712891
0.0010268688201904297
0.0020589828491210938
0.0011010169982910156
0.0016949176788330078
0.0003540515899658203
0.0015048980712890625
0.0017237663269042969
0.0
0.0
0.003194570541381836
0.0013883113861083984
0.00101470947265625
0.0010025501251220703
0.0020198822021484375
0.0015077590942382812
0.0
0.002005338668823242
0.0013210773468017578
0.0005006790161132812
0.0
0.00417780876159668
0.0
0.0025746822357177734
0.0011072158813476562
0.0010159015655517578
0.0027151107788085938
0.002813577651977539
0.001501321792602539
0.002032041549682617
0.0013766288757324219
0.0022344589233398438
0.0010044574737548828
0.0017480850219726562
0.0010111331939697266
0.0011138916015625
0.0022537708282470703
0.0005030632019042969
0.0020051002502441406
0.0
0.0025300979614257812
0.0005052089691162109
0.0010116100311279297
0.0010023117065429688
0.0014262199401855469
0.0010023117065429688
0.002004861831665039
0.001271963119506836
0.0009775161743164062
0.0
0.0020127296447753906
0.0015878677368164062
0.0010101795196533203
0.0013322830200195312
0.0010023117065429688
0.0
0.0
0.0032625198364257812
0.0012810230255126953
0.001811981201171875
0.0005323886871337891
0.002005338668823242
0.0
0.003352642059326172
0.0009996891021728516
0.0010290145874023438
0.0012209415435791016
0.0014789104461669922
0.002669095993041992
0.0010042190551757812
0.0
0.0027008056640625
0.002312898635864258
0.0010290145874023438
0.0014934539794921875
0.0014927387237548828
0.0013964176177978516
0.002374410629272461
0.0018506050109863281
0.002006053924560547
0.0
0.0027132034301757812
0.002085447311401367
0.0015058517456054688
0.0010118484497070312
0.002361774444580078
0.0011739730834960938
0.001519918441772461
0.002005338668823242
0.0016777515411376953
0.0015718936920166016
0.0010209083557128906
0.001003265380859375
0.002019166946411133
0.001961231231689453
0.00099945068359375
0.0029261112213134766
0.0010099411010742188
0.0020580291748046875
0.0010135173797607422
0.002250194549560547
0.0010142326354980469
0.002138853073120117
0.0024454593658447266
0.0011556148529052734
0.0010020732879638672
0.001001596450805664
0.0020589828491210938
0.0015060901641845703
0.0
0.0
0.003753185272216797
0.00202178955078125
0.001325368881225586
0.0
0.0041599273681640625
0.0020329952239990234
0.0010733604431152344
0.0010080337524414062
0.0010027885437011719
0.0012555122375488281
0.0016257762908935547
0.00033354759216308594
0.002016782760620117
0.0
0.0020055770874023438
0.0012173652648925781
0.002012491226196289
0.002109050750732422
0.001001119613647461
0.0010328292846679688
0.0027573108673095703
0.00200653076171875
0.0
0.0020062923431396484
0.0018334388732910156
0.0010230541229248047
0.0013251304626464844
0.0011057853698730469
0.0010020732879638672
0.0010020732879638672
0.0010094642639160156
0.0008542537689208984
0.0022749900817871094
0.0
0.002043485641479492
0.0008006095886230469
0.0010368824005126953
0.0010020732879638672
0.0010013580322265625
0.0010030269622802734
0.0
0.0020296573638916016
0.0020661354064941406
0.0
0.0
0.002795696258544922
0.00194549560546875
0.0005488395690917969
0.0020055770874023438
0.0
0.0
0.004638195037841797
0.001138925552368164
0.0010025501251220703
0.0
0.002121448516845703
0.001505136489868164
0.0014705657958984375
0.00211334228515625
0.001010894775390625
0.0010018348693847656
0.0010099411010742188
0.0010898113250732422
0.0012011528015136719
0.0005509853363037109
0.0
0.002765655517578125
0.0017011165618896484
0.0010764598846435547
0.001043081283569336
0.0010018348693847656
0.0010008811950683594
0.0010383129119873047
0.0021932125091552734
0.0010082721710205078
0.0008873939514160156
0.0
0.0
0.004122018814086914
0.0010211467742919922
0.0013785362243652344
0.001073598861694336
0.0010077953338623047
0.0010037422180175781
0.0019080638885498047
0.001506805419921875
0.0
0.0030202865600585938
0.0010135173797607422
0.0010268688201904297
0.0010023117065429688
0.001001596450805664
0.0010035037994384766
0.0009999275207519531
0.0013186931610107422
0.0010194778442382812
0.0022101402282714844
0.0
0.002318859100341797
0.0
0.0031914710998535156
0.0010676383972167969
0.0010578632354736328
0.001004934310913086
0.0011234283447265625
0.001764535903930664
0.0
0.0020058155059814453
0.0015058517456054688
0.0013592243194580078
0.001056671142578125
0.00112152099609375
0.0010020732879638672
0.001013040542602539
0.0010325908660888672
0.0022497177124023438
0.0014705657958984375
0.002018451690673828
0.0
0.003361225128173828
0.0011827945709228516
0.0
0.002959012985229492
0.002084970474243164
0.0019383430480957031
0.0005085468292236328
0.0010075569152832031
0.0010020732879638672
0.0012726783752441406
0.0010118484497070312
0.0010378360748291016
0.0010018348693847656
0.001234292984008789
0.0010123252868652344
0.0011796951293945312
0.0010061264038085938
0.0
0.001505136489868164
0.0020804405212402344
0.0027632713317871094
0.0010361671447753906
0.0010113716125488281
0.0010018348693847656
0.0010020732879638672
0.0026764869689941406
0.0012922286987304688
0.0010051727294921875
0.002453327178955078
0.0010042190551757812
0.0009996891021728516
0.002000093460083008
0.0
0.003659963607788086
0.0006854534149169922
0.002026081085205078
0.0011222362518310547
0.0010025501251220703
0.0
0.0026464462280273438
0.0015807151794433594
0.0
0.0020051002502441406
0.0
0.002852916717529297
0.0010211467742919922
0.0009996891021728516
0.0028367042541503906
0.0
0.0035507678985595703
0.0
0.0
0.002777099609375
0.0010061264038085938
0.0012500286102294922
0.0022079944610595703
0.0010035037994384766
0.0013701915740966797
0.001382589340209961
0.001129150390625
0.0019154548645019531
0.0
0.0
0.0
0.00686335563659668
0.0010101795196533203
0.002062559127807617
0.001074075698852539
0.0024759769439697266
0.0
0.0
0.005956888198852539
0.0005066394805908203
0.0
0.0
0.005623579025268555
0.0022907257080078125
0.0010273456573486328
0.0009999275207519531
0.0004258155822753906
0.0
0.0030198097229003906
0.0014257431030273438
0.0010080337524414062
0.0010025501251220703
0.0014612674713134766
0.0016467571258544922
0.0010259151458740234
0.0021240711212158203
0.001005411148071289
0.0012145042419433594
0.0013415813446044922
0.0029935836791992188
0.0008342266082763672
0.0
0.0020055770874023438
0.002005338668823242
0.0
0.002006053924560547
0.0
0.002005338668823242
0.0
0.0015044212341308594
0.002012968063354492
0.0
0.0020055770874023438
0.0
0.001741647720336914
0.0
0.002005338668823242
0.0
0.004285335540771484
0.0009925365447998047
0.0
0.0028367042541503906
0.0010135173797607422
0.0010023117065429688
0.0010001659393310547
0.0010259151458740234
0.0010373592376708984
0.0017476081848144531
0.0009186267852783203
0.001163482666015625
0.0017042160034179688
0.0010187625885009766
0.0016682147979736328
0.0010268688201904297
0.0010018348693847656
0.0010535717010498047
0.0010020732879638672
0.0010259151458740234
0.0012917518615722656
0.0017406940460205078
0.001505136489868164
0.0
0.0012812614440917969
0.0020046234130859375
0.0010395050048828125
0.0010178089141845703
0.0010051727294921875
0.0010018348693847656
0.001001119613647461
0.0021643638610839844
0.002154827117919922
0.0
0.0020055770874023438
0.0011909008026123047
0.0010080337524414062
0.0
0.0030639171600341797
0.0
0.0
0.0
0.004782438278198242
0.0024497509002685547
0.0015108585357666016
0.0
0.001505136489868164
0.0021295547485351562
0.0010197162628173828
0.0014452934265136719
0.0010077953338623047
0.001001119613647461
0.001512765884399414
0.0014798641204833984
0.0010111331939697266
0.0010018348693847656
0.0010018348693847656
0.0010018348693847656
0.0014989376068115234
0.0016880035400390625
0.0010061264038085938
0.001003265380859375
0.00099945068359375
0.0011775493621826172
0.0013151168823242188
0.0013968944549560547
0.0
0.002932310104370117
0.0010066032409667969
0.0020024776458740234
0.0018067359924316406
0.0011315345764160156
0.0014967918395996094
0.0013599395751953125
0.0
0.0034651756286621094
0.001005411148071289
0.0010213851928710938
0.001058816909790039
0.001065969467163086
0.0020160675048828125
0.0020797252655029297
0.0
0.0025110244750976562
0.0
0.002354145050048828
0.0010204315185546875
0.001608133316040039
0.0010418891906738281
0.0010304450988769531
0.0010762214660644531
0.0005047321319580078
0.0008571147918701172
0.0
0.0020046234130859375
0.0
0.005021572113037109
0.0010218620300292969
0.0015366077423095703
0.0019266605377197266
0.0010085105895996094
0.0010020732879638672
0.0010116100311279297
0.0010013580322265625
0.002022981643676758
0.0010039806365966797
0.0012509822845458984
0.0
0.0025963783264160156
0.0020799636840820312
0.0010864734649658203
0.0010013580322265625
0.0
0.0
0.002681732177734375
0.0
0.0035843849182128906
0.0
0.002005338668823242
0.0016605854034423828
0.0010094642639160156
0.0016925334930419922
0.0010688304901123047
0.0
0.001001596450805664
0.0013997554779052734
0.0010371208190917969
0.0017750263214111328
0.0
0.0029783248901367188
0.0
0.0
0.0
0.0
0.0
0.0
0.0
0.009918451309204102
0.0012249946594238281
0.0
0.0020055770874023438
0.0015347003936767578
0.0010089874267578125
0.0010988712310791016
0.00139617919921875
0.0015053749084472656
0.0012683868408203125
0.002794027328491211
0.0006818771362304688
0.0020055770874023438
0.0
0.0020055770874023438
0.0015063285827636719
0.0
0.0
0.0
0.0
0.0
0.0
0.007869720458984375
0.0016148090362548828
0.001035928726196289
0.0
0.005806684494018555
0.0010154247283935547
0.0010190010070800781
0.0
0.0016591548919677734
0.002285003662109375
0.0005409717559814453