0.002239227294921875
0.002038240432739258
0.0020177364349365234
0.0010035037994384766
0.001294851303100586
0.0025768280029296875
0.002214670181274414
0.004641056060791016
0.0032258033752441406
0.0024199485778808594
0.0021898746490478516
0.002009153366088867
0.002224445343017578
0.0035741329193115234
0.004533529281616211
0.0029463768005371094
0.002524852752685547
0.0033097267150878906
0.0020470619201660156
0.002333402633666992
0.002165079116821289
0.002006053924560547
0.0015070438385009766
0.0024640560150146484
0.0010037422180175781
0.0031995773315429688
0.002969980239868164
0.002349853515625
0.0022020339965820312
0.0029294490814208984
0.0036962032318115234
0.0020172595977783203
0.0020530223846435547
0.0021049976348876953
0.001367330551147461
0.002524852752685547
0.0020380020141601562
0.002022981643676758
0.0010042190551757812
0.001004934310913086
0.002012491226196289
0.002433300018310547
0.0020084381103515625
0.002014636993408203
0.002259492874145508
0.0034584999084472656
0.0033562183380126953
0.002999544143676758
0.0021245479583740234
0.003545522689819336
0.0017261505126953125
0.001384735107421875
0.0011265277862548828
0.0020318031311035156
0.002055644989013672
0.0022284984588623047
0.0020096302032470703
0.0010035037994384766
0.0015070438385009766
0.002307415008544922
0.002193927764892578
0.0010037422180175781
0.002767801284790039
0.0025086402893066406
0.002114534378051758
0.002370119094848633
0.003286123275756836
0.002521514892578125
0.002774953842163086
0.002124786376953125
0.0025691986083984375
0.002699613571166992
0.0021772384643554688
0.0013782978057861328
0.002531766891479492
0.003009796142578125
0.0011551380157470703
0.0023877620697021484
0.0022192001342773438
0.0020618438720703125
0.0043680667877197266
0.0035169124603271484
0.004705905914306641
0.002007722854614258
0.0029990673065185547
0.0019998550415039062
0.0011103153228759766
0.0025272369384765625
0.0022516250610351562
0.001123189926147461
0.00471043586730957
0.0
0.005574941635131836
0.0026857852935791016
0.0033371448516845703
0.003025531768798828
0.002437114715576172
0.0035538673400878906
0.003196239471435547
0.003409147262573242
0.0026636123657226562
0.004448413848876953
0.002471446990966797
0.0035703182220458984
0.0020041465759277344
0.0031845569610595703
0.0028951168060302734
0.0012822151184082031
0.0031545162200927734
0.002616405487060547
0.002002239227294922
0.0035123825073242188
0.0020847320556640625
0.003401517868041992
0.0030164718627929688
0.0037775039672851562
0.0033490657806396484
0.0018999576568603516
0.00511622428894043
0.0031206607818603516
0.0025272369384765625
0.003044605255126953
0.0010175704956054688
0.0036284923553466797
0.0015060901641845703
0.0010454654693603516
0.004087209701538086
0.0019998550415039062
0.001233816146850586
0.004528045654296875
0.0035715103149414062
0.002495288848876953
0.003609895706176758
0.0039997100830078125
0.003506898880004883
0.004018068313598633
0.0010325908660888672
0.0034978389739990234
0.004544734954833984
0.0032644271850585938
0.008281230926513672
0.004069089889526367
0.002483844757080078
0.004121303558349609
0.003950834274291992
0.0029883384704589844
0.0020601749420166016
0.0075244903564453125
0.005507707595825195
0.003902912139892578
0.0031633377075195312
0.002706289291381836
0.0021762847900390625
0.0023860931396484375
0.0025343894958496094
0.002521991729736328
0.0020024776458740234
0.0009996891021728516
0.0010004043579101562
0.0010004043579101562
0.0019991397857666016
0.0015082359313964844
0.0021872520446777344
0.001004934310913086
0.0021712779998779297
0.001003265380859375
0.0010061264038085938
0.0014796257019042969
0.0010519027709960938
0.0010042190551757812
0.0020079612731933594
0.0010280609130859375
0.0010051727294921875
0.0019512176513671875
0.003394603729248047
0.0016672611236572266
0.001165151596069336
0.0013039112091064453
0.002512216567993164
0.0011959075927734375
0.0010752677917480469
0.001310586929321289
0.0010030269622802734
0.002522706985473633
0.0020780563354492188
0.0015087127685546875
0.0020148754119873047
0.0020096302032470703
0.0009984970092773438
0.001999378204345703
0.0009999275207519531
0.0026607513427734375
0.0020072460174560547
0.0010030269622802734
0.002063751220703125
0.0019998550415039062
0.0025169849395751953
0.002068042755126953
0.0010836124420166016
0.0023713111877441406
0.0014657974243164062
0.002062559127807617
0.0024433135986328125
0.0021347999572753906
0.0010042190551757812
0.002041339874267578
0.0025196075439453125
0.002231121063232422
0.0032410621643066406
0.0020122528076171875
0.0015070438385009766
0.0020253658294677734
0.0021517276763916016
0.0022127628326416016
0.0010044574737548828
0.002496480941772461
0.002473115921020508
0.0010058879852294922
0.0010170936584472656
0.0022552013397216797
0.0010120868682861328
0.0025217533111572266
0.001054525375366211
0.0022940635681152344
0.0020165443420410156
0.001028299331665039
0.001003265380859375
0.0015063285827636719
0.002048492431640625
0.001032114028930664
0.002074003219604492
0.0010030269622802734
0.002115964889526367
0.0015063285827636719
0.00101470947265625
0.0020852088928222656
0.0012843608856201172
0.0015070438385009766
0.0010139942169189453
0.002155303955078125
0.0009996891021728516
0.002347230911254883
0.0010752677917480469
0.001003265380859375
0.0010030269622802734
0.0010020732879638672
0.0022208690643310547
0.0
0.0015056133270263672
0.0010035037994384766
0.0010030269622802734
0.0010046958923339844
0.001004934310913086
0.0010027885437011719
0.0010046958923339844
0.0010027885437011719
0.0009999275207519531
0.0010273456573486328
0.0011653900146484375
0.002409219741821289
0.0010426044464111328
0.0010275840759277344
0.0011794567108154297
0.0010082721710205078
0.00115203857421875
0.0010037422180175781
0.0010030269622802734
0.0010025501251220703
0.0010066032409667969
0.0010006427764892578
0.00238037109375
0.0
0.002548694610595703
0.0010037422180175781
0.0019996166229248047
0.0009996891021728516
0.0011773109436035156
0.0010046958923339844
0.0025107860565185547
0.0020313262939453125
0.0010027885437011719
0.0011494159698486328
0.0012264251708984375
0.0010793209075927734
0.0010030269622802734
0.002518177032470703
0.0030777454376220703
0.0013437271118164062
0.002073526382446289
0.0010035037994384766
0.0015053749084472656
0.002351045608520508
0.0010101795196533203
0.0020067691802978516
0.002161264419555664
0.0025742053985595703
0.003571033477783203
0.0013735294342041016
0.0024394989013671875
0.002507448196411133
0.0020112991333007812
0.0011980533599853516
0.001004934310913086
0.0026209354400634766
0.0022430419921875
0.0026383399963378906
0.002422332763671875
0.002196788787841797
0.0013065338134765625
0.0025103092193603516
0.002573251724243164
0.002218484878540039
0.002061128616333008
0.0010304450988769531
0.003365755081176758
0.002003192901611328
0.0009996891021728516
0.0020003318786621094
0.00099945068359375
0.0020003318786621094
0.0015056133270263672
0.0010676383972167969
0.002110719680786133
0.002009153366088867
0.0010025501251220703
0.0009999275207519531
0.002001047134399414
0.0015079975128173828
0.0010004043579101562
0.001999378204345703
0.0010006427764892578
0.0010001659393310547
0.0009996891021728516
0.002519369125366211
0.0009996891021728516
0.0020914077758789062
0.001004934310913086
0.002008676528930664
0.001003265380859375
0.0010044574737548828
0.0020532608032226562
0.0020151138305664062
0.0010972023010253906
0.001004934310913086
0.0020062923431396484
0.0020105838775634766
0.0015320777893066406
0.0010042190551757812
0.0010037422180175781
0.002674102783203125
0.0010652542114257812
0.0019969940185546875
0.0
0.0015058517456054688
0.002012491226196289
0.002001523971557617
0.0020008087158203125
0.002000093460083008
0.0010886192321777344
0.0021157264709472656
0.0010058879852294922
0.002010345458984375
0.0015070438385009766
0.0010304450988769531
0.0010118484497070312
0.0009999275207519531
0.0015056133270263672
0.001001596450805664
0.0022649765014648438
0.0010051727294921875
0.002501964569091797
0.0011591911315917969
0.0015060901641845703
0.002013683319091797
0.0010023117065429688
0.0011205673217773438
0.0020079612731933594
0.0024585723876953125
0.0015077590942382812
0.002123117446899414
0.001007080078125
0.0024673938751220703
0.002033233642578125
0.002508401870727539
0.0023772716522216797
0.0010952949523925781
0.002084970474243164
0.0022640228271484375
0.0010046958923339844
0.0009992122650146484
0.0011246204376220703
0.001486063003540039
0.0025539398193359375
0.0012056827545166016
0.0010037422180175781
0.0012865066528320312
0.0
0.002519369125366211
0.0022149085998535156
0.0010035037994384766
0.002007007598876953
0.0010030269622802734
0.0010046958923339844
0.0027709007263183594
0.00102996826171875
0.0010027885437011719
0.002021312713623047
0.002020120620727539
0.0020444393157958984
0.0015106201171875
0.001007080078125
0.0020415782928466797
0.0010025501251220703
0.0010192394256591797
0.0020046234130859375
0.0010051727294921875
0.0015058517456054688
0.0020160675048828125
0.0010876655578613281
0.0020110607147216797
0.0010542869567871094
0.0020020008087158203
0.001505136489868164
0.0010104179382324219
0.002002716064453125
0.0012316703796386719
0.001506805419921875
0.0010120868682861328
0.00112152099609375
0.0012767314910888672
0.0020477771759033203
0.0023758411407470703
0.0010030269622802734
0.0010113716125488281
0.002249479293823242
0.0012693405151367188
0.0015037059783935547
0.001001596450805664
0.002002239227294922
0.0019991397857666016
0.0010001659393310547
0.0019996166229248047
0.0015056133270263672
0.002345561981201172
0.0010030269622802734
0.00116729736328125
0.002124309539794922
0.0010044574737548828
0.0026421546936035156
0.001001596450805664
0.001001119613647461
0.0010004043579101562
0.0020003318786621094
0.0012083053588867188
0.0010061264038085938
0.0
0.0025479793548583984
0.002093076705932617
0.0010089874267578125
0.001073598861694336
0.0010027885437011719
0.0010023117065429688
0.0010020732879638672
0.0015058517456054688
0.0010166168212890625
0.0013413429260253906
0.0010333061218261719
0.001111745834350586
0.0011081695556640625
0.002123117446899414
0.0010030269622802734
0.001505136489868164
0.001039266586303711
0.0026464462280273438
0.001191854476928711
0.0014955997467041016
0.001215219497680664
0.0010404586791992188
0.0015072822570800781
0.001016378402709961
0.0020308494567871094
0.0010037422180175781
0.0010027885437011719
0.0014731884002685547
0.0024116039276123047
0.0010001659393310547
0.0
0.0025014877319335938
0.001504659652709961
0.002032756805419922
0.001007080078125
0.0010247230529785156
0.0016205310821533203
0.001020193099975586
0.0014307498931884766
0.0022912025451660156
0.001505136489868164
0.002156972885131836
0.0020072460174560547
0.00051116943359375
0.002021312713623047
0.0010063648223876953
0.0021064281463623047
0.0010030269622802734
0.001439809799194336
0.002621889114379883
0.0012595653533935547
0.002062559127807617
0.0010342597961425781
0.0010023117065429688
0.0020089149475097656
0.0015060901641845703
0.0010135173797607422
0.002010345458984375
0.0011792182922363281
0.002265453338623047
0.0020170211791992188
0.0
0.0015058517456054688
0.0020165443420410156
0.001108407974243164
0.002336263656616211
0.0010037422180175781
0.001003265380859375
0.0010037422180175781
0.0015056133270263672
0.0010828971862792969
0.0011837482452392578
0.0
0.0034923553466796875
0.0012309551239013672
0.002007007598876953
0.0015072822570800781
0.0010023117065429688
0.0010569095611572266
0.0023560523986816406
0.0020046234130859375
0.0010027885437011719
0.0010027885437011719
0.0025250911712646484
0.0010044574737548828
0.0010018348693847656
0.0012257099151611328
0.0011582374572753906
0.0021097660064697266
0.0009999275207519531
0.0015058517456054688
0.002366781234741211
0.0010030269622802734
0.001054525375366211
0.002019643783569336
0.0010020732879638672
0.0012607574462890625
0.002338886260986328
0.0010066032409667969
0.0025472640991210938
0.002006053924560547
0.0010144710540771484
0.0009999275207519531
0.0013456344604492188
0.0011212825775146484
0.0010035037994384766
0.0020036697387695312
0.0015101432800292969
0.00099945068359375
0.0010001659393310547
0.0015063285827636719
0.002312183380126953
0.0010042190551757812
0.0020198822021484375
0.001004934310913086
0.0010104179382324219
0.0023736953735351562
0.0010104179382324219
0.0010526180267333984
0.0010039806365966797
0.00107574462890625
0.0014276504516601562
0.0010981559753417969
0.0012862682342529297
0.003238677978515625
0.0030295848846435547
0.001209259033203125
0.0020089149475097656
0.0035881996154785156
0.0019998550415039062
0.0022611618041992188
0.0010001659393310547
0.002323627471923828
0.0010151863098144531
0.002188444137573242
0.0023353099822998047
0.0010819435119628906
0.0012364387512207031
0.0
0.0015056133270263672
0.002293109893798828
0.0010037422180175781
0.001003265380859375
0.0011410713195800781
0.0010039806365966797
0.0011973381042480469
0.001252889633178711
0.0015060901641845703
0.0020716190338134766
0.0010056495666503906
0.001012563705444336
0.0010385513305664062
0.0021386146545410156
0.001009225845336914
0.0010001659393310547
0.0
0.0014677047729492188
0.001005411148071289
0.001004934310913086
0.001003265380859375
0.0010035037994384766
0.0011479854583740234
0.0010080337524414062
0.0015063285827636719
0.002019643783569336
0.0010046958923339844
0.0020096302032470703
0.001004934310913086
0.0010046958923339844
0.0020058155059814453
0.0014042854309082031
0.0023288726806640625
0.0015063285827636719
0.0010194778442382812
0.0010023117065429688
0.0010645389556884766
0.0015056133270263672
0.0013699531555175781
0.0013060569763183594
0.001131296157836914
0.0010426044464111328
0.001043558120727539
0.0010027885437011719
0.0014171600341796875
0.0010094642639160156
0.0010001659393310547
0.0010461807250976562
0.00203704833984375
0.0010075569152832031
0.0020384788513183594
0.0011048316955566406
0.0010042190551757812
0.0
0.002521514892578125
0.0020723342895507812
0.0020208358764648438
0.0020143985748291016
0.0010035037994384766
0.0017664432525634766
0.0010139942169189453
0.0025048255920410156
0.0014691352844238281
0.002011537551879883
0.0014073848724365234
0.0015056133270263672
0.0020945072174072266
0.0021600723266601562
0.0013837814331054688
0.0010044574737548828
0.0020079612731933594
0.0015063285827636719
0.0010137557983398438
0.0010170936584472656
0.0013508796691894531
0.0024328231811523438
0.0013318061828613281
0.0013000965118408203
0.0015053749084472656
0.0012049674987792969
0.0017461776733398438
0.0011126995086669922
0.0012676715850830078
0.0018324851989746094
0.0015821456909179688
0.0010235309600830078
0.0011959075927734375
0.0014102458953857422
0.0012176036834716797
0.0020127296447753906
0.0010037422180175781
0.0010035037994384766
0.002519369125366211
0.0010035037994384766
0.0022284984588623047
0.0013897418975830078
0.0010035037994384766
0.0010030269622802734
0.0010030269622802734
0.0010728836059570312
0.001005411148071289
0.0010073184967041016
0.0013117790222167969
0.002019166946411133
0.001005411148071289
0.001356363296508789
0.002633810043334961
0.001367807388305664
0.0022535324096679688
0.00209808349609375
0.0014781951904296875
0.002618551254272461
0.0013394355773925781
0.0012423992156982422
0.0011332035064697266
0.002198934555053711
0.001424551010131836
0.0015063285827636719
0.0014026165008544922
0.002017974853515625
0.0010027885437011719
0.0012514591217041016
0.002008199691772461
0.001003265380859375
0.0
0.0025243759155273438
0.0011758804321289062
0.0011589527130126953
0.002042531967163086
0.0010035037994384766
0.001003265380859375
0.0010123252868652344
0.0015718936920166016
0.0022466182708740234
0.0013473033905029297
0.0010035037994384766
0.0010218620300292969
0.0012180805206298828
0.0014269351959228516
0.0010118484497070312
0.0010221004486083984
0.0024428367614746094
0.0010030269622802734
0.0009999275207519531
0.002000570297241211
0.0015056133270263672
0.0013489723205566406
0.0017910003662109375
0.0010027885437011719
0.0009992122650146484
0.0022161006927490234
0.0010035037994384766
0.0015058517456054688
0.0010330677032470703
0.0020089149475097656
0.0010495185852050781
0.0011315345764160156
0.0011458396911621094
0.0012710094451904297
0.0014028549194335938
0.0020875930786132812
0.001047372817993164
0.0010025501251220703
0.0020093917846679688
0.0
0.002496480941772461
0.001216888427734375
0.0015065670013427734
0.0020177364349365234
0.0010650157928466797
0.002004384994506836
0.0012412071228027344
0.00200653076171875
0.0
0.002519369125366211
0.0012803077697753906
0.0010075569152832031
0.0020389556884765625
0.001003265380859375
0.0010030269622802734
0.0010366439819335938
0.001506805419921875
0.0011551380157470703
0.0010039806365966797
0.0020132064819335938
0.0020105838775634766
0.0010120868682861328
0.001291513442993164
0.001506805419921875
0.0020189285278320312
0.0010292530059814453
0.0019986629486083984
0.0010004043579101562
0.0009999275207519531
0.0010001659393310547
0.0015079975128173828
0.001226186752319336
0.002011537551879883
0.0010061264038085938
0.0010175704956054688
0.002084493637084961
0.0011801719665527344
0.0015056133270263672
0.0010104179382324219
0.0022640228271484375
0.0010254383087158203
0.0011401176452636719
0.0010089874267578125
0.0020058155059814453
0.0
0.002524137496948242
0.0010039806365966797
0.0010025501251220703
0.0012447834014892578
0.0010042190551757812
0.0010023117065429688
0.0014319419860839844
0.0024423599243164062
0.0011239051818847656
0.0010030269622802734
0.001043081283569336
0.0022537708282470703
0.0011365413665771484
0.0
0.0
0.0036242008209228516
0.0020971298217773438
0.0010025501251220703
0.0020055770874023438
0.0010030269622802734
0.001004934310913086
0.0010790824890136719
0.0015070438385009766
0.0020508766174316406
0.0011625289916992188
0.0010030269622802734
0.002123594284057617
0.001039743423461914
0.0010066032409667969
0.0015065670013427734
0.0010123252868652344
0.0023283958435058594
0.0010106563568115234
0.0020210742950439453
0.0010128021240234375
0.0010027885437011719
0.0016307830810546875
0.0010142326354980469
0.0010638236999511719
0.002075672149658203
0.0010046958923339844
0.0010051727294921875
0.0010046958923339844
0.0021071434020996094
0.0010001659393310547
0.0010747909545898438
0.0010025501251220703
0.0010099411010742188
0.0010042190551757812
0.0010030269622802734
0.003472566604614258
0.0013115406036376953
0.0010597705841064453
0.0022101402282714844
0.0010128021240234375
0.0020580291748046875
0.001230478286743164
0.0015056133270263672
0.0010111331939697266
0.0011909008026123047
0.0021262168884277344
0.0010035037994384766
0.0010247230529785156
0.0
0.002330303192138672
0.0013759136199951172
0.002012491226196289
0.0010046958923339844
0.001016855239868164
0.0011057853698730469
0.0021514892578125
0.0015065670013427734
0.0020155906677246094
0.0010004043579101562
0.001998424530029297
0.0013303756713867188
0.0010039806365966797
0.0011546611785888672
0.0015065670013427734
0.0010106563568115234
0.0021696090698242188
0.0010046958923339844
0.0010890960693359375
0.0010030269622802734
0.0010497570037841797
0.0011210441589355469
0.0015082359313964844
0.0013380050659179688
0.0012946128845214844
0.0020055770874023438
0.001154184341430664
0.0011043548583984375
0.0010042190551757812
0.0010039806365966797
0.0009992122650146484
0.0024635791778564453
0.001129150390625
0.0010030269622802734
0.0012259483337402344
0.00200653076171875
0.0011010169982910156
0.0020165443420410156
0.0014543533325195312
0.0014767646789550781
0.002584695816040039
0.0010061264038085938
0.001003265380859375
0.001505136489868164
0.0010120868682861328
0.0020072460174560547
0.0010552406311035156
0.0010035037994384766
0.0014541149139404297
0.0012123584747314453
0.001003265380859375
0.001506805419921875
0.0010170936584472656
0.0012900829315185547
0.0020639896392822266
0.0010159015655517578
0.002079486846923828
0.0010075569152832031
0.0025224685668945312
0.0012865066528320312
0.001321554183959961
0.001003265380859375
0.001317739486694336
0.002059459686279297
0.0018846988677978516
0.0014493465423583984
0.00200653076171875
0.0009996891021728516
0.0010013580322265625
0.0009999275207519531
0.0014736652374267578
0.0018756389617919922
0.0010306835174560547
0.002006053924560547
0.0010039806365966797
0.0022077560424804688
0.0
0.002453327178955078
0.0
0.0025200843811035156
0.0010046958923339844
0.0011072158813476562
0.0011539459228515625
0.002134084701538086
0.0010023117065429688
0.0010986328125
0.0015060901641845703
0.0020787715911865234
0.0010027885437011719
0.001107931137084961
0.0010902881622314453
0.002384662628173828
0.0010020732879638672
0.0010008811950683594
0.0024361610412597656
0.0010495185852050781
0.0010199546813964844
0.0010149478912353516
0.00213623046875
0.0010042190551757812
0.0015058517456054688
0.0
0.0010037422180175781
0.0010025501251220703
0.0010080337524414062
0.0021162033081054688
0.0010085105895996094
0.001506805419921875
0.0011763572692871094
0.0011441707611083984
0.002152681350708008
0.0009996891021728516
0.0005049705505371094
0.002329587936401367
0.0
0.0026259422302246094
0.001146078109741211
0.0012860298156738281
0.002040863037109375
0.0010025501251220703
0.0010459423065185547
0.0022602081298828125
0.0012066364288330078
0.0010073184967041016
0.0022063255310058594
0.0020449161529541016
0.0010063648223876953
0.0010035037994384766
0.0015060901641845703
0.002494335174560547
0.0020635128021240234