0.0
0.0
0.0
0.0
0.0
0.0
0.0
0.0
0.015939712524414062
0.0
0.0
0.0
0.0
0.0
0.0
0.0
0.0
0.0
0.0
0.016119003295898438
0.0
0.0
0.0
0.0
0.0
0.0
0.0
0.0
0.0
0.0
0.015886783599853516
0.0
0.0
0.0
0.0
0.0
0.0
0.0
0.0
0.0
0.0
0.0
0.0
0.0
0.0
0.0
0.0
0.0
0.0
0.0
0.0
0.01598358154296875
0.0
0.0
0.0
0.0
0.0
0.0
0.0
0.0
0.0
0.0
0.015889644622802734
0.0
0.0
0.0
0.0
0.0
0.0
0.0
0.0
0.0
0.0
0.015758752822875977
0.0
0.0
0.0
0.0
0.0
0.0
0.0
0.0
0.0
0.0
0.0
0.0
0.015954017639160156
0.0
0.0
0.0
0.0
0.0
0.0
0.0
0.0
0.0
0.0
0.0
0.0
0.0
0.015685558319091797
0.0
0.0
0.0
0.0
0.0
0.0
0.0
0.0
0.0
0.0
0.0
0.0
0.015699148178100586
0.0
0.0
0.0
0.0
0.0
0.0
0.0
0.0
0.0
0.0
0.0
0.0
0.015630483627319336
0.0
0.0
0.0
0.0
0.0
0.0
0.0
0.0
0.0
0.0
0.0
0.0
0.015723705291748047
0.0
0.0
0.0
0.0
0.0
0.0
0.0
0.0
0.0
0.0
0.015931367874145508
0.0
0.0
0.0
0.0
0.0
0.0
0.0
0.0
0.0
0.016955852508544922
0.0010001659393310547
0.0011560916900634766
0.0020062923431396484
0.00112152099609375
0.0010023117065429688
0.001001596450805664
0.0010449886322021484
0.0011980533599853516
0.0017380714416503906
0.0
0.0
0.0
0.0
0.0
0.0
0.0
0.0
0.0
0.0
0.0
0.0
0.014913558959960938
0.0
0.0
0.0
0.0
0.0
0.0
0.0
0.0
0.0
0.0
0.0
0.0
0.0156552791595459
0.0
0.0
0.0
0.0
0.0
0.0
0.0
0.0
0.0
0.0
0.0
0.0
0.015635251998901367
0.0
0.0
0.0
0.0
0.0
0.0
0.0
0.0
0.0
0.0
0.0
0.0
0.0
0.01604938507080078
0.0
0.0
0.003526449203491211
0.0
0.0
0.0
0.0
0.0
0.0
0.0
0.0
0.0
0.012120723724365234
0.0
0.0
0.0
0.0
0.0
0.0
0.0
0.0
0.0
0.0
0.0
0.0
0.015639543533325195
0.0
0.0
0.0
0.0
0.0
0.0
0.0
0.0
0.0
0.0
0.0
0.015980958938598633
0.0
0.002833843231201172
0.0
0.0
0.0
0.0
0.0
0.0
0.0
0.01082468032836914
0.0020055770874023438
0.0
0.0
0.0
0.0
0.0
0.0
0.0
0.0
0.0
0.0
0.0
0.015744924545288086
0.0
0.0
0.0
0.0
0.0
0.0
0.0
0.0
0.0
0.0
0.0
0.0
0.0
0.0
0.015678882598876953
0.0
0.0
0.0
0.0
0.0
0.0
0.0
0.0
0.0
0.0
0.0
0.0
0.01563286781311035
0.0
0.0
0.0
0.0
0.0
0.0
0.0
0.0
0.0
0.0
0.0
0.0
0.01563858985900879
0.0
0.0
0.0
0.0
0.0
0.0
0.0
0.0
0.0
0.0
0.0
0.015771150588989258
0.0
0.0
0.0
0.0
0.008482933044433594
0.0
0.0020058155059814453
0.0
0.0
0.0052645206451416016
0.0
0.0
0.0047757625579833984
0.0020058155059814453
0.0020051002502441406
0.0
0.0
0.0
0.0
0.006874799728393555
0.0
0.0
0.0
0.0
0.007958650588989258
0.0
0.0
0.0
0.0
0.00774836540222168
0.0
0.0
0.0
0.0
0.0
0.0
0.0
0.0
0.0
0.0
0.015886545181274414
0.0
0.0
0.0
0.0
0.0
0.0
0.0
0.0
0.0
0.0
0.0
0.0
0.0
0.015761375427246094
0.0
0.0
0.0
0.0
0.0
0.0
0.0
0.0
0.0
0.0
0.0
0.0
0.01588153839111328
0.0
0.0
0.0
0.005900859832763672
0.0
0.00200653076171875
0.002006053924560547
0.002005338668823242
0.002005338668823242
0.0
0.0017440319061279297
0.0
0.0
0.0
0.008037805557250977
0.0005049705505371094
0.0
0.003163576126098633
0.0
0.0036346912384033203
0.0
0.0020062923431396484
0.0025594234466552734
0.0
0.002006053924560547
0.0020182132720947266
0.0
0.0020055770874023438
0.0
0.0
0.005052328109741211
0.0020062923431396484
0.0
0.0020303726196289062
0.002004861831665039
0.002005338668823242
0.0
0.0020051002502441406
0.0020055770874023438
0.0020055770874023438
0.0
0.0016856193542480469
0.0
0.0
0.0
0.0
0.0
0.0
0.0
0.0099945068359375
0.0020062923431396484
0.0
0.002028942108154297
0.0
0.0
0.0
0.0
0.0
0.0
0.0
0.0
0.0
0.01569533348083496
0.0
0.0
0.0
0.0
0.0
0.0
0.0
0.0
0.01268148422241211
0.002007007598876953
0.001005411148071289
0.0
0.0
0.0
0.0
0.0
0.0
0.0
0.0
0.011958599090576172
0.002010345458984375
0.0
0.0017559528350830078
0.0
0.0
0.0
0.0
0.0
0.0
0.0
0.0
0.0
0.0
0.0
0.015633344650268555
0.0
0.0
0.0
0.0
0.0
0.0
0.0
0.0
0.0
0.0
0.0
0.0
0.0
0.015722036361694336
0.0
0.0
0.0
0.0
0.0
0.0
0.0
0.0
0.0
0.0
0.0
0.0
0.015636444091796875
0.0
0.0
0.0
0.0
0.0
0.0
0.0
0.0
0.0
0.0
0.0
0.01571035385131836
0.0
0.0
0.0
0.0
0.0
0.0
0.0
0.0
0.0
0.015972375869750977
0.0
0.0
0.0
0.0
0.0
0.0
0.0
0.0
0.0
0.0
0.016036033630371094
0.0
0.0
0.0
0.0
0.0
0.0
0.0
0.0
0.0
0.0
0.016033411026000977
0.0
0.0
0.0
0.0
0.0
0.0
0.0
0.0
0.0
0.0
0.0
0.015723228454589844
0.0
0.0
0.0
0.00823211669921875
0.0020818710327148438
0.0030231475830078125
0.0013349056243896484
0.0
0.0
0.0
0.006718158721923828
0.0010025501251220703
0.001001596450805664
0.0012061595916748047
0.002004384994506836
0.0006661415100097656
0.001043081283569336
0.001085519790649414
0.0021648406982421875
0.0010135173797607422
0.001001596450805664
0.0010290145874023438
0.0
0.0
0.0
0.0
0.0
0.0
0.0
0.0
0.0
0.0
0.0
0.0
0.01563715934753418
0.0
0.0
0.0
0.0
0.0
0.0
0.0
0.0
0.0
0.013059377670288086
0.0029163360595703125
0.0013155937194824219
0.0018391609191894531
0.0011830329895019531
0.001005411148071289
0.0010023117065429688
0.0010023117065429688
0.0017714500427246094
0.0011210441589355469
0.0010025501251220703
0.002088308334350586
0.0010020732879638672
0.0010020732879638672
0.002146005630493164
0.0010023117065429688
0.0010020732879638672
0.001001596450805664
0.001171112060546875
0.0012044906616210938
0.0
0.0
0.0
0.0
0.0
0.0
0.0
0.0
0.0
0.0
0.0
0.0
0.015683889389038086
0.0
0.0
0.0043299198150634766
0.0010006427764892578
0.002198934555053711
0.0010025501251220703
0.0010020732879638672
0.0010242462158203125
0.0011105537414550781
0.001094818115234375
0.002088308334350586
0.0010020732879638672
0.0010118484497070312
0.0010018348693847656
0.0008051395416259766
0.0
0.0
0.0
0.0
0.0
0.0
0.0
0.0
0.0
0.0
0.0
0.0
0.0
0.014858245849609375
0.0
0.0
0.0
0.0
0.0
0.0
0.0
0.0
0.0
0.012373208999633789
0.002198457717895508
0.002114534378051758
0.0010035037994384766
0.0010037422180175781
0.002004861831665039
0.0
0.0
0.0
0.0
0.006144285202026367
0.0023784637451171875
0.0010035037994384766
0.0010030269622802734
0.001003265380859375
0.0017514228820800781
0.0010750293731689453
0.0011138916015625
0.0
0.0014760494232177734
0.001003265380859375
0.001003265380859375
0.0010030269622802734
0.001003265380859375
0.0
0.0
0.0
0.0
0.0
0.0
0.0
0.0
0.0
0.0
0.0
0.0
0.0
0.01563119888305664
0.0
0.0
0.0
0.006117582321166992
0.0009999275207519531
0.0010447502136230469
0.0
0.0014653205871582031
0.0013904571533203125
0.0010619163513183594
0.0010037422180175781
0.0020051002502441406
0.001013040542602539
0.0010023117065429688
0.0008571147918701172
0.0
0.0
0.0
0.0
0.0
0.0
0.0
0.0
0.0
0.0
0.0
0.014789819717407227
0.0
0.0
0.0
0.0
0.0
0.0
0.0
0.0
0.0
0.0
0.0
0.014647960662841797
0.0009999275207519531
0.0012116432189941406
0.001003265380859375
0.0010025501251220703
0.0013093948364257812
0.001081228256225586
0.0010023117065429688
0.0021209716796875
0.0010342597961425781
0.0010023117065429688
0.0006518363952636719
0.0
0.0
0.0
0.0
0.0
0.0
0.0
0.0
0.0
0.0
0.014980554580688477
0.0
0.0
0.0
0.0
0.0
0.0
0.0
0.0
0.0
0.0
0.0
0.0
0.015644311904907227
0.0
0.0
0.0
0.0
0.0
0.0
0.0
0.0
0.0
0.0
0.0
0.0
0.0
0.015636444091796875
0.0
0.0
0.0
0.0
0.0
0.0
0.0
0.0
0.0
0.0
0.0
0.0
0.015641212463378906
0.0
0.0
0.0
0.0
0.0
0.0
0.0
0.0
0.0
0.0
0.0
0.0
0.015664100646972656
0.0
0.0
0.0
0.0
0.0
0.0
0.0
0.0
0.0
0.0
0.0
0.0
0.0
0.0
0.0
0.0
0.0
0.0
0.0
0.0
0.0
0.0
0.0
0.0
0.0
0.01583576202392578
0.0
0.0
0.0
0.0
0.0
0.0
0.0
0.0
0.0
0.0
0.0
0.0
0.01564192771911621
0.0
0.0
0.0
0.0
0.0
0.0
0.0
0.0
0.0
0.0
0.0
0.0
0.015654563903808594
0.0
0.0
0.0
0.0
0.0
0.0
0.0
0.0
0.0
0.0
0.0
0.0
0.015643596649169922
0.0
0.0
0.0
0.0
0.0
0.0
0.0
0.0
0.0
0.0
0.0
0.0
0.015642166137695312
0.0
0.0
0.0
0.0
0.0
0.0
0.0
0.0
0.0
0.0
0.0
0.01605963706970215
0.0
0.0
0.0
0.0
0.0
0.0
0.0
0.0
0.0
0.0
0.015751123428344727
0.0
0.0
0.0
0.0
0.0
0.0
0.0
0.0
0.0
0.0
0.0
0.0
0.0
0.0
0.0
0.0
0.0
0.0
0.0
0.0
0.015954256057739258
0.0
0.0
0.0
0.0
0.0
0.0
0.0
0.0
0.0
0.0
0.0
0.0
0.0
0.0
0.0
0.0
0.015659332275390625
0.0
0.0
0.0
0.0
0.0
0.0
0.0
0.0