0.0065038204193115234
0.0033469200134277344
0.004753589630126953
0.003497600555419922
0.0041887760162353516
0.0038084983825683594
0.004029989242553711
0.0035219192504882812
0.0029997825622558594
0.005377531051635742
0.0020055770874023438
0.0
0.011154890060424805
0.004291057586669922
0.0036096572875976562
0.0031037330627441406
0.004836320877075195
0.004247426986694336
0.00410151481628418
0.004662752151489258
0.004429340362548828
0.004034519195556641
0.002259969711303711
0.0043735504150390625
0.003999948501586914
0.0055310726165771484
0.004002094268798828
0.004900217056274414
0.005060434341430664
0.004430532455444336
0.004561662673950195
0.0033524036407470703
0.0
0.008316516876220703
0.0053119659423828125
0.0033986568450927734
0.00443267822265625
0.005303144454956055
0.0032792091369628906
0.004019021987915039
0.0021533966064453125
0.0037512779235839844
0.004592418670654297
0.003808259963989258
0.003300189971923828
0.004847526550292969
0.00397491455078125
0.00209808349609375
0.0044651031494140625
0.0049250125885009766
0.0010001659393310547
0.005673646926879883
0.002006053924560547
0.0060732364654541016
0.0049991607666015625
0.003273487091064453
0.00433802604675293
0.004323482513427734
0.0032036304473876953
0.0037186145782470703
0.0042493343353271484
0.00447535514831543
0.004050254821777344
0.00250244140625
0.0043256282806396484
0.004504203796386719
0.0032851696014404297
0.0037004947662353516
0.0045108795166015625
0.004293918609619141
0.003004312515258789
0.0042989253997802734
0.005002021789550781
0.0039997100830078125
0.0034275054931640625
0.0044994354248046875
0.0044443607330322266
0.005090475082397461
0.003498077392578125
0.0036420822143554688
0.003567934036254883
0.004769325256347656
0.0030112266540527344
0.0034279823303222656
0.003263235092163086
0.003282785415649414
0.0034422874450683594
0.0037767887115478516
0.0031461715698242188
0.002462148666381836
0.0034935474395751953
0.0041959285736083984
0.0030007362365722656
0.004096031188964844
0.0036580562591552734
0.0032935142517089844
0.004748344421386719
0.0030164718627929688
0.0031363964080810547
0.003914594650268555
0.00440669059753418
0.002592802047729492
0.0034584999084472656
0.0044612884521484375
0.004272937774658203
0.004572391510009766
0.0022809505462646484
0.00432896614074707
0.003933906555175781
0.0024690628051757812
0.0053713321685791016
0.004491090774536133
0.002966165542602539
0.00457453727722168
0.0033986568450927734
0.003386974334716797
0.003837108612060547
0.0033016204833984375
0.003087759017944336
0.003526926040649414
0.004098653793334961
0.0021810531616210938
0.003543376922607422
0.0030837059020996094
0.004095792770385742
0.00559234619140625
0.0031652450561523438
0.003968954086303711
0.002430438995361328
0.0066869258880615234
0.0021839141845703125
0.004225730895996094
0.0035076141357421875
0.00432276725769043
0.002701282501220703
0.0
0.0054378509521484375
0.0
0.009843587875366211
0.004320383071899414
0.006109714508056641
0.005196809768676758
0.002853870391845703
0.004173755645751953
0.004286050796508789
0.0033855438232421875
0.0034809112548828125
0.005567312240600586
0.005149364471435547
0.005030393600463867
0.004042387008666992
0.0037207603454589844
0.0023381710052490234
0.0034902095794677734
0.004859209060668945
0.0030024051666259766
0.004067659378051758
0.005168914794921875
0.0023403167724609375
0.0
0.009393453598022461
0.00411677360534668
0.0032317638397216797
0.004494428634643555
0.004022359848022461
0.004373788833618164
0.0030028820037841797
0.005066633224487305
0.003611326217651367
0.0041446685791015625
0.0034513473510742188
0.003452301025390625
0.0032262802124023438
0.0041656494140625
0.0030078887939453125
0.004619598388671875
0.0049207210540771484
0.0028090476989746094
0.004304647445678711
0.0031769275665283203
0.004525423049926758
0.0038034915924072266
0.00403594970703125
0.0020089149475097656
0.0
0.008946895599365234
0.004094839096069336
0.0045108795166015625
0.004727363586425781
0.003721952438354492
0.002999544143676758
0.0038368701934814453
0.002000093460083008
0.0046231746673583984
0.004156351089477539
0.005634307861328125
0.0034029483795166016
0.004607439041137695
0.00347137451171875
0.004427433013916016
0.00414276123046875
0.004612922668457031
0.004271268844604492
0.004098176956176758
0.00406956672668457
0.004147529602050781
0.003529071807861328
0.003530263900756836
0.0032052993774414062
0.0026574134826660156
0.0044934749603271484
0.0020062923431396484
0.0066852569580078125
0.0034880638122558594
0.0046215057373046875
0.003190279006958008
0.0033342838287353516
0.003688812255859375
0.003625631332397461
0.004730701446533203
0.0035026073455810547
0.0042345523834228516
0.0040967464447021484
0.0036954879760742188
0.003222227096557617
0.005011320114135742
0.003123044967651367
0.0028607845306396484
0.003195524215698242
0.004767656326293945
0.0036368370056152344
0.0042417049407958984
0.004460573196411133
0.004633903503417969
0.0
0.005577802658081055
0.0
0.010548114776611328
0.004152536392211914
0.004691600799560547
0.003530740737915039
0.0034635066986083984
0.004148244857788086
0.0038008689880371094
0.004022121429443359
0.003912925720214844
0.005010366439819336
0.0034558773040771484
0.004137992858886719
0.0042667388916015625
0.003538370132446289
0.004599571228027344
0.0038483142852783203
0.0031969547271728516
0.004688262939453125
0.003415346145629883
0.0036911964416503906
0.003973484039306641
0.003313779830932617
0.002987384796142578
0.004335165023803711
0.0
0.008307933807373047
0.005231380462646484
0.0045795440673828125
0.002705097198486328
0.004706144332885742
0.003741741180419922
0.002999544143676758
0.0032129287719726562
0.0035560131072998047
0.003601551055908203
0.004823923110961914
0.003260374069213867
0.004248619079589844
0.004238605499267578
0.004101276397705078
0.003789663314819336
0.0035734176635742188
0.0034322738647460938
0.003451108932495117
0.004319906234741211
0.004326343536376953
0.003571033477783203
0.0045015811920166016
0.0
0.0072100162506103516
0.0032727718353271484
0.004570484161376953
0.00396418571472168
0.004626750946044922
0.00436091423034668
0.003000020980834961
0.005266427993774414
0.004032135009765625
0.0019998550415039062
0.005233287811279297
0.0021982192993164062
0.0037147998809814453
0.0031375885009765625
0.004166126251220703
0.004508018493652344
0.0035088062286376953
0.0025701522827148438
0.0
0.006138801574707031
0.007068157196044922
0.0044078826904296875
0.003667116165161133
0.0031671524047851562
0.0033156871795654297
0.005095720291137695
0.0042226314544677734
0.004000186920166016
0.003381967544555664
0.0034437179565429688
0.0029256343841552734
0.0020110607147216797
0.004697322845458984
0.004091024398803711
0.0035772323608398438
0.0030002593994140625
0.004063606262207031
0.003391742706298828
0.0034322738647460938
0.0032868385314941406
0.0048711299896240234
0.003312826156616211
0.0031414031982421875
0.0037925243377685547
0.004408597946166992
0.004468679428100586
0.004361629486083984
0.004671812057495117
0.003270387649536133
0.003879547119140625
0.0032019615173339844
0.004320859909057617
0.004283905029296875
0.0041315555572509766
0.003039836883544922
0.004232645034790039
0.003506183624267578
0.0030307769775390625
0.004823207855224609
0.0030527114868164062
0.0048809051513671875
0.0033011436462402344
0.004138469696044922
0.004000425338745117
0.004399776458740234
0.004285097122192383
0.004489421844482422
0.0031273365020751953
0.003324270248413086
0.002413511276245117
0.004427671432495117
0.0025980472564697266
0.00410008430480957
0.004266023635864258
0.00426483154296875
0.003176450729370117
0.0
0.0
0.009990692138671875
0.00400233268737793
0.0036292076110839844
0.004413127899169922
0.003191232681274414
0.0044362545013427734
0.002902984619140625
0.005079984664916992
0.005149364471435547
0.0032074451446533203
0.004519939422607422
0.004817008972167969
0.002194643020629883
0.004534721374511719
0.003294706344604492
0.004483222961425781
0.004369020462036133
0.0037708282470703125
0.0023200511932373047
0.005871295928955078
0.004700660705566406
0.004366397857666016
0.0036728382110595703
0.00445103645324707
0.0020978450775146484
0.0030651092529296875
0.003283262252807617
0.005200386047363281
0.0031347274780273438
0.003368377685546875
0.0036215782165527344
0.004118442535400391
0.003906726837158203
0.003002643585205078
0.003360271453857422
0.0033724308013916016
0.0042285919189453125
0.003000020980834961
0.004544734954833984
0.003864765167236328
0.003790616989135742
0.0033066272735595703
0.003943443298339844
0.0026273727416992188
0.004381418228149414
0.004339933395385742
0.004000186920166016
0.0023865699768066406
0.0032808780670166016
0.004895210266113281
0.0
0.006381034851074219
0.0026373863220214844
0.0
0.008105754852294922
0.0033414363861083984
0.0019788742065429688
0.003165721893310547
0.003433704376220703
0.00410151481628418
0.003457307815551758
0.004707813262939453
0.003444194793701172
0.0034880638122558594
0.00410008430480957
0.003999948501586914
0.003000497817993164
0.003999471664428711
0.004244565963745117
0.003837108612060547
0.007506847381591797
0.0031027793884277344
0.005076408386230469
0.003592967987060547
0.0034711360931396484
0.0032308101654052734
0.0025610923767089844
0.00478363037109375
0.003975629806518555
0.003170490264892578
0.004649162292480469
0.0030562877655029297
0.003391742706298828
0.0031604766845703125
0.003658771514892578
0.0046503543853759766
0.0033347606658935547
0.004328727722167969
0.003856182098388672
0.0023822784423828125
0.002321481704711914
0.00616908073425293
0.003999948501586914
0.003999948501586914
0.003000020980834961
0.0036764144897460938
0.004521608352661133
0.0032367706298828125
0.0052683353424072266
0.004581451416015625
0.003487825393676758
0.002317190170288086
0.0030002593994140625
0.003215312957763672
0.005568027496337891
0.0023832321166992188
0.005272865295410156
0.004721641540527344
0.0031774044036865234
0.004159212112426758
0.0031938552856445312
0.0033407211303710938
0.0041811466217041016
0.0041141510009765625
0.0035936832427978516
0.002084493637084961
0.0036363601684570312
0.0034384727478027344
0.004547119140625
0.005052804946899414
0.003332376480102539
0.003489255905151367
0.0036132335662841797
0.004000186920166016
0.0034651756286621094
0.003107786178588867
0.0033597946166992188
0.0037157535552978516
0.0037384033203125
0.0037136077880859375
0.0
0.00679469108581543
0.0036847591400146484
0.004161357879638672
0.004199981689453125
0.0040895938873291016
0.0021619796752929688
0.003538370132446289
0.0030107498168945312
0.002286672592163086
0.0033943653106689453
0.003177165985107422
0.0041925907135009766
0.003633260726928711
0.00429534912109375
0.002490520477294922
0.004143476486206055
0.0033311843872070312
0.004250288009643555
0.0037682056427001953
0.003132343292236328
0.0030670166015625
0.0034570693969726562
0.004452943801879883
0.00441288948059082
0.0038270950317382812
0.002237558364868164
0.0027692317962646484
0.005471944808959961
0.0054895877838134766
0.004183053970336914
0.00416254997253418
0.0033473968505859375
0.0037114620208740234
0.0033805370330810547
0.0030364990234375
0.00423121452331543
0.0035042762756347656
0.003337860107421875
0.0028073787689208984
0.002443075180053711
0.0023882389068603516
0.0037004947662353516
0.0038259029388427734
0.0030002593994140625
0.004630327224731445
0.004721403121948242
0.0026831626892089844
0.0036199092864990234
0.004045963287353516
0.003477811813354492
0.0037832260131835938
0.003114461898803711
0.0031261444091796875
0.0029997825622558594
0.0028638839721679688
0.0049779415130615234
0.0035784244537353516
0.0042645931243896484
0.002385377883911133
0.0035247802734375
0.0033464431762695312
0.002999544143676758
0.003579854965209961
0.003362894058227539
0.003125429153442383
0.004369974136352539
0.004252195358276367
0.0031838417053222656
0.004103422164916992
0.0029997825622558594
0.006725311279296875
0.005354642868041992
0.003331422805786133
0.0032608509063720703
0.003519296646118164
0.0033626556396484375
0.004426717758178711
0.0047931671142578125
0.003605365753173828
0.002000093460083008
0.0033392906188964844
0.004074811935424805
0.0038526058197021484
0.0029942989349365234
0.005733966827392578
0.004197120666503906
0.0022666454315185547
0.003475666046142578
0.003120899200439453
0.0033996105194091797
0.003548860549926758
0.0023729801177978516
0.0036106109619140625
0.0031201839447021484
0.0
0.004629611968994141
0.003943920135498047
0.004918336868286133
0.004229068756103516
0.0022377967834472656
0.004227399826049805
0.0033266544342041016
0.003000497817993164
0.0040972232818603516
0.003008127212524414
0.003378152847290039
0.003747224807739258
0.003712177276611328
0.004007577896118164
0.0008516311645507812
0.003587007522583008
0.004442453384399414
0.0030019283294677734
0.003452301025390625
0.003427743911743164
0.003728151321411133
0.0033082962036132812
0.004421710968017578
0.003901958465576172
0.00359344482421875
0.0031049251556396484
0.0042002201080322266
0.005237579345703125
0.002187013626098633
0.0020728111267089844
0.005164384841918945
0.00525665283203125
0.0035026073455810547
0.004119873046875
0.005281925201416016
0.004006147384643555
0.004293680191040039
0.0033097267150878906
0.00211334228515625
0.004572868347167969
0.0052759647369384766
0.0030705928802490234
0.0030002593994140625
0.004999876022338867
0.003572225570678711
0.003477811813354492
0.0034139156341552734
0.003750324249267578
0.004238128662109375
0.004271984100341797
0.003530740737915039
0.003556489944458008
0.004626274108886719
0.003252744674682617
0.0031893253326416016
0.004416227340698242
0.004125118255615234
0.003197908401489258
0.004000186920166016
0.003488779067993164
0.004419565200805664
0.004330873489379883
0.004033565521240234
0.0035247802734375
0.004547119140625
0.004720926284790039
0.0030002593994140625
0.0024547576904296875
0.004277706146240234
0.005041599273681641
0.0029993057250976562
0.004420280456542969
0.003477811813354492
0.004398345947265625
0.006045818328857422
0.0034728050231933594
0.004616737365722656
0.003139495849609375
0.004586696624755859
0.0051422119140625
0.004269123077392578
0.005716085433959961
0.004345417022705078
0.004765987396240234
0.003299713134765625
0.00400233268737793
0.003232240676879883
0.004245758056640625
0.003174304962158203
0.0031201839447021484
0.004149675369262695
0.0022881031036376953
0.005246639251708984
0.004942417144775391
0.003358602523803711
0.003351926803588867
0.003129720687866211
0.004393339157104492
0.004327297210693359
0.003432035446166992
0.0040950775146484375
0.0027861595153808594
0.004399776458740234
0.003276348114013672
0.0047702789306640625
0.0044252872467041016
0.0035729408264160156
0.003829479217529297
0.0029997825622558594
0.0030069351196289062
0.0034165382385253906
0.004019737243652344
0.004211902618408203
0.003462553024291992
0.0035958290100097656
0.0034027099609375
0.002549409866333008
0.0030624866485595703
0.0038759708404541016
0.0020656585693359375
0.003999948501586914
0.003339052200317383
0.0030870437622070312
0.004456281661987305
0.00507044792175293
0.004190921783447266
0.0034456253051757812
0.0028498172760009766
0.004179716110229492
0.0031366348266601562
0.004292964935302734
0.003106832504272461
0.003475189208984375
0.00413966178894043
0.0031516551971435547
0.002079010009765625
0.0050923824310302734
0.002005338668823242
0.006516933441162109
0.004085063934326172
0.0044858455657958984
0.003999948501586914
0.0030975341796875
0.0042378902435302734
0.004067897796630859
0.003463268280029297
0.004400968551635742
0.0032045841217041016
0.002560138702392578
0.003292083740234375
0.0036230087280273438
0.004021644592285156
0.0035407543182373047
0.004942178726196289
0.0031385421752929688
0.0036127567291259766
0.0037267208099365234
0.0041697025299072266
0.001998424530029297
0.0045931339263916016
0.003031015396118164
0.0030367374420166016
0.0031898021697998047
0.004909515380859375
0.003641843795776367
0.0030400753021240234
0.003805398941040039
0.0038139820098876953
0.004392147064208984
0.002112865447998047
0.004184246063232422
0.003999948501586914
0.003194570541381836
0.003426074981689453
0.003247976303100586
0.002492189407348633
0.003101348876953125
0.003372669219970703
0.0030641555786132812
0.0036165714263916016
0.003497600555419922
0.004131793975830078
0.003767251968383789
0.00462031364440918
0.005023479461669922
0.0036590099334716797
0.003074169158935547
0.003410816192626953
0.003603219985961914
0.002176046371459961
0.0031249523162841797
0.004652738571166992
0.003129243850708008
0.0031909942626953125
0.003002166748046875
0.003000020980834961
0.003331899642944336
0.002572298049926758
0.003837108612060547
0.0042035579681396484
0.003782510757446289
0.0040836334228515625
0.003965616226196289
0.0037469863891601562
0.004268646240234375
0.0043413639068603516
0.003660440444946289
0.003384113311767578
0.00511932373046875
0.0034074783325195312
0.0030028820037841797
0.004557371139526367
0.004143714904785156
0.0042188167572021484
0.0034210681915283203
0.0023729801177978516
0.003907442092895508
0.0034935474395751953
0.00474238395690918
0.0032067298889160156
0.003485441207885742
0.004179239273071289
0.004209995269775391
0.003854036331176758
0.004676103591918945
0.003426074981689453
0.004513740539550781
0.004068851470947266
0.003261566162109375
0.003881216049194336
0.004000425338745117
0.00336456298828125
0.00365447998046875
0.0034279823303222656
0.002501249313354492
0.002834320068359375
0.004485368728637695
0.0034034252166748047
0.004000425338745117
0.0025451183319091797
0.00455021858215332
0.003476858139038086
0.003796815872192383
0.003171682357788086
0.0041522979736328125
0.0022993087768554688
0.00412440299987793
0.004000425338745117
0.0032100677490234375
0.004087924957275391
0.0003452301025390625
0.0058901309967041016
0.003013134002685547
0.004181623458862305
0.0030388832092285156
0.0033807754516601562
0.002881288528442383
0.0043485164642333984
0.003415346145629883
0.004298210144042969
0.0020024776458740234
0.0034253597259521484
0.004453897476196289
0.003661632537841797
0.0033943653106689453
0.003796100616455078
0.002452373504638672
0.003398418426513672
0.0034177303314208984
0.003214597702026367
0.00450587272644043
0.0026397705078125
0.0040798187255859375
0.003235340118408203
0.0029993057250976562
0.004462242126464844
0.003847360610961914
0.003065347671508789
0.004439830780029297
0.0026657581329345703
0.0020897388458251953
0.004637956619262695
0.005867719650268555
0.002000093460083008
0.004107952117919922
0.0031614303588867188
0.004264116287231445
0.004333972930908203
0.004399776458740234
0.0033338069915771484
0.0029516220092773438
0.003348827362060547
0.004341602325439453
0.003470897674560547
0.00452423095703125
0.003804922103881836
0.003564596176147461
0.003904581069946289
0.0033805370330810547
0.003222227096557617
0.003428220748901367
0.0032320022583007812
0.0031850337982177734
0.0033216476440429688
0.0040149688720703125
0.0037131309509277344
0.0
0.007774829864501953
0.002160310745239258
0.005322933197021484
0.003225088119506836
0.004277706146240234
0.002000093460083008
0.0030710697174072266
0.0040874481201171875
0.004101991653442383
0.004000186920166016
0.0025942325592041016
0.003398895263671875
0.004149913787841797
0.0044558048248291016
0.0035142898559570312
0.0031900405883789062
0.004036664962768555
0.0035445690155029297
0.0032346248626708984
0.0043828487396240234
0.0031855106353759766
0.00511932373046875
0.0024483203887939453
0.004361391067504883
0.003568887710571289
0.001210927963256836
0.002831697463989258
0.005739927291870117
0.0029363632202148438
0.0036687850952148438
0.0029990673065185547
0.003144979476928711
0.0029997825622558594
0.0037679672241210938
0.003000020980834961
0.0034987926483154297
0.004216909408569336
0.0032074451446533203
0.0024938583374023438
0.003409862518310547
0.004214763641357422
0.0037326812744140625
0.003081798553466797
0.0036568641662597656
0.0031714439392089844
0.0047397613525390625
0.0031278133392333984
0.0031647682189941406
0.002468585968017578
0.003535032272338867
0.0035583972930908203
0.0031287670135498047
0.004047393798828125
0.003672361373901367
0.0009999275207519531
0.005023956298828125
0.0046842098236083984
0.003317594528198242
0.0038242340087890625
0.0035920143127441406
0.003976345062255859
0.003275156021118164
0.0029993057250976562
0.003235340118408203
0.004432201385498047
0.0030002593994140625
0.003452777862548828
0.0024080276489257812
0.0032024383544921875
0.004373073577880859
0.003432750701904297
0.0032558441162109375
0.0040209293365478516
0.0031173229217529297
0.0036225318908691406
0.0026922225952148438
0.0032279491424560547
0.0035316944122314453
0.003103017807006836
0.003382444381713867
0.003487110137939453
0.0033211708068847656
0.0034546852111816406
0.0009999275207519531
0.003416776657104492
0.003682374954223633
0.005513429641723633
0.003371000289916992
0.0029990673065185547
0.004381656646728516
0.004780292510986328
0.003247499465942383
0.002471446990966797
0.004003047943115234
0.0033445358276367188
0.003167867660522461
0.003316640853881836
0.0035810470581054688
0.0020258426666259766
0.0034651756286621094
0.0033524036407470703
0.003908395767211914
0.0040988922119140625