0.0033202171325683594
0.003144979476928711
0.0029997825622558594
0.0022835731506347656
0.0034847259521484375
0.003490924835205078
0.0020949840545654297
0.0031294822692871094
0.0032074451446533203
0.0034942626953125
0.0024099349975585938
0.00220489501953125
0.002009868621826172
0.0027332305908203125
0.001999378204345703
0.0020818710327148438
0.0036568641662597656
0.0031714439392089844
0.0033578872680664062
0.003509521484375
0.0051653385162353516
0.0025937557220458984
0.0038187503814697266
0.0021491050720214844
0.0031287670135498047
0.0030472278594970703
0.002000093460083008
0.0036842823028564453
0.0009999275207519531
0.005023956298828125
0.0
0.005684375762939453
0.003317117691040039
0.002824544906616211
0.0021944046020507812
0.002733469009399414
0.0026404857635498047
0.003275156021118164
0.001999378204345703
0.0020003318786621094
0.003238201141357422
0.0034296512603759766
0.0019996166229248047
0.0024526119232177734
0.003408193588256836
0.0032024383544921875
0.0033729076385498047
0.0020971298217773438
0.0033388137817382812
0.002252817153930664
0.0030205249786376953
0.002000093460083008
0.002117633819580078
0.0036225318908691406
0.0026922225952148438
0.0032279491424560547
0.002468109130859375
0.004166603088378906
0.002141237258911133
0.0047283172607421875
0.002003908157348633
0.002318143844604492
0.0024538040161132812
0.0009999275207519531
0.003416776657104492
0.003682374954223633
0.0
0.003507375717163086
0.00504612922668457
0.002330780029296875
0.003192901611328125
0.003246307373046875
0.0027227401733398438
0.002138853073120117
0.0035800933837890625
0.003003358840942383
0.002329111099243164
0.0020151138305664062
0.0041675567626953125
0.0023169517517089844
0.002158641815185547
0.00244903564453125
0.0024623870849609375
0.003002166748046875
0.0012614727020263672
0.002583026885986328
0.0024161338806152344
0.005099058151245117
0.003699064254760742
0.002667665481567383
0.003325939178466797
0.00293731689453125
0.002315521240234375
0.004003047943115234
0.002404928207397461
0.0034339427947998047
0.0033926963806152344
0.0026674270629882812
0.0032110214233398438
0.004284858703613281
0.002000093460083008
0.003999948501586914
0.0019998550415039062
0.0024871826171875
0.0031456947326660156
0.0019998550415039062
0.0023958683013916016
0.0024633407592773438
0.0032958984375
0.00202178955078125
0.003000497817993164
0.0025267601013183594
0.002016305923461914
0.004086732864379883
0.004468679428100586
0.002155303955078125
0.0019998550415039062
0.002235889434814453
0.0009996891021728516
0.0009996891021728516
0.0031578540802001953
0.0015692710876464844
0.004248142242431641
0.0019998550415039062
0.0016684532165527344
0.0028221607208251953
0.0021944046020507812
0.0020666122436523438
0.0035791397094726562
0.005608081817626953
0.0024213790893554688
0.0021932125091552734
0.004376411437988281
0.00243377685546875
0.002337217330932617
0.0024862289428710938
0.0029997825622558594
0.003142118453979492
0.0021071434020996094
0.002999544143676758
0.0022237300872802734
0.0011060237884521484
0.0012547969818115234
0.0024056434631347656
0.0013988018035888672
0.0021593570709228516
0.003350496292114258
0.0020287036895751953
0.002105712890625
0.004286050796508789
0.005142688751220703
0.0023620128631591797
0.003124713897705078
0.0032041072845458984
0.003228902816772461
0.003000020980834961
0.0032358169555664062
0.0020012855529785156
0.004200458526611328
0.005265712738037109
0.003000497817993164
0.003999948501586914
0.004999637603759766
0.008000612258911133
0.012952327728271484
0.0019998550415039062
0.004000425338745117
0.003000020980834961
0.002431154251098633
0.003000497817993164
0.003999948501586914
0.0029997825622558594
0.0029997825622558594
0.002999544143676758
0.003000974655151367
0.0039997100830078125
0.0032567977905273438
0.0023431777954101562
0.003999948501586914
0.003225088119506836
0.0030670166015625
0.0020678043365478516
0.0024166107177734375
0.002018451690673828
0.0035402774810791016
0.006384134292602539
0.005461215972900391
0.0019996166229248047
0.0032575130462646484
0.0033638477325439453
0.0032815933227539062
0.0023908615112304688
0.0013458728790283203
0.0
0.0
0.0
0.0
0.018014907836914062
0.0035924911499023438
0.003628253936767578
0.001999378204345703
0.002257823944091797
0.0040988922119140625
0.004315853118896484
0.004110574722290039
0.0032863616943359375
0.0033533573150634766
0.0033197402954101562
0.003411531448364258
0.002479076385498047
0.00327301025390625
0.00316619873046875
0.002261638641357422
0.003346681594848633
0.0017900466918945312
0.0022211074829101562
0.004419803619384766
0.004156589508056641
0.002131938934326172
0.004162311553955078
0.0021772384643554688
0.0022172927856445312
0.0021462440490722656
0.0026836395263671875
0.0010006427764892578
0.003299713134765625
0.005344390869140625
0.003993988037109375
0.001607656478881836
0.0035104751586914062
0.002000570297241211
0.0022902488708496094
0.0021271705627441406
0.002295255661010742
0.0032968521118164062
0.003919363021850586
0.002000093460083008
0.0034644603729248047
0.002005338668823242
0.003515005111694336
0.0034279823303222656
0.002164125442504883
0.002085447311401367
0.003539562225341797
0.0020024776458740234
0.002427339553833008
0.003266572952270508
0.0020177364349365234
0.0036237239837646484
0.0034096240997314453
0.0031251907348632812
0.0034270286560058594
0.0023109912872314453
0.0021903514862060547
0.0030813217163085938
0.0032224655151367188
0.0020055770874023438
0.002227306365966797
0.0036690235137939453
0.0
0.0032248497009277344
0.0037610530853271484
0.002135753631591797
0.0028700828552246094
0.003963947296142578
0.0023407936096191406
0.0032050609588623047
0.0020744800567626953
0.0020554065704345703
0.0031418800354003906
0.002100706100463867
0.0022268295288085938
0.0032622814178466797
0.002312183380126953
0.002098560333251953
0.0036008358001708984
0.0021011829376220703
0.0034284591674804688
0.0023200511932373047
0.003166675567626953
0.0030379295349121094
0.0034911632537841797
0.0031549930572509766
0.002249479293823242
0.0022912025451660156
0.0024535655975341797
0.003186941146850586
0.0033397674560546875
0.0034885406494140625
0.002331256866455078
0.002172231674194336
0.003778696060180664
0.002441883087158203
0.002676725387573242
0.0
0.0074536800384521484
0.0
0.0
0.00673365592956543
0.002305746078491211
0.00235748291015625
0.0031135082244873047
0.0028607845306396484
0.002901315689086914
0.0030426979064941406
0.003194093704223633
0.003487110137939453
0.0027892589569091797
0.002287149429321289
0.002874612808227539
0.002204418182373047
0.004055976867675781
0.002133607864379883
0.0024759769439697266
0.003000020980834961
0.002392292022705078
0.00409698486328125
0.0029997825622558594
0.0020008087158203125
0.003998756408691406
0.0030007362365722656
0.001999378204345703
0.00400090217590332
0.002999544143676758
0.0032041072845458984
0.0044591426849365234
0.0010025501251220703
0.0018162727355957031
0.0
0.0
0.010676145553588867
0.002219676971435547
0.0023651123046875
0.0035195350646972656
0.003545522689819336
0.0018892288208007812
0.004038333892822266
0.002528667449951172
0.00247955322265625
0.003290414810180664
0.002040863037109375
0.0034809112548828125
0.002164125442504883
0.002386331558227539
0.003507852554321289
0.0034554004669189453
0.0034704208374023438
0.003824472427368164
0.001413106918334961
0.004398345947265625
0.0020754337310791016
0.0023233890533447266
0.004137754440307617
0.003056049346923828
0.0022253990173339844
0.003175497055053711
0.002249479293823242
0.0021162033081054688
0.0035963058471679688
0.0041828155517578125
0.003560304641723633
0.0024411678314208984
0.003087759017944336
0.0024271011352539062
0.00099945068359375
0.004506587982177734
0.0020971298217773438
0.002488374710083008
0.0036284923553466797
0.002017974853515625
0.002067089080810547
0.0021920204162597656
0.0021593570709228516
0.0036172866821289062
0.0021238327026367188
0.002272367477416992
0.002251148223876953
0.002337932586669922
0.0024585723876953125
0.0022439956665039062
0.0021736621856689453
0.0035283565521240234
0.003237009048461914
0.0030236244201660156
0.0024785995483398438
0.002161741256713867
0.003897428512573242
0.0031082630157470703
0.0031960010528564453
0.0033614635467529297
0.002454519271850586
0.002501964569091797
0.002271890640258789
0.0031588077545166016
0.002388477325439453
0.0024840831756591797
0.002081155776977539
0.0022881031036376953
0.0
0.006144046783447266
0.0024216175079345703
0.002000093460083008
0.0032510757446289062
0.002002239227294922
0.0013964176177978516
0.0038771629333496094
0.0035538673400878906
0.0031054019927978516
0.0023076534271240234
0.0030024051666259766
0.0012059211730957031
0.00311279296875
0.0023403167724609375
0.004064798355102539
0.002045154571533203
0.002306699752807617
0.002725839614868164
0.0026934146881103516
0.0030426979064941406
0.0032548904418945312
0.0029997825622558594
0.0020003318786621094
0.002170085906982422
0.0030853748321533203
0.002260923385620117
0.002385854721069336
0.003158092498779297
0.003139972686767578
0.0023598670959472656
0.004458427429199219
0.001999378204345703
0.0020475387573242188
0.003367185592651367
0.003223419189453125
0.001238107681274414
0.0031549930572509766
0.003225088119506836
0.0
0.0
0.008355379104614258
0.0033063888549804688
0.003622293472290039
0.0031824111938476562
0.0
0.004995822906494141
0.002005338668823242
0.0022492408752441406
0.0037794113159179688
0.0033032894134521484
0.0037834644317626953
0.0021369457244873047
0.0041997432708740234
0.002201080322265625
0.003210783004760742
0.0020639896392822266
0.0022249221801757812
0.0032491683959960938
0.002183198928833008
0.003280162811279297
0.0025339126586914062
0.0024831295013427734
0.0024919509887695312
0.0023567676544189453
0.0022614002227783203
0.003149271011352539
0.002002239227294922
0.0024089813232421875
0.0031576156616210938
0.0033740997314453125
0.002500772476196289
0.002002239227294922
0.004267692565917969
0.0
0.0
0.0
0.0
0.01276087760925293
0.004244565963745117
0.002094745635986328
0.0031452178955078125
0.00323486328125
0.00350189208984375
0.0020804405212402344
0.0037813186645507812
0.0021228790283203125
0.0029001235961914062
0.003588438034057617
0.002124309539794922
0.004410505294799805
0.0020797252655029297
0.003448486328125
0.0033087730407714844
0.003282785415649414
0.002069711685180664
0.0024449825286865234
0.002462148666381836
0.0033469200134277344
0.003495931625366211
0.002111673355102539
0.0033712387084960938
0.002000570297241211
0.002370119094848633
0.0026526451110839844
0.0032215118408203125
0.0010001659393310547
0.005296230316162109
0.0039119720458984375
0.0
0.0
0.008434772491455078
0.004499673843383789
0.003406047821044922
0.003149271011352539
0.0032694339752197266
0.0024569034576416016
0.002027750015258789
0.003470182418823242
0.0024399757385253906
0.002112865447998047
0.0027844905853271484
0.002121448516845703
0.0026831626892089844
0.0034613609313964844
0.0023245811462402344
0.0034105777740478516
0.0038285255432128906
0.0030159950256347656
0.0024352073669433594
0.0025217533111572266
0.003247976303100586
0.004003047943115234
0.004114866256713867
0.002115011215209961
0.002159595489501953
0.003406047821044922
0.002000093460083008
0.002681732177734375
0.002323627471923828
0.0032329559326171875
0.0
0.0
0.00876927375793457
0.002605438232421875
0.0023932456970214844
0.0021729469299316406
0.004627227783203125
0.0026040077209472656
0.0043201446533203125
0.0022780895233154297
0.004172086715698242
0.0030028820037841797
0.0031859874725341797
0.004018306732177734
0.0041882991790771484
0.0020241737365722656
0.0033495426177978516
0.002039194107055664
0.002399444580078125
0.0025069713592529297
0.004155158996582031
0.002140045166015625
0.002607107162475586
0.0020036697387695312
0.0036094188690185547
0.0021932125091552734
0.0022454261779785156
0.003480672836303711
0.002008676528930664
0.003200531005859375
0.0036275386810302734
0.004334926605224609
0.0010006427764892578
0.003850698471069336
0.0
0.008627176284790039
0.005236148834228516
0.003127574920654297
0.004154205322265625
0.0027399063110351562
0.002256155014038086
0.004870176315307617
0.0020635128021240234
0.0031998157501220703
0.004072427749633789
0.002040386199951172
0.002240896224975586
0.002197742462158203
0.0034437179565429688
0.0022726058959960938
0.00228118896484375
0.0023903846740722656
0.003458261489868164
0.004021883010864258
0.002180337905883789
0.0022704601287841797
0.0026161670684814453
0.0024101734161376953
0.0021245479583740234
0.0020940303802490234
0.0020856857299804688
0.0038890838623046875
0.0020890235900878906
0.0028235912322998047
0.0020744800567626953
0.001001596450805664
0.004971742630004883
0.0
0.003454923629760742
0.002220630645751953
0.0
0.005235433578491211
0.0030624866485595703
0.0023632049560546875
0.0031921863555908203
0.0010290145874023438
0.002606630325317383
0.0010018348693847656
0.002000570297241211
0.003814697265625
0.0038187503814697266
0.0031890869140625
0.0023620128631591797
0.002285480499267578
0.0010020732879638672
0.0030219554901123047
0.003003358840942383
0.001999378204345703
0.0031633377075195312
0.0030722618103027344
0.004490375518798828
0.002131223678588867
0.004326343536376953
0.002120494842529297
0.0022192001342773438
0.0034286975860595703
0.0032453536987304688
0.002446889877319336
0.002103090286254883
0.0023763179779052734
0.0034110546112060547
0.002754688262939453
0.00220489501953125
0.0
0.0
0.0
0.0
0.0
0.014903068542480469
0.002011537551879883
0.0019998550415039062
0.0042798519134521484
0.0023889541625976562
0.0034313201904296875
0.002000570297241211
0.004427194595336914
0.003591299057006836
0.0038290023803710938
0.002515554428100586
0.003069639205932617
0.0029997825622558594
0.003000020980834961
0.0030002593994140625
0.0021028518676757812
0.0040628910064697266
0.0021467208862304688
0.0022161006927490234
0.003317117691040039
0.0014908313751220703
0.0031304359436035156
0.003360748291015625
0.002488374710083008
0.0022881031036376953
0.0021619796752929688
0.002354860305786133
0.003293275833129883
0.0014691352844238281
0.002065420150756836
0.0023398399353027344
0.002003192901611328
0.0013475418090820312
0.0028727054595947266
0.004597663879394531
0.002006053924560547
0.00423121452331543
0.0021004676818847656
0.0022351741790771484
0.0022726058959960938
0.0031201839447021484
0.001220703125
0.0020041465759277344
0.0038018226623535156
0.0050961971282958984
0.0031332969665527344
0.0020902156829833984
0.004000425338745117
0.002023458480834961
0.003156423568725586
0.0019998550415039062
0.0032625198364257812
0.003618478775024414
0.0022962093353271484
0.0019998550415039062
0.003432750701904297
0.0033063888549804688
0.0025551319122314453
0.0014395713806152344
0.003353595733642578
0.0033292770385742188
0.003122091293334961
0.0021958351135253906
0.0024292469024658203
0.0032968521118164062
0.002277374267578125
0.0021982192993164062
0.001592397689819336
0.0
0.00637507438659668
0.0
0.002944469451904297
0.0
0.00396418571472168
0.0034706592559814453
0.0033617019653320312
0.002094745635986328
0.002287626266479492
0.0031299591064453125
0.003219127655029297
0.002055644989013672
0.0023505687713623047
0.0027914047241210938
0.0020935535430908203
0.0031557083129882812
0.003675699234008789
0.0043218135833740234
0.004769325256347656
0.0020236968994140625
0.002866506576538086
0.002123117446899414
0.0030565261840820312
0.0023593902587890625
0.0024099349975585938
0.0020275115966796875
0.0022270679473876953
0.004075765609741211
0.003301382064819336
0.0031332969665527344
0.002999544143676758
0.002184152603149414
0.003349781036376953
0.0011093616485595703
0.0
0.0
0.0
0.012652158737182617
0.0025637149810791016
0.0036242008209228516
0.0019996166229248047
0.002255678176879883
0.003389596939086914
0.0035245418548583984
0.0023632049560546875
0.0025022029876708984
0.0030732154846191406
0.0013852119445800781
0.0031023025512695312
0.003584146499633789
0.0032885074615478516
0.003199338912963867
0.003373384475708008
0.0022056102752685547
0.0035102367401123047
0.003244638442993164
0.0031006336212158203
0.003086090087890625
0.0021903514862060547
0.0033502578735351562
0.0026226043701171875
0.0037882328033447266
0.003376007080078125
0.0022706985473632812
0.002375364303588867
0.0024652481079101562
0.003256559371948242
0.002290010452270508
0.0021982192993164062
0.0
0.0
0.0
0.00844430923461914
0.0026094913482666016
0.0038280487060546875
0.0022885799407958984
0.003947257995605469
0.0020613670349121094
0.0035974979400634766
0.0021822452545166016
0.0037276744842529297
0.0030608177185058594
0.0021300315856933594
0.00307464599609375
0.0021600723266601562
0.0033109188079833984
0.0036439895629882812
0.0038454532623291016
0.0024213790893554688
0.0022573471069335938
0.002103567123413086
0.002149343490600586
0.0024261474609375
0.0020024776458740234
0.0023293495178222656
0.0024805068969726562
0.0022106170654296875
0.002478361129760742
0.004255056381225586
0.003446817398071289
0.003454446792602539
0.0020377635955810547
0.0021686553955078125
0.0023272037506103516
0.003495931625366211
0.002251148223876953
0.0
0.0
0.008274555206298828
0.0
0.004138469696044922
0.003298521041870117
0.003124713897705078
0.0011980533599853516
0.0022034645080566406
0.0021276473999023438
0.0026121139526367188
0.0032618045806884766
0.002165555953979492
0.003206968307495117
0.0013852119445800781
0.003424406051635742
0.002440929412841797
0.0031642913818359375
0.002279043197631836
0.002443075180053711
0.001348733901977539
0.0023164749145507812
0.003220796585083008
0.003339529037475586
0.0020914077758789062
0.0023241043090820312
0.0020754337310791016
0.0022034645080566406
0.0022258758544921875
0.0024454593658447266
0.0031948089599609375
0.002820730209350586
0.0023958683013916016
0.0022895336151123047
0.0022325515747070312
0.003185749053955078
0.0034346580505371094
0.003566741943359375
0.0
0.0
0.009047269821166992
0.0024559497833251953
0.002718687057495117
0.0020427703857421875
0.0022771358489990234
0.004320621490478516
0.0030095577239990234
0.0027933120727539062
0.0020656585693359375
0.0031807422637939453
0.0024747848510742188
0.0021889209747314453
0.003083467483520508
0.0032720565795898438
0.0014355182647705078
0.0024530887603759766
0.0020024776458740234
0.0022530555725097656
0.0035314559936523438
0.002162456512451172
0.003425121307373047
0.003391265869140625
0.0013997554779052734
0.002627849578857422
0.003493070602416992
0.002014636993408203
0.002338886260986328
0.0030603408813476562
0.0021576881408691406
0.0023107528686523438
0.0020024776458740234
0.002226114273071289
0.003535032272338867
0.0024542808532714844
0.0023889541625976562
0.002901315689086914
0.0023992061614990234
0.0010001659393310547
0.002282381057739258
0.0020024776458740234
0.0013489723205566406
0.0023453235626220703
0.0020024776458740234
0.0025434494018554688
0.0031468868255615234
0.002002239227294922
0.002402782440185547
0.003005504608154297
0.002118825912475586
0.0020837783813476562
0.002157449722290039
0.0024650096893310547
0.003181934356689453
0.0020024776458740234
0.003462553024291992
0.003250598907470703
0.002319812774658203
0.002460479736328125
0.0026268959045410156
0.0030744075775146484
0.0021486282348632812
0.0032453536987304688
0.0031218528747558594
0.0020072460174560547
0.0022089481353759766
0.003934383392333984
0.002422332763671875
0.002329587936401367
0.0022759437561035156
0.002077341079711914
0.003233671188354492
0.002024412155151367
0.00241851806640625
0.0023708343505859375
0.0
0.0
0.006596565246582031
0.0
0.0
0.009059667587280273
0.0033028125762939453
0.0024764537811279297
0.001295328140258789
0.0028395652770996094
0.0023736953735351562
0.0030121803283691406
0.0021643638610839844
0.0045239925384521484
0.002428770065307617
0.003227710723876953
0.0023419857025146484
0.0026252269744873047
0.0020029544830322266
0.0033652782440185547
0.002016782760620117
0.0034890174865722656
0.0020933151245117188
0.0034890174865722656
0.002191781997680664
0.002400636672973633
0.0024406909942626953
0.0020215511322021484
0.002463102340698242
0.004414558410644531
0.0032241344451904297
0.0024170875549316406
0.002016782760620117
0.003690481185913086
0.0024864673614501953
0.0022025108337402344
0.002374887466430664
0.0009996891021728516
0.0
0.006057024002075195
0.0025930404663085938
0.0
0.004896402359008789
0.002414226531982422
0.002096414566040039
0.002129077911376953
0.0023093223571777344
0.002004384994506836
0.0032417774200439453
0.0014281272888183594
0.0034859180450439453
0.0022640228271484375
0.0021696090698242188
0.0022220611572265625
0.0023005008697509766
0.0034520626068115234
0.0032415390014648438
0.002190113067626953
0.002294778823852539
0.001191854476928711
0.0024385452270507812
0.0034520626068115234
0.0030236244201660156
0.0020635128021240234