0.0020537376403808594
0.002082347869873047
0.0010042190551757812
0.0010058879852294922
0.002325296401977539
0.0010061264038085938
0.0011501312255859375
0.002172231674194336
0.00110626220703125
0.002062082290649414
0.0010042190551757812
0.0010061264038085938
0.001003265380859375
0.0010027885437011719
0.0020186901092529297
0.0010039806365966797
0.0010027885437011719
0.0020263195037841797
0.0010066032409667969
0.0013773441314697266
0.0
0.0
0.0
0.0
0.0
0.0
0.0
0.0
0.0
0.0
0.01527094841003418
0.0013043880462646484
0.0010743141174316406
0.002103090286254883
0.0010023117065429688
0.0010373592376708984
0.001108407974243164
0.0010161399841308594
0.0020203590393066406
0.0010089874267578125
0.0020227432250976562
0.002024412155151367
0.0011644363403320312
0.0010082721710205078
0.0020165443420410156
0.0010085105895996094
0.0020170211791992188
0.0010082721710205078
0.002016305923461914
0.0010118484497070312
0.0020177364349365234
0.0010085105895996094
0.0023779869079589844
0.0021326541900634766
0.0011532306671142578
0.0023314952850341797
0.0010192394256591797
0.0023186206817626953
0.002092599868774414
0.001024007797241211
0.0014905929565429688
0.0024895668029785156
0.001073598861694336
0.002132415771484375
0.0010387897491455078
0.0010292530059814453
0.0014591217041015625
0.002499818801879883
0.0014994144439697266
0.0023491382598876953
0.0011327266693115234
0.002071857452392578
0.0020554065704345703
0.0013430118560791016
0.0010166168212890625
0.0024580955505371094
0.0011835098266601562
0.002014636993408203
0.0010559558868408203
0.002039194107055664
0.0011410713195800781
0.0020651817321777344
0.00110626220703125
0.0025696754455566406
0.0011844635009765625
0.002506732940673828
0.0010449886322021484
0.002413511276245117
0.0010378360748291016
0.002156496047973633
0.0010058879852294922
0.0020151138305664062
0.001043558120727539
0.0020003318786621094
0.0010519027709960938
0.0020737648010253906
0.0010039806365966797
0.002537250518798828
0.002356290817260742
0.0010035037994384766
0.0009999275207519531
0.001340627670288086
0.0010263919830322266
0.0020422935485839844
0.0010004043579101562
0.002059459686279297
0.001035451889038086
0.0020797252655029297
0.0009999275207519531
0.0014693737030029297
0.0009996891021728516
0.0010004043579101562
0.002221822738647461
0.0010464191436767578
0.0010151863098144531
0.0020303726196289062
0.0010950565338134766
0.0014128684997558594
0.0010023117065429688
0.0023908615112304688
0.0010960102081298828
0.0010030269622802734
0.0020318031311035156
0.0011374950408935547
0.0010595321655273438
0.002384185791015625
0.0010764598846435547
0.0011687278747558594
0.0020072460174560547
0.0
0.0023546218872070312
0.0019991397857666016
0.0010001659393310547
0.0035240650177001953
0.0009999275207519531
0.0022580623626708984
0.0013875961303710938
0.0022878646850585938
0.0014331340789794922
0.001016855239868164
0.0022954940795898438
0.0010027885437011719
0.0020346641540527344
0.0014350414276123047
0.0013115406036376953
0.0010819435119628906
0.0023102760314941406
0.0010595321655273438
0.002326488494873047
0.001285552978515625
0.001016378402709961
0.0010020732879638672
0.002101898193359375
0.0010268688201904297
0.0020062923431396484
0.0010173320770263672
0.0010471343994140625
0.0024509429931640625
0.0024945735931396484
0.0012481212615966797
0.0010030269622802734
0.0025377273559570312
0.0010249614715576172
0.001003265380859375
0.0010001659393310547
0.002260446548461914
0.0010199546813964844
0.0009996891021728516
0.0014882087707519531
0.002142667770385742
0.0010280609130859375
0.0022192001342773438
0.0010035037994384766
0.0010027885437011719
0.0009999275207519531
0.0023827552795410156
0.0012297630310058594
0.0010688304901123047
0.002038717269897461
0.0012767314910888672
0.0012967586517333984
0.0011637210845947266
0.002047300338745117
0.0010030269622802734
0.002093791961669922
0.0010378360748291016
0.00101470947265625
0.0009996891021728516
0.001173257827758789
0.002061128616333008
0.0020236968994140625
0.0013921260833740234
0.0014274120330810547
0.0020608901977539062
0.0010094642639160156
0.0014805793762207031
0.002023935317993164
0.0010218620300292969
0.0010752677917480469
0.002229452133178711
0.00099945068359375
0.0014750957489013672
0.0011653900146484375
0.0013883113861083984
0.0021719932556152344
0.0010023117065429688
0.0010004043579101562
0.002431154251098633
0.0013279914855957031
0.0023093223571777344
0.0010709762573242188
0.0023865699768066406
0.0012879371643066406
0.002020120620727539
0.0020313262939453125
0.0010020732879638672
0.0022051334381103516
0.0010037422180175781
0.0010039806365966797
0.0020079612731933594
0.0010046958923339844
0.002229928970336914
0.0010151863098144531
0.0020482540130615234
0.0014438629150390625
0.0010042190551757812
0.0021300315856933594
0.0008113384246826172
0.0020797252655029297
0.0011019706726074219
0.0014307498931884766
0.0010020732879638672
0.0010509490966796875
0.001390695571899414
0.0023720264434814453
0.0013930797576904297
0.002193927764892578
0.001194000244140625
0.0010020732879638672
0.0021610260009765625
0.001003265380859375
0.0010628700256347656
0.0010030269622802734
0.0012133121490478516
0.0010247230529785156
0.0010035037994384766
0.0014536380767822266
0.0011141300201416016
0.0
0.001049041748046875
0.0010030269622802734
0.0010030269622802734
0.0010030269622802734
0.0010807514190673828
0.0010347366333007812
0.0010020732879638672
0.0010027885437011719
0.0010364055633544922
0.0010192394256591797
0.0
0.0010266304016113281
0.0
0.0009999275207519531
0.0010004043579101562
0.0009996891021728516
0.0010006427764892578
0.0
0.0009999275207519531
0.0009999275207519531
0.0009999275207519531
0.0009999275207519531
0.0009999275207519531
0.0009999275207519531
0.0010001659393310547
0.0009999275207519531
0.0009999275207519531
0.0
0.0010001659393310547
0.0009999275207519531
0.0009999275207519531
0.0009999275207519531
0.0009999275207519531
0.0025475025177001953
0.002087831497192383
0.001088857650756836
0.0022237300872802734
0.0020732879638671875
0.001096487045288086
0.0020918846130371094
0.0017251968383789062
0.002238035202026367
0.0014081001281738281
0.0014736652374267578
0.0014846324920654297
0.0013878345489501953
0.0023467540740966797
0.0010352134704589844
0.0010023117065429688
0.001005411148071289
0.002221822738647461
0.0009996891021728516
0.0014202594757080078
0.0009996891021728516
0.0009999275207519531
0.002083301544189453
0.002176046371459961
0.0011432170867919922
0.002022266387939453
0.002159595489501953
0.0011904239654541016
0.0024461746215820312
0.0
0.0010247230529785156
0.002216815948486328
0.0009999275207519531
0.0010619163513183594
0.0010037422180175781
0.0020067691802978516
0.002007007598876953
0.0014269351959228516
0.0009992122650146484
0.0010004043579101562
0.002495288848876953
0.0014405250549316406
0.002346038818359375
0.0010924339294433594
0.0020294189453125
0.0011870861053466797
0.0009999275207519531
0.0
0.0025081634521484375
0.0010213851928710938
0.002263784408569336
0.001026153564453125
0.0010018348693847656
0.001253366470336914
0.0022819042205810547
0.0010230541229248047
0.002372264862060547
0.001007080078125
0.0013301372528076172
0.0010004043579101562
0.002288341522216797
0.001003265380859375
0.0014996528625488281
0.0013086795806884766
0.0013568401336669922
0.0020558834075927734
0.002072572708129883
0.0011413097381591797
0.002006053924560547
0.0013511180877685547
0.0014331340789794922
0.001140594482421875
0.0014369487762451172
0.0
0.0
0.0
0.006003618240356445
0.0021250247955322266
0.0010859966278076172
0.0014586448669433594
0.001341104507446289
0.0014379024505615234
0.0014562606811523438
0.0010018348693847656
0.0010449886322021484
0.0014040470123291016
0.002204418182373047
0.0011496543884277344
0.0013272762298583984
0.001323699951171875
0.0010731220245361328
0.002476215362548828
0.0010628700256347656
0.0014414787292480469
0.0010018348693847656
0.0020339488983154297
0.0012035369873046875
0.0014328956604003906
0.0010409355163574219
0.0010166168212890625
0.002120494842529297
0.0023946762084960938
0.0010161399841308594
0.001020193099975586
0.0012764930725097656
0.001298666000366211
0.0021715164184570312
0.0010080337524414062
0.0011944770812988281
0.0011415481567382812
0.0010957717895507812
0.0013289451599121094
0.0013740062713623047
0.0013539791107177734
0.002373218536376953
0.001003265380859375
0.0020291805267333984
0.0010037422180175781
0.0010256767272949219
0.0011627674102783203
0.001226186752319336
0.0010025501251220703
0.0010120868682861328
0.0010023117065429688
0.0010890960693359375
0.0010020732879638672
0.0016777515411376953
0.0
0.0
0.0
0.0
0.0
0.007460117340087891
0.0009996891021728516
0.0010004043579101562
0.0009996891021728516
0.002688169479370117
0.0014677047729492188
0.0022840499877929688
0.0010030269622802734
0.0020380020141601562
0.0010023117065429688
0.0020105838775634766
0.0011506080627441406
0.0033304691314697266
0.0011091232299804688
0.0014510154724121094
0.0018572807312011719
0.0010793209075927734
0.0010204315185546875
0.0010159015655517578
0.0024871826171875
0.001003265380859375
0.001255035400390625
0.002435922622680664
0.0011968612670898438
0.0010852813720703125
0.002674579620361328
0.0010349750518798828
0.0010025501251220703
0.0009999275207519531
0.0009999275207519531
0.0026688575744628906
0.0011205673217773438
0.0013017654418945312
0.0010001659393310547
0.0
0.00099945068359375
0.0022802352905273438
0.0010633468627929688
0.0012049674987792969
0.0012936592102050781
0.0
0.002496004104614258
0.0011723041534423828
0.0010020732879638672
0.002496004104614258
0.001271963119506836
0.0013129711151123047
0.001169443130493164
0.0009999275207519531
0.0
0.001409769058227539
0.0010020732879638672
0.0010113716125488281
0.0010249614715576172
0.0020470619201660156
0.0010738372802734375
0.0013544559478759766
0.0013303756713867188
0.0013506412506103516
0.0012042522430419922
0.0009999275207519531
0.002333402633666992
0.0012750625610351562
0.0011224746704101562
0.0010728836059570312
0.0010638236999511719
0.0010018348693847656
0.0010004043579101562
0.0010738372802734375
0.0023589134216308594
0.0014238357543945312
0.0014214515686035156
0.0013837814331054688
0.0010945796966552734
0.0010814666748046875
0.002008676528930664
0.001276254653930664
0.0010385513305664062
0.0010004043579101562
0.0011761188507080078
0.0023012161254882812
0.0
0.0025606155395507812
0.0010051727294921875
0.0007481575012207031
0.0011148452758789062
0.001043081283569336
0.0
0.0
0.0041961669921875
0.0020029544830322266
0.0010476112365722656
0.0014791488647460938
0.001338958740234375
0.0013988018035888672
0.0020041465759277344
0.0011701583862304688
0.0010180473327636719
0.0010471343994140625
0.0023615360260009766
0.0010654926300048828
0.0021550655364990234
0.0010211467742919922
0.0010004043579101562
0.0010304450988769531
0.0010330677032470703
0.001132965087890625
0.00142669677734375
0.0013642311096191406
0.0010030269622802734
0.001325368881225586
0.0011813640594482422
0.0014691352844238281
0.0014317035675048828
0.0022051334381103516
0.0
0.0014934539794921875
0.0021009445190429688
0.0011372566223144531
0.001081228256225586
0.0010027885437011719
0.0014035701751708984
0.0013337135314941406
0.0027599334716796875
0.0010025501251220703
0.0009999275207519531
0.0020263195037841797
0.001024007797241211
0.0010004043579101562
0.0
0.0014240741729736328
0.002031087875366211
0.0010020732879638672
0.0022420883178710938
0.0011622905731201172
0.0013201236724853516
0.0013518333435058594
0.0011382102966308594
0.0013990402221679688
0.0013704299926757812
0.0
0.0014197826385498047
0.0013210773468017578
0.002061128616333008
0.001013040542602539
0.0013453960418701172
0.0012333393096923828
0.0010573863983154297
0.0022263526916503906
0.0011401176452636719
0.0014390945434570312
0.0010020732879638672
0.0012853145599365234
0.002644062042236328
0.0010027885437011719
0.0
0.0
0.0
0.005862712860107422
0.002048015594482422
0.0006384849548339844
0.0021741390228271484
0.0013275146484375
0.001003265380859375
0.001130819320678711
0.0021169185638427734
0.0011646747589111328
0.0013816356658935547
0.0010030269622802734
0.0021419525146484375
0.0012416839599609375
0.0013325214385986328
0.0026946067810058594
0.0012369155883789062
0.0010023117065429688
0.002109527587890625
0.0010068416595458984
0.0009999275207519531
0.0021386146545410156
0.0014569759368896484
0.0014209747314453125
0.0013318061828613281
0.0010030269622802734
0.0
0.0024461746215820312
0.001100778579711914
0.0010042190551757812
0.0010571479797363281
0.0023779869079589844
0.0013551712036132812
0.0013358592987060547
0.0014841556549072266
0.001142263412475586
0.001329660415649414
0.0010266304016113281
0.0010156631469726562
0.0022182464599609375
0.0012879371643066406
0.0013995170593261719
0.0010275840759277344
0.0014491081237792969
0.0013911724090576172
0.0010018348693847656
0.0
0.0011386871337890625
0.0014843940734863281
0.002404928207397461
0.0010602474212646484
0.0010046958923339844
0.0010020732879638672
0.0027840137481689453
0.0013194084167480469
0.0014030933380126953
0.0013287067413330078
0.0010685920715332031
0.002117156982421875
0.0010955333709716797
0.0010020732879638672
0.0010004043579101562
0.00109100341796875
0.0013315677642822266
0.0024290084838867188
0.001064300537109375
0.0014634132385253906
0.0
0.0024695396423339844
0.0
0.0
0.0
0.0
0.008109092712402344
0.0
0.0014715194702148438
0.0014348030090332031
0.0020051002502441406
0.0012633800506591797
0.0014383792877197266
0.0010700225830078125
0.0009996891021728516
0.0024771690368652344
0.0011601448059082031
0.0010018348693847656
0.0023355484008789062
0.0010285377502441406
0.0010030269622802734
0.0009996891021728516
0.0012416839599609375
0.0020067691802978516
0.002004384994506836
0.0
0.0025014877319335938
0.002265453338623047
0.0013780593872070312
0.0020685195922851562
0.0009999275207519531
0.0
0.0024657249450683594
0.0012006759643554688
0.0011336803436279297
0.0012426376342773438
0.0013604164123535156
0.0011320114135742188
0.0013437271118164062
0.0010480880737304688
0.0010025501251220703
0.0014498233795166016
0.0009999275207519531
0.0009999275207519531
0.0010001659393310547
0.0021088123321533203
0.0
0.0014886856079101562
0.0010287761688232422
0.0012829303741455078
0.0010025501251220703
0.001035928726196289
0.0014526844024658203
0.0011374950408935547
0.0010614395141601562
0.0012826919555664062
0.0010235309600830078
0.0013089179992675781
0.0010058879852294922
0.0009999275207519531
0.00225830078125
0.0
0.0014498233795166016
0.00257110595703125
0.0011932849884033203
0.001439809799194336
0.0012977123260498047
0.001466512680053711
0.00118255615234375
0.0010035037994384766
0.0013093948364257812
0.0012209415435791016
0.0010175704956054688
0.0010042190551757812
0.0005865097045898438
0.0
0.0
0.0
0.006485462188720703
0.0011677742004394531
0.0013000965118408203
0.0010383129119873047
0.001012563705444336
0.0
0.0
0.0020148754119873047
0.001003265380859375
0.0010035037994384766
0.0011725425720214844
0.0013391971588134766
0.0027039051055908203
0.0023915767669677734
0.0013995170593261719
0.0013744831085205078
0.001028299331665039
0.0010025501251220703
0.0014834403991699219
0.0010495185852050781
0.0010030269622802734
0.0010020732879638672
0.0023374557495117188
0.0010559558868408203
0.0022423267364501953
0.0010304450988769531
0.001054525375366211
0.0010113716125488281
0.002259492874145508
0.0012366771697998047
0.0013794898986816406
0.0011353492736816406
0.0010826587677001953
0.001207590103149414
0.0010039806365966797
0.00115966796875
0.0024785995483398438
0.0012445449829101562
0.001003265380859375
0.0010068416595458984
0.0023157596588134766
0.0010025501251220703
0.0010023117065429688
0.0013222694396972656
0.0010085105895996094
0.0010993480682373047
0.0010137557983398438
0.0011739730834960938
0.0020551681518554688
0.0011136531829833984
0.0010018348693847656
0.0
0.0010263919830322266
0.001047372817993164
0.0010020732879638672
0.0014147758483886719
0.0010025501251220703
0.0010135173797607422
0.0010037422180175781
0.0010023117065429688
0.001008749008178711
0.001081705093383789
0.0010020732879638672
0.0
0.0010883808135986328
0.0010018348693847656
0.0010013580322265625
0.0012347698211669922
0.0021905899047851562
0.00101470947265625
0.0
0.0010142326354980469
0.0010018348693847656
0.001108407974243164
0.002275228500366211
0.0
0.0
0.0
0.004897356033325195
0.0011835098266601562
0.0012307167053222656
0.0011360645294189453
0.001003265380859375
0.0010249614715576172
0.0
0.002054452896118164
0.0011241436004638672
0.0012574195861816406
0.0011065006256103516
0.0011553764343261719
0.0010023117065429688
0.0010509490966796875
0.0011112689971923828
0.0011904239654541016
0.0
0.0010149478912353516
0.0010018348693847656
0.0021665096282958984
0.0013811588287353516
0.0010142326354980469
0.0010042190551757812
0.0021028518676757812
0.0010771751403808594
0.0010044574737548828
0.0023229122161865234
0.0010066032409667969
0.001005411148071289
0.0010182857513427734
0.002061605453491211
0.0011212825775146484
0.0011959075927734375
0.001004934310913086
0.0010018348693847656
0.002450227737426758
0.0020630359649658203
0.0
0.001031637191772461
0.0010612010955810547
0.0021185874938964844
0.0013680458068847656
0.0014553070068359375
0.0013484954833984375
0.0011322498321533203
0.0009999275207519531
0.0027632713317871094
0.0012450218200683594
0.002371072769165039
0.0012145042419433594
0.0013821125030517578
0.0014138221740722656
0.0014045238494873047
0.0012023448944091797
0.0009999275207519531
0.0
0.0
0.0025963783264160156
0.002415180206298828
0.0010023117065429688
0.0010004043579101562
0.002474546432495117
0.002140522003173828
0.0022628307342529297
0.0012676715850830078
0.0012853145599365234
0.0013802051544189453
0.0021562576293945312
0.0
0.002965211868286133
0.0011584758758544922
0.0010151863098144531
0.0012743473052978516
0.0014019012451171875
0.0015413761138916016
0.0009996891021728516
0.001051187515258789
0.001463174819946289
0.00140380859375
0.0010023117065429688
0.0020952224731445312
0.0011227130889892578
0.0014641284942626953
0.0013582706451416016
0.0021848678588867188
0.0021505355834960938
0.0010023117065429688
0.002195119857788086
0.0010335445404052734
0.0010161399841308594
0.0013587474822998047
0.001409769058227539
0.0027370452880859375
0.0010030269622802734
0.0024213790893554688
0.001233816146850586
0.0022432804107666016
0.0011737346649169922
0.0010006427764892578
0.001150369644165039
0.0
0.00251007080078125
0.0011205673217773438
0.0010249614715576172
0.0013866424560546875
0.002456188201904297
0.0025000572204589844
0.0014960765838623047
0.0014591217041015625
0.0011456012725830078
0.0024580955505371094
0.0
0.0014841556549072266
0.0013957023620605469
0.002743959426879883
0.0020868778228759766
0.001069784164428711
0.0014123916625976562
0.0010118484497070312
0.0022754669189453125
0.0011248588562011719
0.0014922618865966797
0.0013704299926757812
0.002336263656616211
0.0011298656463623047
0.0021250247955322266
0.0011005401611328125
0.0021865367889404297
0.00099945068359375
0.0009999275207519531
0.0009999275207519531
0.0010001659393310547
0.0009996891021728516
0.0010006427764892578
0.002122640609741211
0.0010025501251220703
0.0007548332214355469
0.0010848045349121094
0.001584768295288086
0.0014510154724121094
0.0020797252655029297
0.001007080078125
0.0013654232025146484
0.0013360977172851562
0.001003265380859375
0.0013794898986816406
0.0011849403381347656
0.0010037422180175781
0.0010082721710205078
0.002357959747314453
0.0009999275207519531
0.002495288848876953
0.0
0.0014994144439697266
0.002633810043334961
0.001054525375366211
0.0014290809631347656
0.0014650821685791016
0.0020165443420410156
0.0010035037994384766
0.0010228157043457031
0.0011534690856933594
0.002064943313598633
0.0010063648223876953
0.0010020732879638672
0.0
0.0014290809631347656
0.002485036849975586
0.0010042190551757812
0.0010340213775634766
0.0010037422180175781
0.0009684562683105469
0.0012509822845458984
0.001856088638305664
0.0010001659393310547
0.0
0.001402139663696289
0.0013914108276367188
0.0014102458953857422
0.0010020732879638672
0.0012423992156982422
0.001840829849243164
0.001008749008178711
0.001224517822265625
0.0
0.0
0.0014166831970214844
0.002477407455444336
0.0009999275207519531
0.0010001659393310547
0.0009999275207519531
0.0009999275207519531
0.0009996891021728516
0.0010001659393310547
0.0014829635620117188
0.0010039806365966797
0.0014605522155761719
0.0010035037994384766
0.0010027885437011719
0.0020279884338378906
0.001016378402709961
0.0023431777954101562
0.0009999275207519531
0.0009999275207519531
0.0011196136474609375
0.002164602279663086