0.0028846263885498047
0.003221273422241211
0.0021436214447021484
0.002028942108154297
0.0
0.0
0.0
0.0
0.0
0.01401519775390625
0.002187490463256836
0.002439737319946289
0.0022122859954833984
0.0023288726806640625
0.0022687911987304688
0.0030782222747802734
0.0020570755004882812
0.002132415771484375
0.002265453338623047
0.0020208358764648438
0.0025691986083984375
0.002200603485107422
0.0012629032135009766
0.0034210681915283203
0.0020263195037841797
0.0020599365234375
0.002105236053466797
0.0022897720336914062
0.002051115036010742
0.0020024776458740234
0.0021953582763671875
0.0025582313537597656
0.0022029876708984375
0.0030486583709716797
0.002139568328857422
0.0020284652709960938
0.0030677318572998047
0.0012545585632324219
0.0022482872009277344
0.0020253658294677734
0.0021483898162841797
0.0020482540130615234
0.0013344287872314453
0.002310037612915039
0.0
0.0
0.0
0.002782583236694336
0.002288341522216797
0.0023453235626220703
0.004609346389770508
0.0021746158599853516
0.0017192363739013672
0.0024232864379882812
0.0022830963134765625
0.0024788379669189453
0.002226114273071289
0.002202749252319336
0.0020072460174560547
0.0020492076873779297
0.0031044483184814453
0.002088308334350586
0.0020029544830322266
0.003187894821166992
0.002300262451171875
0.0023927688598632812
0.0022077560424804688
0.0023038387298583984
0.0020427703857421875
0.002211332321166992
0.002584695816040039
0.002371072769165039
0.002391815185546875
0.002384185791015625
0.001119852066040039
0.0028481483459472656
0.0020906925201416016
0.0022199153900146484
0.003448486328125
0.0026979446411132812
0.0012962818145751953
0.002248048782348633
0.0013613700866699219
0.002384185791015625
0.0021924972534179688
0.002058744430541992
0.0020341873168945312
0.0013837814331054688
0.0
0.0
0.0
0.0
0.0
0.0
0.002259492874145508
0.002310514450073242
0.0021245479583740234
0.0025653839111328125
0.0010020732879638672
0.003595590591430664
0.002057313919067383
0.00228118896484375
0.002477407455444336
0.002290010452270508
0.002403736114501953
0.0024602413177490234
0.0032269954681396484
0.001222372055053711
0.0026471614837646484
0.0030639171600341797
0.0012941360473632812
0.002813577651977539
0.0023212432861328125
0.002286672592163086
0.002222776412963867
0.002279996871948242
0.002437114715576172
0.002144336700439453
0.0021979808807373047
0.002306699752807617
0.002187013626098633
0.002672910690307617
0.002335071563720703
0.002268075942993164
0.002378702163696289
0.00228118896484375
0.0034689903259277344
0.0021543502807617188
0.001898050308227539
0.0
0.0
0.0062601566314697266
0.0
0.0
0.0
0.010232210159301758
0.002061128616333008
0.00217437744140625
0.002080202102661133
0.0025565624237060547
0.0024662017822265625
0.002008199691772461
0.002167940139770508
0.0021970272064208984
0.0024881362915039062
0.0011947154998779297
0.001001596450805664
0.002591371536254883
0.003498554229736328
0.002190113067626953
0.0014362335205078125
0.0031719207763671875
0.0021867752075195312
0.002177715301513672
0.0022323131561279297
0.002145051956176758
0.0024738311767578125
0.002229452133178711
0.002349376678466797
0.0026426315307617188
0.0019996166229248047
0.002321481704711914
0.0025696754455566406
0.0020186901092529297
0.0025560855865478516
0.0020520687103271484
0.002009153366088867
0.0022668838500976562
0.001407623291015625
0.0033609867095947266
0.002196073532104492
0.001302957534790039
0.0014619827270507812
0.0
0.0
0.009074687957763672
0.002091646194458008
0.002497434616088867
0.0025131702423095703
0.001127481460571289
0.002784252166748047
0.0023980140686035156
0.0027430057525634766
0.0035614967346191406
0.0021038055419921875
0.002084493637084961
0.0024912357330322266
0.0023734569549560547
0.0024864673614501953
0.002664804458618164
0.002338409423828125
0.002161741256713867
0.002317667007446289
0.002093076705932617
0.003225088119506836
0.0013875961303710938
0.003446340560913086
0.002252817153930664
0.002006053924560547
0.0020096302032470703
0.002744436264038086
0.002067089080810547
0.002338409423828125
0.0020952224731445312
0.0021581649780273438
0.002028942108154297
0.0023872852325439453
0.0020062923431396484
0.003018617630004883
0.002447366714477539
0.0030138492584228516
0.002036571502685547
0.0020818710327148438
0.002355813980102539
0.0027823448181152344
0.0
0.0
0.0
0.0
0.0
0.0
0.015420198440551758
0.0023708343505859375
0.0032851696014404297
0.002272367477416992
0.0020873546600341797
0.002467632293701172
0.0022492408752441406
0.0020661354064941406
0.002319812774658203
0.003032207489013672
0.0032777786254882812
0.0011305809020996094
0.0033121109008789062
0.002098560333251953
0.0021779537200927734
0.0023107528686523438
0.0013952255249023438
0.0024476051330566406
0.0031442642211914062
0.0022351741790771484
0.002229452133178711
0.0032050609588623047
0.002179861068725586
0.0012960433959960938
0.0027811527252197266
0.002412557601928711
0.002508401870727539
0.003204822540283203
0.0023822784423828125
0.0020971298217773438
0.002377033233642578
0.00140380859375
0.002458810806274414
0.0031023025512695312
0.0013794898986816406
0.0
0.00656580924987793
0.0
0.0029976367950439453
0.001249551773071289
0.0023310184478759766
0.0028455257415771484
0.0020842552185058594
0.002070903778076172
0.0023992061614990234
0.002315998077392578
0.0026960372924804688
0.001318216323852539
0.0020415782928466797
0.0026521682739257812
0.0021975040435791016
0.0025870800018310547
0.002141237258911133
0.0020029544830322266
0.0015001296997070312
0.0023725032806396484
0.002165555953979492
0.0025017261505126953
0.0022025108337402344
0.002239704132080078
0.002351999282836914
0.0023376941680908203
0.0022954940795898438
0.0025022029876708984
0.002496957778930664
0.002111196517944336
0.002134084701538086
0.002741575241088867
0.0024030208587646484
0.002034902572631836
0.002485990524291992
0.002350330352783203
0.001260995864868164
0.0033431053161621094
0.0011074542999267578
0.0034477710723876953
0.0023605823516845703
0.0
0.0
0.0
0.0
0.0
0.0
0.0
0.01544809341430664
0.002424955368041992
0.001157522201538086
0.0023741722106933594
0.002263307571411133
0.0023734569549560547
0.00232696533203125
0.0020432472229003906
0.0035796165466308594
0.002482891082763672
0.0010764598846435547
0.0024919509887695312
0.002185821533203125
0.0022542476654052734
0.002134561538696289
0.002100229263305664
0.0013384819030761719
0.0022652149200439453
0.0020575523376464844
0.0010170936584472656
0.0023870468139648438
0.002055644989013672
0.002058744430541992
0.0027942657470703125
0.0022096633911132812
0.0024802684783935547
0.002300739288330078
0.0025060176849365234
0.0020432472229003906
0.0025196075439453125
0.0024497509002685547
0.0021097660064697266
0.0022420883178710938
0.0024919509887695312
0.0021445751190185547
0.003040790557861328
0.0031270980834960938
0.0
0.002851247787475586
0.0
0.0
0.0
0.010741710662841797
0.0020241737365722656
0.0023598670959472656
0.0021119117736816406
0.0022237300872802734
0.0010418891906738281
0.003873586654663086
0.0
0.0
0.008211135864257812
0.0022039413452148438
0.0036673545837402344
0.0020072460174560547
0.002210855484008789
0.002287626266479492
0.003086090087890625
0.0012073516845703125
0.002336740493774414
0.0023512840270996094
0.001253366470336914
0.0023956298828125
0.002042055130004883
0.001058816909790039
0.0024242401123046875
0.002412557601928711
0.0020558834075927734
0.002252817153930664
0.002525806427001953
0.0010025501251220703
0.0033750534057617188
0.0022323131561279297
0.0014235973358154297
0.0020563602447509766
0.0022690296173095703
0.0031118392944335938
0.0020401477813720703
0.0014750957489013672
0.0022444725036621094
0.002327442169189453
0.0
0.0
0.0
0.0025472640991210938
0.0021278858184814453
0.0022039413452148438
0.004202127456665039
0.001264333724975586
0.0033257007598876953
0.002410411834716797
0.0011601448059082031
0.0010006427764892578
0.0025010108947753906
0.0022628307342529297
0.0025010108947753906
0.002570629119873047
0.0021529197692871094
0.0020329952239990234
0.0023336410522460938
0.0022780895233154297
0.0026252269744873047
0.0023369789123535156
0.002238035202026367
0.002305269241333008
0.0020911693572998047
0.0020062923431396484
0.0024819374084472656
0.002150297164916992
0.0022726058959960938
0.0021948814392089844
0.0023763179779052734
0.0021619796752929688
0.002465486526489258
0.0023758411407470703
0.0032405853271484375
0.0013816356658935547
0.0020933151245117188
0.002416849136352539
0.0025458335876464844
0.0022933483123779297
0.0023772716522216797
0.002362966537475586
0.0022194385528564453
0.0013568401336669922
0.001302480697631836
0.0
0.0
0.0
0.0
0.0
0.0
0.014980077743530273
0.0021135807037353516
0.0014514923095703125
0.0025551319122314453
0.0022063255310058594
0.0011327266693115234
0.0010962486267089844
0.0013997554779052734
0.0021545886993408203
0.0010128021240234375
0.003507852554321289
0.002444744110107422
0.0010082721710205078
0.0022897720336914062
0.001012563705444336
0.002328634262084961
0.0014863014221191406
0.002452373504638672
0.0022161006927490234
0.0024614334106445312
0.0011513233184814453
0.002646207809448242
0.0009999275207519531
0.0023686885833740234
0.002076387405395508
0.0013701915740966797
0.002436399459838867
0.001312255859375
0.001108407974243164
0.002119779586791992
0.001218557357788086
0.0013878345489501953
0.0010645389556884766
0.0011630058288574219
0.0026006698608398438
0.0022459030151367188
0.0009996891021728516
0.0010025501251220703
0.0013303756713867188
0.002025127410888672
0.0032553672790527344
0.0024437904357910156
0.0026764869689941406
0.0021202564239501953
0.0010027885437011719
0.0023221969604492188
0.0026056766510009766
0.0
0.0020058155059814453
0.0020904541015625
0.0
0.0032100677490234375
0.0
0.0
0.005739450454711914
0.0027632713317871094
0.0010123252868652344
0.002516031265258789
0.0022308826446533203
0.002351999282836914
0.003102540969848633
0.002223968505859375
0.0010023117065429688
0.002231597900390625
0.0020949840545654297
0.001313924789428711
0.002145051956176758
0.002172231674194336
0.0010213851928710938
0.0024802684783935547
0.002124786376953125
0.0
0.0
0.0
0.0
0.0
0.0
0.0
0.013584613800048828
0.001501321792602539
0.0014996528625488281
0.0014519691467285156
0.0023164749145507812
0.0022020339965820312
0.0020580291748046875
0.0011913776397705078
0.002376556396484375
0.002218484878540039
0.00308990478515625
0.0023245811462402344
0.002584695816040039
0.002140045166015625
0.0021119117736816406
0.001459360122680664
0.002461671829223633
0.0019998550415039062
0.0011756420135498047
0.0
0.0
0.0
0.0079803466796875
0.0020744800567626953
0.00118255615234375
0.0013432502746582031
0.002482175827026367
0.0012249946594238281
0.002231597900390625
0.0020363330841064453
0.0011844635009765625
0.0024666786193847656
0.0010912418365478516
0.0021529197692871094
0.002927064895629883
0.0022487640380859375
0.0025975704193115234
0.0009996891021728516
0.0014939308166503906
0.0012509822845458984
0.0028183460235595703
0.0010001659393310547
0.0011494159698486328
0.00205230712890625
0.0011878013610839844
0.002463817596435547
0.00127410888671875
0.0009996891021728516
0.002346038818359375
0.0011279582977294922
0.0025260448455810547
0.0022728443145751953
0.002063274383544922
0.002024412155151367
0.001428365707397461
0.0023355484008789062
0.003059864044189453
0.002524852752685547
0.0013110637664794922
0.001155853271484375
0.00246429443359375
0.0009996891021728516
0.003703594207763672
0.0012946128845214844
0.002545595169067383
0.0012428760528564453
0.0023870468139648438
0.0011968612670898438
0.0013589859008789062
0.002429962158203125
0.0022263526916503906
0.0011174678802490234
0.0020744800567626953
0.0012214183807373047
0.0
0.0
0.0
0.0
0.0
0.01442408561706543
0.0015017986297607422
0.002197265625
0.0022780895233154297
0.00241851806640625
0.0010380744934082031
0.002349853515625
0.0021474361419677734
0.0023508071899414062
0.0009999275207519531
0.001146078109741211
0.002091646194458008
0.0011129379272460938
0.0022363662719726562
0.002233743667602539
0.001027822494506836
0.002150297164916992
0.0021507740020751953
0.0017511844635009766
0.0011451244354248047
0.0026807785034179688
0.0010409355163574219
0.0013890266418457031
0.0024704933166503906
0.0011849403381347656
0.002838611602783203
0.0010004043579101562
0.002497434616088867
0.0032196044921875
0.0012133121490478516
0.0012333393096923828
0.0021355152130126953
0.001352071762084961
0.0022072792053222656
0.002332448959350586
0.002038717269897461
0.0012810230255126953
0.0013661384582519531
0.002270936965942383
0.002508878707885742
0.0009996891021728516
0.0014519691467285156
0.0020520687103271484
0.002238750457763672
0.002242565155029297
0.0005738735198974609
0.003109455108642578
0.0
0.0
0.0
0.0
0.008662700653076172
0.0036954879760742188
0.0012645721435546875
0.0009999275207519531
0.0010116100311279297
0.0021102428436279297
0.0010941028594970703
0.0013561248779296875
0.0025823116302490234
0.0013222694396972656
0.0035347938537597656
0.002000570297241211
0.002714872360229492
0.0023636817932128906
0.0010023117065429688
0.0023903846740722656
0.0010001659393310547
0.002814054489135742
0.002240896224975586
0.002021312713623047
0.0011355876922607422
0.0022459030151367188
0.002490997314453125
0.002233743667602539
0.0020134449005126953
0.0022673606872558594
0.0026140213012695312
0.0020134449005126953
0.002002716064453125
0.002402067184448242
0.0026526451110839844
0.001458883285522461
0.0014874935150146484
0.002064943313598633
0.0022394657135009766
0.001354217529296875
0.0014376640319824219
0.0014040470123291016
0.0020835399627685547
0.0012006759643554688
0.002122163772583008
0.0020308494567871094
0.0009999275207519531
0.0
0.0
0.0
0.0
0.0
0.0
0.01792001724243164
0.002012491226196289
0.0022275447845458984
0.002079486846923828
0.0022797584533691406
0.0021631717681884766
0.003156423568725586
0.002144336700439453
0.002412080764770508
0.0020503997802734375
0.0022330284118652344
0.002074718475341797
0.002185821533203125
0.0021839141845703125
0.0024912357330322266
0.002177000045776367
0.0021560192108154297
0.0010018348693847656
0.002323627471923828
0.0022377967834472656
0.0012497901916503906
0.002437114715576172
0.001317739486694336
0.0024237632751464844
0.0012602806091308594
0.0009996891021728516
0.002290487289428711
0.002290010452270508
0.0013446807861328125
0.0010001659393310547
0.0024552345275878906
0.0024619102478027344
0.002410888671875
0.0012137889862060547
0.0024383068084716797
0.0012497901916503906
0.0020265579223632812
0.0022368431091308594
0.0011794567108154297
0.002344369888305664
0.001451253890991211
0.001117706298828125
0.0028994083404541016
0.0
0.0
0.0
0.0
0.0
0.0
0.0
0.012074947357177734
0.003283262252807617
0.0020792484283447266
0.002242565155029297
0.0027403831481933594
0.0010762214660644531
0.0010824203491210938
0.002490997314453125
0.0023081302642822266
0.0012364387512207031
0.001219034194946289
0.0014469623565673828
0.002255678176879883
0.0010018348693847656
0.0011744499206542969
0.002069711685180664
0.0011353492736816406
0.0010938644409179688
0.002269744873046875
0.0009999275207519531
0.0023851394653320312
0.001077413558959961
0.0023345947265625
0.0024025440216064453
0.0020737648010253906
0.00244903564453125
0.0023720264434814453
0.0012352466583251953
0.0024437904357910156
0.0026466846466064453
0.0010502338409423828
0.0021469593048095703
0.002434253692626953
0.0033082962036132812
0.0014567375183105469
0.0010073184967041016
0.0023949146270751953
0.0021638870239257812
0.0020029544830322266
0.0022330284118652344
0.0014827251434326172
0.0020961761474609375
0.002392292022705078
0.0013375282287597656
0.0
0.0
0.0
0.01064920425415039
0.0
0.0
0.005778074264526367
0.002043008804321289
0.0023055076599121094
0.002093791961669922
0.002091646194458008
0.002275228500366211
0.0021049976348876953
0.002359151840209961
0.0024461746215820312
0.002218008041381836
0.0020303726196289062
0.002641439437866211
0.002135753631591797
0.002114534378051758
0.0021691322326660156
0.0021483898162841797
0.0024449825286865234
0.002475738525390625
0.00130462646484375
0.0028421878814697266
0.002720355987548828
0.0020852088928222656
0.002428293228149414
0.0013916492462158203
0.0021200180053710938
0.002628326416015625
0.0025894641876220703
0.002323150634765625
0.002197265625
0.0022039413452148438
0.0023636817932128906
0.0021419525146484375
0.0021026134490966797
0.002106904983520508
0.0022537708282470703
0.0010001659393310547
0.0022034645080566406
0.0023877620697021484
0.0009999275207519531
0.0
0.0
0.0
0.0
0.0
0.0
0.014927864074707031
0.002150297164916992
0.0012764930725097656
0.002470254898071289
0.0022318363189697266
0.0011444091796875
0.0023725032806396484
0.0020377635955810547
0.002074003219604492
0.0014431476593017578
0.002500772476196289
0.0020318031311035156
0.0023717880249023438
0.0010573863983154297
0.0023293495178222656
0.0014503002166748047
0.0021238327026367188
0.0010311603546142578
0.003292560577392578
0.0010025501251220703
0.0025169849395751953
0.001001596450805664
0.0025148391723632812
0.001386880874633789
0.0021331310272216797
0.002305746078491211
0.0014657974243164062
0.002366781234741211
0.0010628700256347656
0.0022034645080566406
0.002171754837036133
0.0010366439819335938
0.0022974014282226562
0.0025963783264160156
0.0021893978118896484
0.0010442733764648438
0.0020940303802490234
0.0020189285278320312
0.001135110855102539
0.0031592845916748047
0.0022170543670654297
0.0012230873107910156
0.002284526824951172
0.0009999275207519531
0.002692699432373047
0.0016069412231445312
0.0
0.0
0.0
0.0
0.0
0.0
0.011685371398925781
0.0010001659393310547
0.0013206005096435547
0.0024819374084472656
0.0011637210845947266
0.002614259719848633
0.002094268798828125
0.0011563301086425781
0.0011048316955566406
0.002432584762573242
0.002579927444458008
0.0014293193817138672
0.002176523208618164
0.0022149085998535156
0.002341747283935547
0.0010025501251220703
0.0038781166076660156
0.0014221668243408203
0.0022459030151367188
0.0010018348693847656
0.0010192394256591797
0.0023882389068603516
0.003090381622314453
0.0013763904571533203
0.0032029151916503906
0.002034425735473633
0.0023331642150878906
0.0023763179779052734
0.0020639896392822266
0.002084016799926758
0.001230001449584961
0.0015473365783691406
0.0022058486938476562
0.002312183380126953
0.002268552780151367
0.0023283958435058594
0.002209901809692383
0.0009999275207519531
0.0012664794921875
0.002228260040283203
0.002345561981201172
0.0010001659393310547
0.001226186752319336
0.0023398399353027344
0.002066373825073242
0.0
0.0036635398864746094
0.0
0.002226114273071289
0.0
0.0
0.0065419673919677734
0.0014388561248779297
0.0020515918731689453
0.0024111270904541016
0.0010027885437011719
0.0020203590393066406
0.0022430419921875
0.0021245479583740234
0.0022368431091308594
0.0026378631591796875
0.0012249946594238281
0.0010657310485839844
0.0025513172149658203
0.0014185905456542969
0.0012242794036865234
0.0012438297271728516
0.002408742904663086
0.0027341842651367188
0.0011627674102783203
0.0019996166229248047
0.00213623046875
0.0010027885437011719
0.0022592544555664062
0.0023238658905029297
0.006999492645263672
0.0030007362365722656
0.002000093460083008
0.002434253692626953
0.0034761428833007812
0.0032138824462890625
0.001999378204345703
0.0034623146057128906
0.0032520294189453125
0.0020003318786621094
0.0020003318786621094
0.003000020980834961
0.0023195743560791016
0.0020003318786621094
0.0019996166229248047
0.0020008087158203125
0.0035352706909179688
0.0020003318786621094
0.002000093460083008
0.0023555755615234375
0.0019998550415039062
0.0020003318786621094
0.0029997825622558594
0.0014810562133789062
0.0033559799194335938
0.0028371810913085938
0.003000020980834961
0.0020003318786621094
0.0019996166229248047
0.0019998550415039062
0.00099945068359375
0.002000093460083008
0.002000093460083008
0.0019998550415039062