0.8000
0.3129
0.2946
0.2254
0.2455
0.2325
0.2234
0.2179
0.2134
0.2201
0.2096
0.3044
0.3046
0.3193
0.2227
0.2288
0.2240
0.2186
0.2206
0.3354
0.2270
0.2268
0.2313
0.2275
0.2287
0.2178
0.3279
0.3067
0.2285
0.2242
0.2284
0.3090
0.2122
0.2225
0.2099
0.2280
0.2161
0.2146
0.2228
0.2243
0.2141
0.2197
0.2182
0.2186
0.2217
0.2241
0.2272
0.2184
0.2289
0.2135
0.2186
0.2227
0.2155
0.2339
0.2162
0.2183
0.3185
0.2230
0.2309
0.2203
0.2231
0.2239
0.3359
0.2341
0.2206
0.2125
0.2409
0.2990
0.2233
0.3000
0.2237
0.2277
0.2214
0.2268
0.2216
0.2175
0.2238
0.2242
0.2173
0.2166
0.3371
0.3188
0.2403
0.2305
0.2289
0.2312
0.2235
0.2204
0.3142
0.2185
0.2146
0.2253
0.2138
0.3021
0.3082
0.2925
0.2940
0.2925
0.2997
0.3085
0.2999
0.2949
0.3175
0.2366
0.2290
0.3278
0.2956
0.2248
0.2901
0.3003
0.2211
0.3099
0.2293
0.2230
0.2175
0.2282
0.2191
0.3099
0.3105
0.3079
0.3100
0.2959
0.2878
0.2193
0.2179
0.3081
0.3058
0.3026
0.3102
0.2155
0.3134
0.2992
0.3086
0.2188
0.3019
0.2141
0.2125
0.2147
0.2221
0.2169
0.2215
0.2158
0.2157
0.2139
0.2168
0.2202
0.2127
0.2142
0.2392
0.2302
0.2346
0.2156
0.2212
0.2339
0.2175
0.2189
0.2187
0.3517
0.2571
0.2538
0.2560
0.2595
0.2293
0.2913
0.2166
0.2134
0.3111
0.2141
0.2178
0.2917
0.3235
0.2838
0.2243
0.3011
0.2897
0.3103
0.3118
0.3030
0.3161
0.2283
0.2895
0.3130
0.3103
0.2253
0.2249
0.3088
0.3087
0.3043
0.2988
0.3012
0.3024
0.2189
0.2944
0.3054
0.2904
0.2184
0.2898
0.3026
0.2917
0.2934
0.2833
0.2929
0.6174
0.2985
0.2202
0.2986
0.2219
0.2226
0.3284
0.2940
0.2197
0.2188
0.2243
0.3099
0.3022
0.2129
0.2115
0.2175
0.3007
0.2957
0.2168
0.3054
0.3111
0.3063
0.3083
0.2999
0.3030
0.3014
0.2929
0.3033
0.2122
0.2889
0.2990
0.2979
0.3010
0.2131
0.2118
0.2803
0.2879
0.2149
0.3000
0.2140
0.2865
0.2885
0.2107
0.2108
0.2136
0.2153
0.2117
0.2188
0.3085
0.2989
0.2132
0.2167
0.2778
0.2894
0.2168
0.2208
0.2891
0.2864
0.2095
0.2109
0.2955
0.2144
0.2140
0.3080
0.3099
0.2213
0.2123
0.2115
0.2179
0.3148
0.2830
0.2204
0.3104
0.2151
0.2121
0.2927
0.3043
0.2880
0.2942
0.2922
0.2113
0.2132
0.2923
0.2936
0.2868
0.2130
0.2987
0.2927
0.2988
0.2145
0.2138
0.2932
0.2816
0.2109
0.2169
0.2112
0.2159
0.2188
0.3051
0.3044
0.2122
0.2112
0.2929
0.2912
0.2858
0.2966
0.2973
0.3211
0.3143
0.2995
0.2976
0.3112
0.2935
0.3017
0.2891
0.2831
0.2118
0.2815
0.2101
0.2789
0.2972
0.2977
0.2103
0.2946
0.3032
0.3024
0.2332
0.2118
0.2107
0.2096
0.2160
0.2995
0.3035
0.2945
0.2137
0.2132
0.2925
0.2113
0.2103
0.2118
0.2187
0.2122
0.2149
0.2955
0.3036
0.2164
0.2099
0.2180
0.2854
0.2132
0.2115
0.2950
0.2789
0.3009
0.2916
0.2950
0.2145
0.2783
0.2908
0.2869
0.2134
0.2858
0.2167
0.2142
0.2113
0.2141
0.2124
0.2905
0.2181
0.3005
0.2990
0.2175
0.2939
0.2118
0.2158
0.2151
0.2145
0.2176
0.2087
0.2106
0.2093
0.2169
0.2207
0.2223
0.2112
0.2119
0.2303
0.3273
0.2254
0.3089
0.2149
0.2942
0.2225
0.2865
0.2945
0.2188
0.2826
0.2149
0.2098
0.2854
0.2156
0.2833
0.2157
0.2104
0.2096
0.2220
0.2101
0.2117
0.2180
0.2206
0.2110
0.2164
0.2127
0.2134
0.2125
0.2139
0.2107
0.2195
0.2100
0.2287
0.2301
0.2111
0.4024
0.3077
0.2124
0.2090
0.2139
0.2093
0.2116
0.2101
0.2096
0.2105
0.2208
0.2124
0.2150
0.2147
0.2128
0.2134
0.2098
0.2105
0.2126
0.2135
0.2224
0.2153
0.2159
0.2192
0.2186
0.2140
0.2167
0.2251
0.2120
0.2387
0.2105
0.2113
0.2134
0.2103
0.2154
0.2126
0.2107
0.2101
0.2099
0.2106
0.2159
0.2121
0.2081
0.3065
0.3093
0.3031
0.3002
0.2967
0.2987
0.2104
0.2925
0.2127
0.3079
0.2747
0.3004
0.2999
0.2989
0.2960
0.2099
0.2899
0.2096
0.2841
0.2138
0.2846
0.2091
0.2957
0.2841
0.2087
0.2163
0.2107
0.2112
0.2268
0.2108
0.2085
0.2150
0.2101
0.2118
0.2144
0.2143
0.2090
0.2232
0.2173
0.2115
0.2153
0.2117
0.2161
0.2090
0.2090
0.2093
0.2103
0.2168
0.2142
0.2079
0.2095
0.2122
0.2106
0.2094
0.2099
0.2993
0.2160
0.2111
0.3021
0.2825
0.2155
0.2114
0.2109
0.2133
0.3022
0.3018
0.2189
0.2174
0.2147
0.2894
0.2160
0.3032
0.3097
0.2208
0.2191
0.2116
0.2128
0.2162
0.2085
0.2113
0.3070
0.2140
0.2145
0.2156
0.2155
0.2147
0.2101
0.2097
0.2095
0.2133
0.2879
0.2117
0.2108
0.2104
0.2105
0.2193
0.3026
0.2102
0.2092
0.3009
0.2360
0.2151
0.2082
0.2978
0.2179
0.2085
0.2125
0.2099
0.2185
0.2175
0.2091
0.2159
0.2116
0.2118
0.2162
0.2144
0.3086
0.2133
0.2147
0.2091
0.2105
0.2098
0.2970
0.2934
0.2222
0.2143
0.2104
0.3012
0.2131
0.2090
0.2108
0.2417
0.2109
0.2132
0.2153
0.3036
0.3010
0.2134
0.2083
0.2084
0.2146
0.2116
0.2120
0.2103
0.2102
0.3040
0.2094
0.2088
0.2124
0.2108
0.2092
0.2117
0.2132
0.2094
0.2101
0.2108
0.2136
0.2132
0.2114
0.2077
0.2095
0.2135
0.2102
0.2093
0.2106
0.2134
0.2100
0.2080
0.2110
0.3146
0.2181
0.2172
0.2147
0.2109
0.2091
0.2116
0.2119
0.2098
0.2101
0.2172
0.2147
0.2099
0.2438
0.2402
0.2423
0.3136
0.2374
0.2437
0.2234
0.2218
0.2369
0.2315
0.2201
0.2341
0.2336
0.2336
0.2360
0.2288
0.2227
0.3322
0.2206
0.2148
0.2175
0.2182
0.2147
0.2109
0.2099
0.2119
0.2281
0.2396
0.2371
0.2258
0.2098
0.2164
0.2191
0.2173
0.2157
0.2152
0.2120
0.2911
0.2197
0.2148
0.2156
0.2142
0.2103
0.2122
0.3230
0.2124
0.3067
0.3019
0.2184
0.3033
0.2133
0.2101
0.2142
0.2110
0.2971
0.2111
0.3019
0.2096
0.2149
0.2114
0.2132
0.2904
0.2077
0.2091
0.2121
0.2107
0.2112
0.2144
0.2145
0.2095
0.2978
0.2109
0.2101
0.2123
0.3171
0.2240
0.2124
0.2098
0.2106
0.2148
0.2918
0.2179
0.2167
0.2110
0.3057
0.2133
0.2138
0.2279
0.2107
0.2111
0.2791
0.2169
0.2188
0.2960
0.2929
0.4911
0.3070
0.3016
0.2112
0.3017
0.3003
0.2967
0.2139
0.2920
0.3098
0.3088
0.2116
0.2916
0.2993
0.2129
0.2110
0.2177
0.2091
0.3016
0.2272
0.2868
0.2955
0.2122
0.2095
0.2120
0.2106
0.2115
0.2112
0.2146
0.2124
0.2106
0.2122
0.2135
0.2136
0.2099
0.2091
0.2100
0.2098
0.2135
0.2128
0.2104
0.2095
0.2103
0.2397
0.2112
0.2098
0.2082
0.2111
0.2119
0.2163
0.2178
0.2130
0.2265
0.2205
0.2120
0.2080
0.2122
0.2139
0.2194
0.2165
0.2100
0.2097
0.2111
0.3025
0.2124
0.2154
0.2122
0.2126
0.2140
0.2127
0.2109
0.2154
0.2195
0.2267
0.2093
0.2109
0.2121
0.2139
0.2096
0.3040
0.2167
0.2916
0.2135
0.2103
0.2100
0.2110
0.2138
0.2085
0.2696
0.2280
0.2537
0.2121
0.2127
0.2124
0.2151
0.2810
0.2127
0.2123
0.2179
0.2127
0.2246
0.2145
0.2955
0.2222
0.2147
0.2122
0.2329
0.3203
0.2169
0.3000
0.2115
0.2101
0.2095
0.2150
0.3017
0.2170
0.3136
0.2326
0.3055
0.2145
0.2905
0.2179
0.3009
0.2961
0.2121
0.2113
0.2293
0.2859
0.2170
0.3215
0.2123
0.2096
0.2109
0.2940
0.2143
0.2122
0.2094
0.2148
0.2106
0.2177
0.2105
0.2096
0.2118
0.2112
0.2154
0.2153
0.2144
0.2960
0.2102
0.2985
0.2192
0.2191
0.2151
0.2109
0.3030
0.2180
0.2126
0.2167
0.2188
0.2396
0.2320
0.2192
0.2173
0.2126
0.2133
0.2147
0.2159
0.2106
0.3032
0.2829
0.2186
0.2177
0.2145
0.2144
0.2137
0.2136
0.2113
0.2869
0.2170
0.2124
0.2173
0.2151
0.2147
0.2121
0.2139
0.2134
0.2121
0.2903
0.2115
0.2092
0.2118
0.2088
0.2088
0.2103
0.2102
0.2129
0.2141
0.2114
0.2143
0.2139
0.2089
0.2095
0.2147
0.2120
0.2162
0.2118
0.2122
0.2137
0.2171
0.2164
0.2154
0.2103
0.2964
0.2165
0.3082
0.2110
0.2912
0.2122
0.2122
0.2134
0.2103
0.2100
0.2113
0.2094
0.2118
0.2136
0.2104
0.2104
0.2116
0.2147
0.2117
0.2232
0.3108
0.2131
0.2126
0.2176
0.2140
0.3005
0.2160
0.3092
0.2332
0.3163
0.2164
0.2249
0.2178
0.2251
0.2228
0.2182
0.2204
0.2200
0.2185
0.3044
0.2211
0.2213
0.2159
0.2205