0.3222
0.3120
0.2192
0.2224
0.2242
0.2176
0.2224
0.2258
0.2188
0.2153
0.2234
0.2194
0.2195
0.2175
0.2184
0.2172
0.2225
0.2192
0.2191
0.2194
0.2332
0.2178
0.2192
0.2229
0.2248
0.2238
0.2212
0.2146
0.2215
0.2182
0.2201
0.2154
0.3088
0.3129
0.3111
0.2207
0.2160
0.3015
0.3161
0.2961
0.2163
0.2130
0.3010
0.2894
0.5080
0.2163
0.3189
0.2159
0.2167
0.2142
0.2179
0.2139
0.2193
0.2273
0.2125
0.2138
0.2309
0.2157
0.2170
0.2135
0.2356
0.2297
0.2177
0.2168
0.2117
0.2152
0.2147
0.2170
0.2350
0.2223
0.2175
0.2167
0.2158
0.2224
0.2189
0.2213
0.2962
0.2227
0.2154
0.2180
0.3119
0.3031
0.2989
0.2146
0.2186
0.2150
0.3576
0.2563
0.3064
0.3070
0.3029
0.3129
0.3002
0.2994
0.3095
0.2980
0.2264
0.2222
0.3117
0.2148
0.3110
0.3086
0.3250
0.2936
0.2295
0.3116
0.2298
0.2242
0.2271
0.3147
0.2838
0.2270
0.3032
0.2253
0.2240
0.2220
0.2167
0.2238
0.2198
0.3160
0.2196
0.2174
0.2165
0.2227
0.2850
0.2884
0.2387
0.2195
0.2401
0.3156
0.2214
0.3046
0.3297
0.3140
0.3078
0.2325
0.3222
0.3113
0.3186
0.3053
0.2235
0.3065
0.2270
0.2169
0.3144
0.2356
0.2176
0.3086
0.2160
0.2167
0.3195
0.2239
0.2170
0.2228
0.2168
0.2162
0.2240
0.2187
0.2146
0.2254
0.2310
0.2324
0.2179
0.2267
0.2386
0.2169
0.2232
0.2980
0.3007
0.2966
0.3405
0.3215
0.3184
0.3169
0.3129
0.3141
0.2207
0.2915
0.3314
0.3280
0.2209
0.2210
0.3056
0.2233
0.2986
0.3097
0.2999
0.3130
0.2905
0.2962
0.2908
0.3044
0.2854
0.2970
0.2984
0.2939
0.2157
0.3065
0.2928
0.2177
0.2879
0.2904
0.2196
0.2969
0.2943
0.3099
0.3035
0.2884
0.2161
0.2188
0.2126
0.2188
0.3083
0.3396
0.3345
0.3030
0.3052
0.3010
0.2937
0.2977
0.3045
0.3038
0.3009
0.3064
0.2250
0.2164
0.2964
0.2791
0.2964
0.2171
0.2150
0.2174
0.3026
0.3081
0.2110
0.3187
0.2154
0.2120
0.2108
0.2188
0.2122
0.2107
0.2147
0.2177
0.2240
0.2297
0.2177
0.2157
0.2432
0.2280
0.2203
0.2492
0.2210
0.2234
0.2492
0.2249
0.2251
0.2190
0.2151
0.2140
0.2186
0.2152
0.2200
0.2146
0.2173
0.2205
0.2173
0.2144
0.2146
0.2123
0.2178
0.2140
0.2191
0.2140
0.2128
0.2913
0.3164
0.3066
0.3092
0.2167
0.3012
0.3088
0.2915
0.3002
0.3015
0.2942
0.2102
0.2159
0.2929
0.2175
0.2960
0.2914
0.2850
0.2848
0.2925
0.2138
0.3059
0.2193
0.2888
0.2849
0.3038
0.2970
0.2821
0.2144
0.2882
0.2977
0.2166
0.3025
0.2165
0.2106
0.3010
0.3020
0.3038
0.3111
0.2128
0.3031
0.2919
0.3014
0.4946
0.2822
0.2170
0.2983
0.2958
0.2156
0.2132
0.2103
0.2845
0.2939
0.2098
0.2083
0.2898
0.2991
0.2928
0.2103
0.2996
0.3053
0.3154
0.2957
0.3131
0.3048
0.3033
0.2141
0.2987
0.3024
0.3064
0.2312
0.3398
0.2130
0.3020
0.3106
0.3021
0.2110
0.2985
0.3010
0.2906
0.2964
0.3011
0.2123
0.2144
0.2932
0.2973
0.2973
0.2945
0.2967
0.2948
0.3099
0.2935
0.3058
0.2168
0.3013
0.2145
0.2831
0.2152
0.2158
0.3028
0.2145
0.2102
0.3035
0.3036
0.2129
0.2926
0.2103
0.3015
0.2160
0.2883
0.2186
0.2093
0.2136
0.2121
0.2098
0.2100
0.2979
0.2114
0.2102
0.2943
0.2159
0.2173
0.2089
0.2093
0.2104
0.2115
0.2138
0.2170
0.2985
0.2168
0.2171
0.3071
0.2151
0.2102
0.2127
0.2981
0.2120
0.3053
0.2958
0.2148
0.2913
0.2121
0.2945
0.2151
0.3107
0.2291
0.2099
0.2112
0.2887
0.2096
0.3038
0.2166
0.2793
0.2138
0.2131
0.2149
0.2117
0.3096
0.2125
0.2105
0.2113
0.2154
0.2161
0.2138
0.2117
0.2127
0.2103
0.2128
0.2165
0.2131
0.2116
0.2147
0.2125
0.2110
0.2155
0.2119
0.2127
0.2134
0.2104
0.2118
0.2099
0.2148
0.2093
0.2124
0.2113
0.3064
0.2138
0.2263
0.2319
0.2139
0.3056
0.2182
0.3014
0.2139
0.2126
0.2117
0.2120
0.2088
0.2116
0.2104
0.2191
0.2092
0.2123
0.2906
0.2152
0.2820
0.2124
0.2128
0.2104
0.2263
0.2147
0.2106
0.2110
0.2080
0.2112
0.2165
0.2106
0.2112
0.2149
0.2102
0.2120
0.2102
0.2118
0.2105
0.2142
0.2119
0.2134
0.2099
0.2147
0.2151
0.2149
0.2146
0.2199
0.2106
0.2150
0.2120
0.2123
0.2140
0.2107
0.2160
0.2111
0.2096
0.2938
0.2162
0.2145
0.2150
0.2134
0.2154
0.2106
0.2093
0.2955
0.2108
0.2122
0.2156
0.2133
0.2106
0.2161
0.2142
0.2129
0.2118
0.2127
0.2130
0.2141
0.2152
0.2139
0.2221
0.2138
0.2220
0.2172
0.2203
0.2095
0.2122
0.2192
0.2101
0.2147
0.2179
0.2108
0.2141
0.2200
0.2152
0.2090
0.2137
0.2121
0.2115
0.2123
0.2155
0.2209
0.2125
0.2138
0.2978
0.2181
0.2111
0.2935
0.2092
0.2981
0.2934
0.2145
0.2829
0.3008
0.3008
0.2944
0.2980
0.2972
0.2114
0.2137
0.2111
0.2836
0.2166
0.2144
0.2858
0.2144
0.2981
0.2189
0.2105
0.2930
0.2143
0.3096
0.2175
0.2107
0.2096
0.2155
0.2126
0.2170
0.2130
0.2104
0.2091
0.2958
0.2901
0.2159
0.2104
0.3962
0.2102
0.2127
0.2089
0.2084
0.3032
0.3058
0.2138
0.2109
0.2857
0.2937
0.2104
0.2082
0.2080
0.2104
0.2149
0.2976
0.2134
0.2092
0.2123
0.2096
0.2094
0.2110
0.2099
0.2138
0.2154
0.2141
0.3049
0.2116
0.3020
0.2155
0.2096
0.2159
0.2914
0.2119
0.2112
0.2976
0.2102
0.3007
0.2114
0.2996
0.2999
0.2105
0.2136
0.2963
0.2201
0.2956
0.2778
0.2151
0.2111
0.2144
0.3046
0.2131
0.2109
0.3058
0.2104
0.2103
0.2141
0.2858
0.3072
0.2918
0.2174
0.2284
0.2152
0.2188
0.2999
0.2146
0.2116
0.2170
0.2166
0.2835
0.2140
0.2080
0.2140
0.2118
0.2091
0.2996
0.2955
0.2087
0.2131
0.2148
0.2132
0.2799
0.2890
0.2096
0.2194
0.2153
0.2095
0.2134
0.2094
0.2124
0.2131
0.2097
0.2108
0.2115
0.3072
0.2109
0.2099
0.2083
0.2119
0.2177
0.2155
0.2926
0.2795
0.2096
0.3032
0.2173
0.2129
0.2160
0.2106
0.2961
0.2099
0.2097
0.2162
0.2146
0.2231
0.3044
0.2153
0.2967
0.2208
0.3088
0.2223
0.2182
0.3033
0.2242
0.2139
0.2168
0.2146
0.2296
0.2161
0.2092
0.2957
0.2101
0.2897
0.2168
0.2854
0.2195
0.2880
0.2162
0.2116
0.2107
0.2126
0.2165
0.2183
0.2254
0.2195
0.2180
0.2088
0.2127
0.2091
0.2102
0.2101
0.2162
0.2864
0.2132
0.2179
0.3063
0.2161
0.2116
0.3041
0.2129
0.2167
0.2865
0.2196
0.2978
0.2157
0.2113
0.2120
0.2145
0.2110
0.2905
0.2122
0.3006
0.2185
0.2161
0.2167
0.2189
0.2190
0.2137
0.2113
0.2917
0.2167
0.2181
0.2125
0.2134
0.2124
0.2095
0.2111
0.2122
0.2144
0.2150
0.2090
0.2098
0.2159
0.2112
0.2100
0.2097
0.2136
0.2136
0.2143
0.2152
0.2101
0.2130
0.2187
0.2129
0.2120
0.2094
0.2113
0.2138
0.2088
0.2098
0.2114
0.2158
0.2125
0.2113
0.2112
0.2108
0.2121
0.2127
0.2119
0.2143
0.2100
0.2149
0.2115
0.2194
0.2162
0.2147
0.2109
0.2096
0.2161
0.2105
0.2144
0.2132
0.2164
0.2188
0.2146
0.2165
0.2089
0.2105
0.2183
0.2121
0.2122
0.2127
0.2117
0.2229
0.2158
0.2170
0.2092
0.2121
0.2098
0.2166
0.2106
0.2287
0.2138
0.2144
0.2126
0.2222
0.2165
0.2135
0.2111
0.2102
0.2118
0.2126
0.2167
0.2170
0.2107
0.2100
0.2139
0.2181
0.2139
0.2147
0.2144
0.2139
0.2106
0.2094
0.2146
0.2112
0.2890
0.2138
0.2862
0.2947
0.2980
0.2129
0.2151
0.2985
0.2301
0.2932
0.2168
0.2978
0.2184
0.2135
0.2093
0.3008
0.2160
0.2145
0.2195
0.2171
0.3077
0.2110
0.2121
0.2116
0.2165
0.2781
0.2865
0.2197
0.2151
0.2133
0.2093
0.3001
0.2135
0.2161
0.2109
0.2936
0.2164
0.2962
0.2099
0.2860
0.2186
0.2917
0.2128
0.2917
0.2126
0.2844
0.2198
0.2105
0.2213
0.2190
0.2182
0.2132
0.2119
0.2104
0.2124
0.2253
0.2134
0.2109
0.2117
0.2142
0.2229
0.2095
0.2136
0.2098
0.2159
0.2108
0.2166
0.2245
0.2950
0.2189
0.2192
0.2119
0.3000
0.2149
0.2093
0.2113
0.3055
0.2120
0.2104
0.2099
0.2114
0.3952
0.2147
0.2098
0.2092
0.2134
0.2136
0.2093
0.2104
0.2107
0.2139
0.2156
0.2112
0.2094
0.2157
0.2152
0.2111
0.2104
0.2139
0.2151
0.2145
0.2116
0.2104
0.2125
0.2100
0.2127
0.2191
0.2171
0.2118
0.2192
0.2158
0.2178
0.2124
0.2212
0.2114
0.2174
0.2127
0.2225