0.3033
0.3028
0.2122
0.3045
0.2916
0.2159
0.2177
0.2971
0.2871
0.2996
0.2967
0.2929
0.2996
0.2948
0.2092
0.2163
0.2153
0.2126
0.2143
0.2247
0.2979
0.2975
0.3012
0.3037
0.2145
0.2164
0.2140
0.2093
0.3073
0.3010
0.2183
0.2156
0.2129
0.2090
0.2115
0.2108
0.2192
0.2134
0.2115
0.2971
0.2158
0.2123
0.2124
0.2894
0.2959
0.2809
0.2143
0.2126
0.2129
0.2141
0.2112
0.2146
0.2978
0.2984
0.2104
0.2126
0.2097
0.2173
0.2107
0.2402
0.2247
0.3288
0.2182
0.3014
0.2980
0.2175
0.2113
0.2149
0.2096
0.2140
0.2098
0.2699
0.2806
0.2132
0.2153
0.2169
0.2186
0.2125
0.2148
0.2112
0.2130
0.2188
0.2085
0.2128
0.2151
0.2110
0.2129
0.2930
0.2105
0.2948
0.2117
0.2238
0.3153
0.2149
0.2105
0.2106
0.2172
0.2136
0.2131
0.2196
0.3100
0.3005
0.3074
0.2985
0.2123
0.2951
0.3051
0.2963
0.5181
0.2974
0.2900
0.2883
0.2999
0.2130
0.3065
0.2868
0.2158
0.3312
0.3059
0.2808
0.2131
0.2076
0.2956
0.2163
0.3055
0.2146
0.2199
0.2149
0.2855
0.2209
0.2909
0.2117
0.2156
0.2948
0.2119
0.2099
0.2134
0.2099
0.2075
0.2096
0.2117
0.2888
0.2942
0.2101
0.2162
0.2188
0.2197
0.2157
0.2154
0.2134
0.2173
0.2091
0.2097
0.2123
0.3003
0.2122
0.2950
0.2097
0.2144
0.2109
0.2120
0.2133
0.2139
0.2147
0.2141
0.2110
0.2143
0.3044
0.2949
0.3005
0.2863
0.2962
0.2984
0.3033
0.2173
0.2138
0.2986
0.2738
0.2855
0.2959
0.2996
0.2170
0.2153
0.2159
0.2175
0.2177
0.2111
0.2158
0.2118
0.2170
0.2169
0.2966
0.2149
0.2178
0.2143
0.2138
0.2121
0.2921
0.2124
0.2130
0.2104
0.2098
0.2163
0.2174
0.2148
0.2121
0.2127
0.2108
0.2164
0.2132
0.2144
0.2173
0.2162
0.2137
0.2110
0.2113
0.2115
0.2135
0.2131
0.2141
0.2157
0.2128
0.2109
0.2128
0.2118
0.2120
0.2112
0.2149
0.2198
0.2137
0.2140
0.2164
0.2168
0.2106
0.2096
0.2152
0.2129
0.2110
0.2112
0.2126
0.2772
0.2143
0.2128
0.2202
0.2848
0.2961
0.2914
0.2150
0.2104
0.2957
0.2091
0.3026
0.2174
0.3023
0.2105
0.2105
0.2123
0.2987
0.2998
0.2962
0.2925
0.2186
0.2954
0.2151
0.2085
0.2118
0.2106
0.2130
0.2960
0.3012
0.2997
0.2146
0.2111
0.2149
0.2135
0.3013
0.2130
0.2957
0.2157
0.2146
0.2172
0.2139
0.2149
0.2749
0.2134
0.3000
0.2147
0.2094
0.2099
0.2110
0.2143
0.2130
0.2113
0.2128
0.2135
0.2976
0.2182
0.2147
0.2108
0.2108
0.2100
0.2922
0.2929
0.3038
0.2153
0.2117
0.2128
0.2766
0.2892
0.2139
0.2842
0.2179
0.2181
0.2825
0.2158
0.2854
0.2134
0.2104
0.2138
0.2124
0.2101
0.3012
0.2124
0.2144
0.2141
0.2723
0.2091
0.2832
0.2907
0.2102
0.2129
0.2157
0.2085
0.2103
0.2182
0.2968
0.2150
0.2271
0.2275
0.2116
0.2137
0.2234
0.2342
0.2274
0.2125
0.2113
0.2122
0.2940
0.2124
0.2125
0.2158
0.2160
0.2117
0.2096
0.2147
0.2114
0.2106
0.2109
0.2208
0.2107
0.2225
0.2117
0.2175
0.2225
0.2141
0.2144
0.2199
0.2110
0.2117
0.2104
0.2157
0.2108
0.2878
0.2093
0.2088
0.2116
0.2106
0.2101
0.2144
0.2857
0.2160
0.2763
0.2175
0.2205
0.2286
0.2117
0.2090
0.2881
0.2109
0.2105
0.2096
0.2112
0.2965
0.2163
0.2197
0.2137
0.3044
0.2095
0.2095
0.2946
0.2120
0.2118
0.2930
0.2131
0.2092
0.2135
0.2154
0.2356
0.2306
0.2223
0.2159
0.2134
0.2184
0.2139
0.2117
0.2170
0.2155
0.2188
0.2188
0.2128
0.2126
0.2109
0.2105
0.2128
0.2146
0.2139
0.2152
0.2172
0.2215
0.2112
0.2477
0.2454
0.2433
0.2475
0.2296
0.2178
0.2140
0.2134
0.2123
0.2093
0.2153
0.2102
0.2112
0.2134
0.2119
0.2142
0.3940
0.2108
0.2140
0.2109
0.2158
0.2120
0.2143
0.2223
0.2145
0.2110
0.2153
0.2168
0.2105
0.2140
0.2162
0.2098
0.2182
0.2119
0.2117
0.2089
0.2158
0.2149
0.2144
0.2210
0.2104
0.2167
0.2175
0.2171
0.2183
0.2135
0.2108
0.2135
0.2150
0.2169
0.2095
0.2112
0.2136
0.2104
0.2173
0.2145
0.2095
0.2130
0.2163
0.2113
0.2144
0.2172
0.2174
0.2211
0.2127
0.2135
0.2106
0.2110
0.2123
0.2155
0.2153
0.2129