0.3081
0.2970
0.2979
0.2108
0.2092
0.2164
0.2342
0.2119
0.2890
0.2998
0.2882
0.3035
0.2109
0.2123
0.2113
0.2095
0.2109
0.2113
0.2128
0.2121
0.2119
0.2163
0.2103
0.2958
0.2089
0.2094
0.2120
0.2094
0.2128
0.2137
0.2122
0.3130
0.2225
0.2170
0.2117
0.2167
0.2103
0.2107
0.2081
0.2113
0.2886
0.2992
0.2167
0.2123
0.2810
0.2827
0.2118
0.2109
0.2109
0.2139
0.2109
0.2116
0.2098
0.2080
0.2892
0.2877
0.3223
0.2180
0.2275
0.2090
0.2941
0.2129
0.2128
0.2098
0.2121
0.2982
0.2152
0.2135
0.2136
0.2082
0.2068
0.2140
0.3016
0.2109
0.2259
0.2484
0.2128
0.2106
0.2113
0.2099
0.2105
0.2144
0.2182
0.3013
0.3026
0.3020
0.2985
0.2997
0.3024
0.2968
0.3006
0.3024
0.2989
0.3017
0.2997
0.2114
0.2149
0.2771
0.3031
0.3053
0.2840
0.2983
0.3026
0.2999
0.2096
0.2960
0.2148
0.2857
0.2943
0.2130
0.2105
0.2964
0.2218
0.2171
0.2108
0.2124
0.3017
0.2107
0.2139
0.2171
0.2173
0.2109
0.2101
0.2152
0.2122
0.2099
0.2129
0.2142
0.2817
0.2806
0.3006
0.2926
0.3011
0.3076
0.2939
0.3017
0.2927
0.3026
0.2957
0.3037
0.2153
0.2215
0.2398
0.2131
0.2129
0.2957
0.2121
0.2114
0.2108
0.2141
0.2129
0.2090
0.2096
0.2105
0.2100
0.2109
0.2112
0.2146
0.2114
0.2161
0.2121
0.2121
0.2099
0.2107
0.2162
0.2115
0.2157
0.2134
0.2121
0.2160
0.2092
0.2162
0.2142
0.2091
0.2098
0.2128
0.2124
0.2107
0.2112
0.2119
0.2123
0.2142
0.2139
0.2124
0.2179
0.2128
0.2154
0.2119
0.2113
0.3028
0.3060
0.2963
0.2093
0.2090
0.2105
0.2929
0.2141
0.2115
0.2180
0.2211
0.2125
0.2111
0.2106
0.2114
0.2152
0.2252
0.2246
0.2107
0.2150
0.2147
0.2138
0.2136
0.2103
0.2201
0.2338
0.2165
0.2100
0.2098
0.2098
0.2119
0.2174
0.2103
0.2142
0.2133
0.2132
0.2149
0.2129
0.2138
0.2087
0.2097
0.2167
0.2077
0.2089
0.2118
0.2844
0.3073
0.2934
0.2847
0.2955
0.2821
0.2994
0.2141
0.2983
0.3005
0.2834
0.2137
0.2118
0.2148
0.2159
0.2971
0.2102
0.3015
0.2198
0.2136
0.2840
0.3063
0.2782
0.3050
0.2883
0.2138
0.2106
0.2092
0.4985
0.2931
0.2131
0.2909
0.2908
0.2103
0.2085
0.2085
0.2121
0.3001
0.2146
0.2097
0.3100
0.2898
0.2936
0.2103
0.2192
0.2091
0.2799
0.2108
0.2091
0.2120
0.2102
0.2154
0.3010
0.2977
0.2134
0.2157
0.2893
0.2915
0.2127
0.3046
0.2148
0.2153
0.2131
0.2851
0.3019
0.2115
0.2111
0.2136
0.2089
0.2109
0.2165
0.2133
0.2121
0.2111
0.3068
0.3080
0.2107
0.2121
0.2084
0.3029
0.2896
0.2913
0.2935
0.2924
0.2179
0.2918
0.2113
0.2110
0.2110
0.2101
0.2958
0.2193
0.2163
0.2132
0.2209
0.2995
0.2911
0.2169
0.2937
0.2159
0.2210
0.3065
0.3110
0.3031
0.2941
0.2095
0.2075
0.2101
0.2118
0.2131
0.2972
0.2157
0.3121
0.2136
0.2100
0.2104
0.2110
0.2162
0.2162
0.2120
0.3013
0.3047
0.3310
0.3091
0.3077
0.2137
0.2123
0.2134
0.2734
0.2157
0.2944
0.2983
0.2912
0.2170
0.2998
0.2106
0.2341
0.2985
0.2980
0.3030
0.2918
0.2931
0.2211
0.2903
0.2103
0.3044
0.2166
0.2126
0.2113
0.2110
0.2146
0.2154
0.2162
0.2110
0.2121
0.2122
0.3119
0.3059
0.3004
0.2945
0.2181
0.3016
0.2191
0.2999
0.2179
0.2184
0.2189
0.3043
0.2155
0.2113
0.2971
0.2150
0.2178
0.2293
0.2156
0.2118
0.2117
0.2984
0.2193
0.2167
0.2156
0.2151
0.2117
0.2123
0.2989
0.2173
0.3531
0.2145
0.2138
0.2149
0.2163
0.2155
0.2215
0.2135
0.3006
0.2132
0.2157
0.2190
0.2098
0.2112
0.2105
0.2149
0.2997
0.2140
0.2967
0.2131
0.2104
0.2170
0.2367
0.2863
0.3090
0.2104
0.2186
0.2092
0.2134
0.2109
0.3001
0.2531
0.2461
0.2922
0.2793
0.2169
0.2117
0.2175
0.2962
0.2190
0.2194
0.2868
0.2170
0.2169
0.2163
0.2109
0.2120
0.2139
0.2123
0.2154
0.2138
0.2127
0.2173
0.2140
0.2097
0.3145
0.2337
0.3104
0.2168
0.2149
0.3004
0.2328
0.2476
0.2122
0.2110
0.2133
0.2090
0.2154
0.2159
0.2127
0.2164
0.2127
0.2104
0.2100
0.2103
0.2134
0.2142
0.3073
0.2125
0.2122
0.2144
0.2090
0.2161
0.2113
0.3078
0.2127
0.3047
0.3026
0.2093
0.2104
0.2169
0.2115
0.2164
0.2106
0.2242
0.2350
0.2130
0.2972
0.2170
0.2099
0.3138
0.2161
0.3034
0.2202
0.2803
0.2979
0.2245
0.2872
0.2977
0.2892
0.3027
0.2917
0.2131
0.4854
0.2177
0.2937
0.2166
0.2910
0.2934
0.2129
0.2846
0.2166
0.3037
0.2135
0.2798
0.3055
0.2833
0.2122
0.2810
0.2114
0.2895
0.2110
0.2154
0.2122
0.2121
0.2135
0.2141
0.2118
0.2129
0.2119
0.2167
0.2179
0.2153
0.2124
0.2947
0.2096
0.2897
0.2126
0.2952
0.2175
0.2155
0.2159
0.2125
0.2998
0.3017
0.2701
0.2110
0.2170
0.2174
0.2139
0.2112
0.2927
0.2094
0.2754
0.2097
0.2843
0.2118
0.2136
0.2106
0.2778
0.2144
0.2868
0.2200
0.2853
0.2142
0.2124
0.2778
0.2834
0.2118
0.2961
0.2112
0.2966
0.2116
0.2113
0.2125
0.2157
0.2105
0.2183
0.2122
0.2191
0.2167
0.2134
0.2122
0.2109
0.2082
0.2104
0.2922
0.2133
0.2192
0.2164
0.2149
0.2110
0.2102
0.2094
0.2092
0.2094
0.2813
0.2112
0.2901
0.2124
0.2106
0.2109
0.2150
0.3114
0.2164
0.3034
0.2112
0.2115
0.2183
0.2203
0.2162
0.2118
0.2120
0.2122
0.2099
0.2103
0.2072
0.2105
0.2086
0.2957
0.2163
0.2309
0.2388
0.2218
0.2097
0.2129
0.2190
0.2167
0.3069
0.2111
0.2113
0.2113
0.2155
0.2142
0.2147
0.2106
0.2113
0.2972
0.2134
0.2108
0.2976
0.2114
0.2185
0.2981
0.2154
0.2973
0.2131
0.2107
0.2096
0.2130
0.2127
0.2282
0.2157
0.2169
0.2125
0.2244
0.2212
0.2136
0.2145
0.2216
0.2121
0.2109
0.2089
0.2108
0.2159
0.2233
0.2261
0.2130
0.2139
0.2139
0.2118
0.2099
0.2126
0.2119
0.2121
0.2125
0.2098
0.2122
0.2099
0.2133
0.2139
0.2183
0.2101
0.2242
0.2164
0.2079
0.2128
0.2180
0.2380
0.2273
0.2206
0.2106
0.2106
0.2161
0.2141
0.2173
0.2117
0.2133
0.2086
0.2088
0.2111
0.2135
0.2088
0.2148
0.2103
0.2115
0.2191
0.2152
0.2178
0.2199
0.2113
0.2082
0.2155
0.2131
0.2087
0.2138
0.2220
0.2126
0.2128
0.2105
0.2081
0.2139
0.2096
0.2160
0.2144
0.2293
0.2148
0.2104
0.2098
0.2088
0.2100
0.2086
0.2084
0.2120
0.2258
0.2127
0.2150
0.2139
0.2122
0.2121
0.2161
0.2134
0.2112
0.2087
0.2111