0.0031239986419677734
0.004564762115478516
0.002997875213623047
0.0020666122436523438
0.0009953975677490234
0.004048347473144531
0.0022614002227783203
0.0
0.005143404006958008
0.0020024776458740234
0.002048492431640625
0.0029468536376953125
0.0025675296783447266
0.002998828887939453
0.002039194107055664
0.0019059181213378906
0.0040416717529296875
0.002017974853515625
0.0028319358825683594
0.001825094223022461
0.0
0.0051081180572509766
0.00244140625
0.002384662628173828
0.0027403831481933594
0.0025415420532226562
0.0025148391723632812
0.002589702606201172
0.0020186901092529297
0.0019237995147705078
0.0036237239837646484
0.0025610923767089844
0.0
0.004369497299194336
0.0020051002502441406
0.004651308059692383
0.002201080322265625
0.0025739669799804688
0.0030646324157714844
0.001971006393432617
0.0024874210357666016
0.0025773048400878906
0.001577138900756836
0.0036208629608154297
0.0
0.0
0.007178306579589844
0.003080606460571289
0.0019996166229248047
0.002263307571411133
0.0021066665649414062
0.0016376972198486328
0.0035698413848876953
0.003019571304321289
0.002961874008178711
0.0
0.0
0.00755763053894043
0.0018224716186523438
0.0
0.004827260971069336
0.002007722854614258
0.0038933753967285156
0.0030405521392822266
0.002015829086303711
0.0030546188354492188
0.0
0.0
0.00820612907409668
0.0
0.004599809646606445
0.003127574920654297
0.001956939697265625
0.0041010379791259766
0.002003908157348633
0.002093076705932617
0.001191854476928711
0.0
0.0
0.007595062255859375
0.002796649932861328
0.00225067138671875
0.0020835399627685547
0.001859426498413086
0.004954338073730469
0.002026796340942383
0.0020134449005126953
0.003214120864868164
0.0020563602447509766
0.002399921417236328
0.0030629634857177734
0.002000093460083008
0.0024046897888183594
0.002921581268310547
0.0
0.004855155944824219
0.0
0.005818605422973633
0.002158641815185547
0.0019373893737792969
0.0
0.004886627197265625
0.002213001251220703
0.002866506576538086
0.0
0.0043277740478515625
0.0035414695739746094
0.0019745826721191406
0.002891063690185547
0.0020143985748291016
0.0020482540130615234
0.0015184879302978516
0.0033125877380371094
0.0030515193939208984
0.0012888908386230469
0.0022788047790527344
0.002374887466430664
0.0020041465759277344
0.0021140575408935547
0.0020325183868408203
0.002919435501098633
0.0028553009033203125
0.0030074119567871094
0.002020597457885742
0.0018491744995117188
0.0
0.0
0.008893013000488281
0.0020132064819335938
0.0023686885833740234
0.002050638198852539
0.002048492431640625
0.0034029483795166016
0.0020825862884521484
0.002162456512451172
0.001813650131225586
0.003421306610107422
0.0
0.0034132003784179688
0.0
0.003219127655029297
0.0
0.005085468292236328
0.0
0.0
0.006968975067138672
0.002008199691772461
0.0012249946594238281
0.0010001659393310547
0.0020821094512939453
0.0024232864379882812
0.002053976058959961
0.001969575881958008
0.0
0.0
0.0
0.0
0.0
0.011434555053710938
0.002487659454345703
0.0015058517456054688
0.0020055770874023438
0.0
0.0033817291259765625
0.0
0.0
0.0
0.0
0.007473468780517578
0.0
0.004802703857421875
0.002457141876220703
0.0037543773651123047
0.002364635467529297
0.0024154186248779297
0.0016357898712158203
0.0
0.0
0.005464076995849609
0.002994060516357422
0.0
0.0029993057250976562
0.0
0.0031142234802246094
0.0
0.004250049591064453
0.0
0.0050885677337646484
0.0
0.0
0.006360769271850586
0.0
0.002741575241088867
0.0
0.00421595573425293
0.0
0.006047487258911133
0.002440929412841797
0.0019996166229248047
0.002700328826904297
0.0010018348693847656
0.0010001659393310547
0.0023260116577148438
0.0
0.0
0.0005862712860107422
0.002006053924560547
0.002651691436767578
0.0
0.0
0.00570225715637207
0.0
0.005180835723876953
0.0
0.0
0.0
0.010544538497924805
0.0020062923431396484
0.002759695053100586
0.0020406246185302734
0.002068042755126953
0.0008528232574462891
0.0031175613403320312
0.0020401477813720703
0.0015082359313964844
0.0
0.0
0.0
0.0
0.0
0.0
0.015228748321533203
0.0
0.0
0.0
0.0
0.0
0.015693187713623047
0.0022776126861572266
0.0028052330017089844
0.0020689964294433594
0.002009868621826172
0.0023310184478759766
0.0010864734649658203
0.002582073211669922
0.0018968582153320312
0.0
0.0
0.0
0.0
0.009628534317016602
0.0031228065490722656
0.002350330352783203
0.0
0.0
0.0
0.0
0.0
0.013259172439575195
0.0021762847900390625
0.0020644664764404297
0.0010008811950683594
0.0021736621856689453
0.0
0.00820159912109375
0.0024640560150146484
0.0030176639556884766
0.002106189727783203
0.0030367374420166016
0.002237081527709961
0.0020093917846679688
0.0020046234130859375
0.00223541259765625
0.0020017623901367188
0.0024721622467041016
0.004511594772338867
0.0034949779510498047
0.0008711814880371094
0.002438068389892578
0.0023903846740722656
0.0023262500762939453
0.0011649131774902344
0.002740621566772461
0.0024254322052001953
0.0020368099212646484
0.002264738082885742
0.0031626224517822266
0.0004241466522216797
0.004393339157104492
0.0019991397857666016
0.0019998550415039062
0.002237558364868164
0.002201557159423828
0.0
0.005515336990356445
0.0020160675048828125
0.002004861831665039
0.0032334327697753906
0.0020868778228759766
0.0023300647735595703
0.0017514228820800781
0.0
0.0
0.00861811637878418
0.0
0.005821943283081055
0.002839326858520508
0.0
0.005439281463623047
0.0021390914916992188
0.002901792526245117
0.0022668838500976562
0.003584146499633789
0.0018467903137207031
0.002144336700439453
0.0010559558868408203
0.0026159286499023438
0.0027854442596435547
0.0021212100982666016
0.0022165775299072266
0.001981019973754883
0.0020055770874023438
0.00393366813659668
0.001999378204345703
0.0019998550415039062
0.0011603832244873047
0.0022385120391845703
0.002007007598876953
0.004668474197387695
0.0020558834075927734
0.0026869773864746094
0.0010590553283691406
0.0
0.006811857223510742
0.0005221366882324219
0.0
0.0054171085357666016
0.0038912296295166016
0.0
0.005263090133666992
0.002460479736328125
0.002303600311279297
0.002046823501586914
0.0027921199798583984
0.003298044204711914
0.0009999275207519531
0.0022029876708984375
0.004668712615966797
0.0026900768280029297
0.002198934555053711
0.003109455108642578
0.002031564712524414
0.00286865234375
0.0039031505584716797
0.0021619796752929688
0.0020554065704345703
0.0023615360260009766
0.001027822494506836
0.004042148590087891
0.001003265380859375
0.0019464492797851562
0.0030601024627685547
0.0021419525146484375
0.00099945068359375
0.003237009048461914
0.0
0.0
0.007315635681152344
0.0
0.0
0.007055521011352539
0.0
0.004216670989990234
0.0021209716796875
0.0
0.006146430969238281
0.0016722679138183594
0.0
0.0057985782623291016
0.0
0.0
0.006871461868286133
0.0
0.007169246673583984
0.0008730888366699219
0.0036683082580566406
0.0025904178619384766
0.003134489059448242
0.002006053924560547
0.0019757747650146484
0.002003908157348633
0.002114534378051758
0.003536701202392578
0.0024755001068115234
0.0023679733276367188
0.0011577606201171875
0.002187490463256836
0.0
0.004902362823486328
0.0
0.006224393844604492
0.0016942024230957031
0.0
0.00530695915222168
0.0016679763793945312
0.0
0.005340099334716797
0.0010006427764892578
0.0
0.005709648132324219
0.0013148784637451172
0.005763053894042969
0.0013442039489746094
0.0
0.0056667327880859375
0.0017535686492919922
0.0
0.0
0.0032689571380615234
0.0010027885437011719
0.002115011215209961
0.0017948150634765625
0.0
0.006513833999633789
0.0
0.0
0.007163524627685547
0.0011148452758789062
0.0023572444915771484
0.003301382064819336
0.0
0.00529170036315918
0.0013427734375
0.0
0.0
0.00797581672668457
0.0016665458679199219
0.0
0.0022733211517333984
0.0024259090423583984
0.0024366378784179688
0.002223491668701172
0.0030181407928466797
0.0026738643646240234
0.0021517276763916016
0.001089334487915039
0.004283905029296875
0.0030002593994140625
0.0019998550415039062
0.002112150192260742
0.0015230178833007812
0.0
0.004422664642333984
0.0023174285888671875
0.001619100570678711
0.0038909912109375
0.0020017623901367188
0.0011951923370361328
0.0023987293243408203
0.0010819435119628906
0.0
0.006464958190917969
0.0007457733154296875
0.002041339874267578
0.00298309326171875
0.0010218620300292969
0.002075672149658203
0.002002716064453125
0.001832723617553711
0.0005769729614257812
0.0
0.006730556488037109
0.0011053085327148438
0.0
0.005564689636230469
0.0020821094512939453
0.0
0.004770517349243164
0.0024232864379882812
0.0021543502807617188
0.0019998550415039062
0.0019998550415039062
0.0034537315368652344
0.002176523208618164
0.002087831497192383
0.0020492076873779297
0.0013837814331054688
0.0030651092529296875
0.0027875900268554688
0.0032196044921875
0.0011851787567138672
0.0031938552856445312
0.0032362937927246094
0.0023872852325439453
0.002049684524536133
0.0013833045959472656
0.002074003219604492
0.003626585006713867
0.0022335052490234375
0.0011548995971679688
0.0028247833251953125
0.0
0.0
0.007542848587036133
0.002048969268798828
0.0010988712310791016
0.0025925636291503906
0.0023751258850097656
0.00035262107849121094
0.0
0.0056989192962646484
0.0015888214111328125
0.0
0.005210399627685547
0.003082752227783203
0.0020177364349365234
0.000949859619140625
0.0027251243591308594
0.0
0.005210161209106445
0.0020265579223632812
0.0021071434020996094
0.002233743667602539
0.0024993419647216797
0.0020294189453125
0.0024995803833007812
0.0008153915405273438
0.0
0.005520820617675781
0.0020127296447753906
0.002457141876220703
0.002610445022583008
0.0021889209747314453
0.0020051002502441406
0.002883434295654297
0.002042055130004883
0.0020041465759277344
0.0020029544830322266
0.0006330013275146484
0.0
0.0
0.0
0.009257793426513672
0.0
0.004958391189575195
0.0010061264038085938
0.0
0.0
0.005624532699584961
0.0
0.0
0.0
0.010137081146240234
0.0
0.005108833312988281
0.0020029544830322266
0.001439809799194336
0.002318859100341797
0.0020339488983154297
0.0011467933654785156
0.00276947021484375
0.0012691020965576172
0.0
0.005857706069946289
0.002312183380126953
0.003059864044189453
0.0019638538360595703
0.0
0.0
0.006364345550537109
0.0030794143676757812
0.0020406246185302734
0.0018694400787353516
0.0
0.0
0.007047176361083984
0.0022132396697998047
0.0010018348693847656
0.0020017623901367188
0.0025293827056884766
0.0020117759704589844
0.0022192001342773438
0.0018150806427001953
0.0013005733489990234
0.0
0.0
0.006686210632324219
0.0033338069915771484
0.002564668655395508
0.0011522769927978516
0.0020716190338134766
0.0031843185424804688
0.0017268657684326172
0.002262115478515625
0.0022749900817871094
0.0011112689971923828
0.0
0.005086660385131836
0.003131866455078125
0.002237081527709961
0.0010020732879638672
0.0021741390228271484
0.001834869384765625
0.002361297607421875
0.0010001659393310547
0.0022039413452148438
0.0
0.0
0.0
0.0
0.0
0.0
0.014793157577514648
0.002821683883666992
0.0
0.0
0.0
0.0
0.0
0.012829780578613281
0.0
0.004700660705566406
0.002293825149536133
0.002331256866455078
0.0022764205932617188
0.0022144317626953125
0.002026796340942383
0.0020847320556640625
0.0
0.0
0.0
0.0
0.0
0.0
0.01594710350036621
0.0020058155059814453
0.002005338668823242
0.0020051002502441406
0.004011631011962891
0.0
0.0
0.0058383941650390625
0.0032966136932373047
0.0033185482025146484
0.0020635128021240234
0.0019524097442626953
0.0010004043579101562
0.003064870834350586
0.0014941692352294922
0.0
0.0
0.0064923763275146484
0.0030078887939453125
0.0
0.0034093856811523438
0.0025796890258789062
0.0
0.004649162292480469
0.0
0.005390644073486328
0.0
0.002881288528442383
0.0
0.0030710697174072266
0.0
0.0059773921966552734
0.0
0.002149820327758789
0.0027971267700195312
0.002061605453491211
0.001008749008178711
0.0030717849731445312
0.0020198822021484375
0.002188444137573242
0.002080202102661133
0.0008454322814941406
0.0
0.0
0.007650852203369141
0.0022721290588378906
0.0023040771484375
0.0026199817657470703
0.003542661666870117
0.00257110595703125
0.002038717269897461
0.00275421142578125
0.002515077590942383
0.0033316612243652344
0.0010828971862792969
0.003226757049560547
0.0030243396759033203
0.00044608116149902344
0.003755807876586914
0.002012014389038086
0.0024607181549072266
0.0015461444854736328
0.002073526382446289
0.0013377666473388672
0.0010020732879638672
0.0021767616271972656
0.0
0.0
0.007342815399169922
0.0
0.0
0.0
0.007336139678955078
0.0
0.0
0.009197473526000977
0.0
0.004005908966064453
0.0017657279968261719
0.003466367721557617
0.0021407604217529297
0.002087831497192383
0.0021505355834960938
0.0020177364349365234
0.0003025531768798828
0.0
0.0
0.0
0.0
0.009524822235107422
0.0
0.004805803298950195
0.0014941692352294922
0.0020380020141601562
0.0020017623901367188
0.001708984375
0.0003440380096435547
0.0
0.005469083786010742
0.0020062923431396484
0.0021109580993652344
0.0032167434692382812
0.002105236053466797
0.0010128021240234375
0.0026412010192871094
0.002034902572631836
0.0020003318786621094
0.002778291702270508
0.0
0.0
0.0
0.007416248321533203
0.0
0.0
0.007866859436035156
0.0
0.0
0.0
0.0
0.0
0.012935638427734375
0.0031523704528808594
0.0
0.0046482086181640625
0.002003192901611328
0.002438068389892578
0.0028617382049560547
0.0010247230529785156
0.002098560333251953
0.0020744800567626953
0.0
0.0
0.0
0.0
0.0
0.0
0.015643596649169922
0.0
0.0
0.0
0.0
0.009275436401367188
0.0027647018432617188
0.0037488937377929688
0.0
0.0047359466552734375
0.0023233890533447266
0.0023097991943359375
0.0018274784088134766
0.0022568702697753906
0.002572298049926758
0.0012078285217285156
0.0024938583374023438
0.0
0.0
0.0
0.0
0.0
0.013159990310668945
0.0
0.0
0.0
0.0
0.00899052619934082
0.0026831626892089844
0.0
0.004046201705932617
0.0
0.0
0.007692813873291016
0.0
0.0033578872680664062
0.002054929733276367
0.002168893814086914
0.0010025501251220703
0.0018088817596435547
0.0020287036895751953
0.0025413036346435547
0.0020346641540527344
0.0
0.0
0.0
0.0077779293060302734
0.0
0.0036249160766601562
0.003604412078857422
0.0
0.0
0.005913734436035156
0.0
0.0
0.0
0.0101470947265625
0.0
0.004889726638793945
0.002015352249145508
0.0010519027709960938
0.0016331672668457031
0.0014383792877197266
0.0025632381439208984
0.0025131702423095703
0.002255678176879883
0.0030574798583984375
0.001001596450805664
0.0
0.0
0.0
0.0
0.0
0.0
0.015744924545288086
0.0
0.0
0.0
0.00940251350402832
0.0033936500549316406
0.002003908157348633
0.0022356510162353516
0.002436399459838867
0.002154111862182617
0.002237081527709961
0.0024099349975585938
0.0
0.0
0.007814407348632812
0.0
0.0
0.0
0.008290767669677734
0.0
0.0
0.0
0.0
0.0
0.0
0.0
0.0
0.003516674041748047
0.0021195411682128906
0.0010831356048583984
0.002869129180908203
0.0021491050720214844
0.00200653076171875
0.002009153366088867
0.0
0.0
0.0
0.0
0.0
0.0
0.0
0.015776395797729492
0.0
0.0
0.0
0.008005619049072266
0.0029294490814208984
0.004848480224609375
0.0
0.0049037933349609375
0.0024356842041015625
0.002481222152709961
0.0025250911712646484
0.002033710479736328
0.002195596694946289
0.0
0.0033397674560546875
0.0
0.0
0.005406379699707031
0.0
0.0031642913818359375
0.0030684471130371094
0.0030336380004882812
0.0
0.002290487289428711
0.0
0.0
0.0
0.0
0.010378837585449219
0.0
0.0
0.0
0.012295246124267578
0.0030357837677001953
0.002326488494873047
0.0014047622680664062
0.0020775794982910156
0.0032775402069091797
0.001990079879760742
0.0016293525695800781
0.00099945068359375
0.0020003318786621094
0.0020983219146728516
0.0010023117065429688
0.0023946762084960938
0.0
0.003245830535888672
0.0
0.0
0.0
0.0
0.010015487670898438
0.0
0.0
0.006893634796142578
0.0
0.003783702850341797
0.0
0.0024862289428710938
0.0019998550415039062
0.0019385814666748047
0.0020291805267333984
0.0013599395751953125
0.0022025108337402344
0.0007834434509277344
0.0
0.0
0.006675243377685547
0.0
0.0
0.005767345428466797
0.002544879913330078
0.0
0.0
0.0
0.0
0.0
0.0
0.0158233642578125
0.0
0.004161357879638672
0.0023114681243896484
0.0021309852600097656
0.002403736114501953
0.001926422119140625
0.0030684471130371094
0.001844167709350586
0.0
0.0026216506958007812
0.0
0.0
0.005959033966064453
0.002851247787475586
0.0
0.0027418136596679688
0.0015048980712890625
0.0
0.0
0.0
0.0
0.0
0.0
0.0
0.01563286781311035
0.0023834705352783203
0.0020415782928466797
0.0022771358489990234
0.0022852420806884766
0.0033109188079833984
0.0020062923431396484
0.0006818771362304688
0.0032961368560791016
0.002436399459838867
0.0