0.005131959915161133
0.004094362258911133
0.0044286251068115234
0.0027565956115722656
0.004315853118896484
0.003473997116088867
0.002482175827026367
0.0031745433807373047
0.0033690929412841797
0.0005490779876708984
0.006757259368896484
0.002343416213989258
0.0
0.007029056549072266
0.0045473575592041016
0.003534555435180664
0.004272937774658203
0.00436711311340332
0.0034890174865722656
0.0035562515258789062
0.0
0.0
0.010708808898925781
0.0042362213134765625
0.0
0.007134199142456055
0.005843639373779297
0.002195119857788086
0.004461526870727539
0.0
0.007620811462402344
0.004008293151855469
0.0022029876708984375
0.003185749053955078
0.00396728515625
0.004801273345947266
0.0023467540740966797
0.003456592559814453
0.00506901741027832
0.0020058155059814453
0.0034902095794677734
0.0
0.00886678695678711
0.003231525421142578
0.0033740997314453125
0.003998756408691406
0.005686283111572266
0.003866434097290039
0.0032389163970947266
0.0026373863220214844
0.0
0.005898714065551758
0.0
0.011467695236206055
0.001384735107421875
0.0
0.007284641265869141
0.007869958877563477
0.003062009811401367
0.004857063293457031
0.004403114318847656
0.004247426986694336
0.002965688705444336
0.003117084503173828
0.001800537109375
0.004635334014892578
0.0035064220428466797
0.0029993057250976562
0.004187822341918945
0.004286527633666992
0.001607656478881836
0.006793975830078125
0.003465414047241211
0.0034837722778320312
0.00616002082824707
0.0031671524047851562
0.0041446685791015625
0.003275156021118164
0.0038840770721435547
0.0003218650817871094
0.0067026615142822266
0.0
0.007821798324584961
0.0016527175903320312
0.0054340362548828125
0.004000186920166016
0.004446506500244141
0.002736330032348633
0.005021572113037109
0.004654407501220703
0.001794576644897461
0.004304409027099609
0.0032041072845458984
0.004624128341674805
0.0025806427001953125
0.004214763641357422
0.0010058879852294922
0.004293680191040039
0.00683903694152832
0.0029141902923583984
0.002056121826171875
0.006303548812866211
0.001092672348022461
0.0
0.00684809684753418
0.006561279296875
0.0
0.007455348968505859
0.0036656856536865234
0.0030586719512939453
0.0029239654541015625
0.003851652145385742
0.00473785400390625
0.0034422874450683594
0.004912614822387695
0.0010571479797363281
0.0069544315338134766
0.005349874496459961
0.003745555877685547
0.0031402111053466797
0.0035123825073242188
0.0
0.0
0.0
0.01578211784362793
0.005761384963989258
0.007938146591186523
0.00446009635925293
0.0031092166900634766
0.00438380241394043
0.002768278121948242
0.00299072265625
0.00416111946105957
0.0020055770874023438
0.006346940994262695
0.0035963058471679688
0.005839824676513672
0.0040130615234375
0.003596067428588867
0.0033111572265625
0.003507852554321289
0.004330158233642578
0.005389690399169922
0.003252267837524414
0.004631519317626953
0.0044786930084228516
0.0020058155059814453
0.004167318344116211
0.0
0.008495807647705078
0.005017757415771484
0.0
0.0
0.0
0.015537261962890625
0.004808664321899414
0.0020058155059814453
0.0
0.0071563720703125
0.0031626224517822266
0.0
0.012503623962402344
0.003984689712524414
0.003938913345336914
0.0034322738647460938
0.0020203590393066406
0.004560708999633789
0.0031843185424804688
0.0049285888671875
0.003635406494140625
0.0
0.003798961639404297
0.004411458969116211
0.005063772201538086
0.004275798797607422
0.005270242691040039
0.0042798519134521484
0.004011869430541992
0.0024967193603515625
0.005099296569824219
0.00488734245300293
0.0015056133270263672
0.0038912296295166016
0.0
0.0
0.011740446090698242
0.0039005279541015625
0.003175497055053711
0.002005338668823242
0.004180431365966797
0.0037043094635009766
0.00410771369934082
0.0
0.0059010982513427734
0.004820585250854492
0.005153656005859375
0.0044460296630859375
0.003174304962158203
0.0022881031036376953
0.002191781997680664
0.003566741943359375
0.0
0.009931802749633789
0.0
0.0069544315338134766
0.0045359134674072266
0.004436969757080078
0.005127429962158203
0.003227710723876953
0.005158424377441406
0.004447460174560547
0.004611968994140625
0.005420684814453125
0.002356290817260742
0.0037899017333984375
0.0035674571990966797
0.004023551940917969
0.003165006637573242
0.0036156177520751953
0.005628347396850586
0.0035762786865234375
0.002602100372314453
0.003837108612060547
0.0033659934997558594
0.00500035285949707
0.003999233245849609
0.0030007362365722656
0.003999948501586914
0.003999948501586914
0.004999637603759766
0.004526615142822266
0.0021317005157470703
0.005010366439819336
0.004578351974487305
0.003299236297607422
0.003945350646972656
0.0032775402069091797
0.0045354366302490234
0.0030090808868408203
0.0036160945892333984
0.0021941661834716797
0.005579471588134766
0.0023517608642578125
0.003395557403564453
0.004538297653198242
0.003661632537841797
0.004011392593383789
0.004639387130737305
0.004999399185180664
0.004194736480712891
0.0021021366119384766
0.003809213638305664
0.003096342086791992
0.0029120445251464844
0.0030002593994140625
0.004336357116699219
0.004498481750488281
0.004096269607543945
0.004186868667602539
0.0035631656646728516
0.006226539611816406
0.004772663116455078
0.0055294036865234375
0.003110647201538086
0.0039768218994140625
0.003771543502807617
0.0031058788299560547
0.0020151138305664062
0.0032434463500976562
0.004362821578979492
0.004304409027099609
0.003830432891845703
0.0035800933837890625
0.003706216812133789
0.0
0.008363485336303711
0.004858970642089844
0.005952596664428711
0.0033423900604248047
0.0023245811462402344
0.004627227783203125
0.004454374313354492
0.003345966339111328
0.0027484893798828125
0.0031194686889648438
0.0022156238555908203
0.004595518112182617
0.0039463043212890625
0.0030150413513183594
0.002000093460083008
0.00567936897277832
0.005309581756591797
0.0038826465606689453
0.004416227340698242
0.0031898021697998047
0.002495288848876953
0.003040790557861328
0.006609916687011719
0.004926204681396484
0.003000020980834961
0.0032701492309570312
0.005692720413208008
0.0031294822692871094
0.0025413036346435547
0.0029337406158447266
0.003918170928955078
0.0033559799194335938
0.004456281661987305
0.004042625427246094
0.0045969486236572266
0.003977298736572266
0.003374814987182617
0.0051724910736083984
0.0032923221588134766
0.005000114440917969
0.0029997825622558594
0.0017614364624023438
0.0
0.0
0.01508021354675293
0.0049436092376708984
0.0
0.005824089050292969
0.006682157516479492
0.002300262451171875
0.0
0.0076444149017333984
0.0039997100830078125
0.0042209625244140625
0.0
0.005704402923583984
0.006586551666259766
0.005923271179199219
0.004458189010620117
0.0030345916748046875
0.0
0.0
0.0
0.0
0.015609979629516602
0.0
0.00948643684387207
0.004012346267700195
0.0
0.0
0.0
0.0
0.015678882598876953
0.0020062923431396484
0.0036885738372802734
0.0034363269805908203
0.003869771957397461
0.0026848316192626953
0.0037522315979003906
0.0
0.006439924240112305
0.0
0.005604267120361328
0.0050678253173828125
0.0
0.0056192874908447266
0.005013227462768555
0.0
0.00726008415222168
0.0030565261840820312
0.004045724868774414
0.0
0.0066912174224853516
0.0049054622650146484
0.0
0.004488706588745117
0.0
0.009615898132324219
0.0
0.0
0.0
0.015651941299438477
0.004313945770263672
0.002007007598876953
0.0056934356689453125
0.0035300254821777344
0.0037262439727783203
0.0046541690826416016
0.002405881881713867
0.006719112396240234
0.004388093948364258
0.006407499313354492
0.004900217056274414
0.008966684341430664
0.005091667175292969
0.0029981136322021484
0.003743886947631836
0.0036687850952148438
0.005655527114868164
0.003024578094482422
0.003508329391479492
0.004133462905883789
0.004051923751831055
0.004967927932739258
0.0033316612243652344
0.0
0.0
0.0
0.01580643653869629
0.003914356231689453
0.0
0.006066083908081055
0.007684946060180664
0.004041910171508789
0.005659580230712891
0.004524946212768555
0.0034804344177246094
0.003666400909423828
0.0027997493743896484
0.004327297210693359
0.0033240318298339844
0.0035881996154785156
0.0035080909729003906
0.0023360252380371094
0.003590822219848633
0.003383636474609375
0.00463414192199707
0.004717350006103516
0.0031232833862304688
0.004562854766845703
0.007970094680786133
0.0033986568450927734
0.004725933074951172
0.003762960433959961
0.005002498626708984
0.004473209381103516
0.0035295486450195312
0.004088640213012695
0.0041387081146240234
0.0033721923828125
0.004187107086181641
0.002228260040283203
0.0050542354583740234
0.003977298736572266
0.0050160884857177734
0.005000591278076172
0.003000020980834961
0.004465341567993164
0.005158185958862305
0.003738880157470703
0.0037996768951416016
0.004838705062866211
0.005768537521362305
0.00409245491027832
0.0041370391845703125
0.0030498504638671875
0.0024161338806152344
0.004014253616333008
0.003179788589477539
0.004059791564941406
0.00455021858215332
0.0043337345123291016
0.0044231414794921875
0.004257917404174805
0.005169391632080078
0.004044771194458008
0.005062103271484375
0.004706859588623047
0.0029997825622558594
0.0039997100830078125
0.003248453140258789
0.003820657730102539
0.004132509231567383
0.003075122833251953
0.003434896469116211
0.0037126541137695312
0.0042877197265625
0.0021674633026123047
0.004010677337646484
0.004194021224975586
0.003175973892211914
0.003376007080078125
0.0032074451446533203
0.004281759262084961
0.005448579788208008
0.0060808658599853516
0.0030074119567871094
0.0035088062286376953
0.003212451934814453
0.003064393997192383
0.004415988922119141
0.004190206527709961
0.004683256149291992
0.0043871402740478516
0.0023717880249023438
0.0
0.006970882415771484
0.004589080810546875
0.003565073013305664
0.004637956619262695
0.004452705383300781
0.004049062728881836
0.004813432693481445
0.0034360885620117188
0.0031125545501708984
0.0012149810791015625
0.0
0.0
0.0
0.01580047607421875
0.0
0.004546403884887695
0.0
0.008816719055175781
0.004759788513183594
0.003916740417480469
0.004746437072753906
0.006378173828125
0.005961418151855469
0.0033638477325439453
0.004519462585449219
0.004758358001708984
0.005712032318115234
0.0020225048065185547
0.0
0.009037017822265625
0.004918575286865234
0.0032758712768554688
0.003673553466796875
0.003743410110473633
0.003519296646118164
0.003486156463623047
0.0039980411529541016
0.004326820373535156
0.0037310123443603516
0.003677845001220703
0.00444793701171875
0.0036830902099609375
0.0030684471130371094
0.0045604705810546875
0.0039997100830078125
0.004000186920166016
0.004030942916870117
0.004002571105957031
0.003000497817993164
0.0038678646087646484
0.004030704498291016
0.004730939865112305
0.003271341323852539
0.003316164016723633
0.0038115978240966797
0.00421905517578125
0.0056912899017333984
0.0044193267822265625
0.0022928714752197266
0.004372835159301758
0.0020275115966796875
0.005394458770751953
0.0021817684173583984
0.0036230087280273438
0.00545501708984375
0.002219676971435547
0.0033152103424072266
0.0044481754302978516
0.0031337738037109375
0.0020842552185058594
0.003507852554321289
0.004050493240356445
0.004674434661865234
0.00449681282043457
0.0047740936279296875
0.0040740966796875
0.003600597381591797
0.0031163692474365234
0.0032334327697753906
0.004706144332885742
0.0076448917388916016
0.005306720733642578
0.004361867904663086
0.0040361881256103516
0.004273891448974609
0.0039997100830078125
0.004529237747192383
0.004000186920166016
0.003176450729370117
0.003999948501586914
0.005082845687866211
0.0053060054779052734
0.004461765289306641
0.0029997825622558594
0.0025124549865722656
0.005201816558837891
0.004179239273071289
0.0029993057250976562
0.0039997100830078125
0.004000425338745117
0.003999948501586914
0.0034842491149902344
0.0044155120849609375
0.0034456253051757812
0.003568887710571289
0.010077476501464844
0.0053637027740478516
0.0031414031982421875
0.004819154739379883
0.003628253936767578
0.002590656280517578
0.004086971282958984
0.004116535186767578
0.004546165466308594
0.004103899002075195
0.004467010498046875
0.004302263259887695
0.002093791961669922
0.0030450820922851562
0.004262685775756836
0.0023186206817626953
0.004411458969116211
0.003120899200439453
0.0035321712493896484
0.0031616687774658203
0.0037190914154052734
0.002999544143676758
0.0023581981658935547
0.003466367721557617
0.00456547737121582
0.0025043487548828125
0.0035016536712646484
0.0033969879150390625
0.002505064010620117
0.005174160003662109
0.003537416458129883
0.0032570362091064453
0.00321197509765625
0.002177715301513672
0.0033838748931884766
0.003501415252685547
0.003488779067993164
0.0047206878662109375
0.0022780895233154297
0.0031728744506835938
0.0
0.0
0.0
0.0
0.01577305793762207
0.004994630813598633
0.0028514862060546875
0.0
0.004229545593261719
0.0033278465270996094
0.0
0.004639625549316406
0.003635883331298828
0.00932931900024414
0.008763790130615234
0.005258321762084961
0.0020062923431396484
0.0
0.0
0.013666629791259766
0.0062143802642822266
0.00200653076171875
0.003955364227294922
0.003597259521484375
0.0046651363372802734
0.00408935546875
0.005100727081298828
0.002006053924560547
0.004220724105834961
0.0
0.0
0.012863874435424805
0.003481626510620117
0.0036323070526123047
0.0
0.008080720901489258
0.0023245811462402344
0.004937171936035156
0.007300138473510742
0.0020055770874023438
0.0045909881591796875
0.0017421245574951172
0.004750490188598633
0.002006053924560547
0.005713939666748047
0.003517627716064453
0.0
0.005529165267944336
0.0
0.005068778991699219
0.007452249526977539
0.002005338668823242
0.0023310184478759766
0.0
0.0
0.011456727981567383
0.004738569259643555
0.004673004150390625
0.003322601318359375
0.002851724624633789
0.0
0.0
0.0
0.0
0.015186071395874023
0.0
0.007277727127075195
0.0020058155059814453
0.0
0.009766340255737305
0.0
0.0
0.006961822509765625
0.005419731140136719
0.0
0.0053043365478515625
0.004742145538330078
0.00345611572265625
0.004490852355957031
0.0
0.006786346435546875
0.002007007598876953
0.004984617233276367
0.007200002670288086
0.0
0.005315065383911133
0.0033235549926757812
0.007394552230834961
0.003049135208129883
0.0004990100860595703
0.0
0.0
0.0
0.0
0.014729022979736328
0.005663394927978516
0.0030303001403808594
0.007211923599243164
0.002907276153564453
0.0041046142578125
0.002005338668823242
0.006688594818115234
0.0
0.0
0.0
0.0
0.0
0.015770912170410156
0.0
0.0
0.0
0.003100156784057617
0.0
0.0056116580963134766
0.0
0.007639884948730469
0.003895998001098633
0.005912303924560547
0.003475666046142578
0.0
0.00608062744140625
0.0
0.007455587387084961
0.0050013065338134766
0.0
0.0
0.012415409088134766
0.0020058155059814453
0.0
0.0
0.015074729919433594
0.0
0.007531881332397461
0.0026674270629882812
0.0057528018951416016
0.0
0.008591175079345703
0.0020058155059814453
0.00522923469543457
0.0020055770874023438
0.004011631011962891
0.005691051483154297
0.0030002593994140625
0.004608154296875
0.0025839805603027344
0.0043179988861083984
0.0020055770874023438
0.0
0.00835561752319336
0.002410411834716797
0.006196737289428711
0.0035703182220458984
0.003750324249267578
0.0
0.006760120391845703
0.0023686885833740234
0.004685163497924805
0.003216981887817383
0.004010677337646484
0.0
0.00200653076171875
0.002279043197631836
0.007016420364379883
0.002885103225708008
0.00785207748413086
0.0022735595703125
0.0038347244262695312
0.0020058155059814453
0.0
0.007574796676635742
0.004137992858886719
0.004128932952880859
0.0035219192504882812
0.0013051033020019531
0.005861759185791016
0.00034046173095703125
0.003947019577026367
0.0026369094848632812
0.0
0.008721351623535156
0.005310773849487305
0.0020058155059814453
0.0
0.008505821228027344
0.0020051002502441406
0.0
0.0
0.0
0.013639211654663086
0.0
0.0
0.00904226303100586
0.0
0.0
0.0
0.0
0.015630722045898438
0.0
0.0
0.015655994415283203
0.0052988529205322266
0.004776477813720703
0.0005469322204589844
0.004602670669555664
0.0
0.0078051090240478516
0.0035123825073242188
0.0024123191833496094
0.0036106109619140625
0.009630441665649414
0.0026640892028808594
0.0
0.008053779602050781
0.005083322525024414
0.0
0.006259441375732422
0.0030333995819091797
0.0040130615234375
0.0023584365844726562
0.0028121471405029297
0.0
0.008328676223754883
0.004591703414916992
0.0
0.005693674087524414
0.006781816482543945
0.0031533241271972656
0.004587650299072266
0.002049684524536133
0.003589630126953125
0.0032982826232910156
0.004060983657836914
0.002006053924560547
0.0
0.0
0.011352300643920898
0.0
0.0
0.0
0.012650012969970703
0.0
0.0
0.011063337326049805
0.004288911819458008
0.004193544387817383
0.0
0.004580020904541016
0.0
0.0071887969970703125
0.0036253929138183594
0.002007007598876953
0.0
0.010034561157226562
0.003550291061401367
0.0020058155059814453
0.005669355392456055
0.0031328201293945312
0.0018157958984375
0.003426790237426758
0.004103422164916992
0.0
0.007463932037353516
0.0
0.0038869380950927734
0.0
0.009794950485229492
0.0
0.0
0.008341550827026367
0.007468700408935547
0.0023086071014404297
0.003260374069213867
0.002006053924560547
0.005836963653564453
0.004851579666137695
0.004307746887207031
0.004175901412963867
0.004645347595214844
0.0038328170776367188
0.006377458572387695
0.004304170608520508
0.005190134048461914
0.0037102699279785156
0.004019260406494141
0.004106044769287109
0.005190849304199219
0.004305124282836914
0.004620552062988281
0.004574775695800781
0.0015430450439453125
0.0052890777587890625
0.003337860107421875
0.0028922557830810547
0.002151966094970703
0.003831624984741211
0.0035448074340820312
0.004342794418334961
0.0020859241485595703
0.006241559982299805
0.0043523311614990234
0.0035109519958496094
0.0
0.006821870803833008
0.005372285842895508
0.0010025501251220703
0.0067441463470458984
0.004083156585693359
0.004853010177612305
0.0047757625579833984
0.0010352134704589844
0.006266355514526367
0.0045926570892333984
0.0030465126037597656
0.00515437126159668
0.006725788116455078
0.0020439624786376953
0.006506443023681641
0.0
0.006865501403808594
0.00443577766418457
0.003145933151245117
0.004794597625732422
0.0021276473999023438
0.007079362869262695
0.0038156509399414062
0.004151582717895508
0.004934549331665039
0.003476858139038086
0.003969907760620117
0.004430294036865234
0.0030493736267089844
0.0029997825622558594
0.0032737255096435547
0.006468534469604492
0.0036602020263671875
0.005477428436279297
0.0039250850677490234
0.0
0.008277416229248047
0.004093647003173828
0.0026378631591796875
0.005158901214599609
0.0010600090026855469
0.0065038204193115234
0.0013632774353027344
0.004635334014892578
0.005694389343261719
0.003118276596069336
0.00593256950378418
0.0033140182495117188
0.0050580501556396484
0.003816843032836914
0.0031800270080566406
0.005857706069946289
0.0010631084442138672
0.006551265716552734
0.00505375862121582
0.002119779586791992
0.006348609924316406
0.0047914981842041016
0.0025191307067871094
0.0030019283294677734
0.0040476322174072266
0.0