0.0
0.006049394607543945
0.001026153564453125
0.0
0.0
0.005933046340942383
0.0
0.0
0.0
0.007059812545776367
0.0
0.002655029296875
0.0
0.0046389102935791016
0.0017566680908203125
0.0003535747528076172
0.003201007843017578
0.0009262561798095703
0.0
0.0
0.005520343780517578
0.0014979839324951172
0.0
0.0
0.006308078765869141
0.0009541511535644531
0.0
0.0
0.005496501922607422
0.0008034706115722656
0.0
0.0
0.007275104522705078
0.0
0.0
0.0
0.006412982940673828
0.0013992786407470703
0.002066373825073242
0.0
0.004486560821533203
0.0
0.0
0.0
0.006728410720825195
0.0007543563842773438
0.0
0.0
0.006310224533081055
0.0
0.0
0.0
0.0060749053955078125
0.0011506080627441406
0.0
0.0
0.0014607906341552734
0.0
0.0
0.0
0.007310628890991211
0.0
0.0
0.00515294075012207
0.0016651153564453125
0.0
0.0
0.0
0.007304668426513672
0.0
0.0
0.004948616027832031
0.001825094223022461
0.0
0.0
0.0
0.0
0.0
0.0
0.012192487716674805
0.0018372535705566406
0.0005917549133300781
0.0
0.004484415054321289
0.00182342529296875
0.0
0.0
0.0051877498626708984
0.001894235610961914
0.0
0.0
0.0
0.0
0.0
0.0
0.01305532455444336
0.0007550716400146484
0.0
0.0
0.0
0.0
0.0
0.0
0.012677907943725586
0.0012073516845703125
0.0021996498107910156
0.0003426074981689453
0.003507375717163086
0.0007517337799072266
0.0
0.0
0.005583286285400391
0.0013391971588134766
0.0
0.0
0.0
0.0
0.0
0.0
0.0
0.0
0.014304399490356445
0.0
0.0
0.00597381591796875
0.0
0.0
0.0
0.0
0.0
0.0
0.0
0.0
0.0
0.01581597328186035
0.0
0.0
0.005021572113037109
0.0
0.0
0.0
0.0060272216796875
0.0005736351013183594
0.0
0.0
0.00634312629699707
0.0011675357818603516
0.0
0.0
0.005833625793457031
0.0005786418914794922
0.0
0.0
0.0
0.006905794143676758
0.0
0.0
0.0
0.006409645080566406
0.002276182174682617
0.0010020732879638672
0.00154876708984375
0.002252817153930664
0.0006749629974365234
0.0
0.0
0.0
0.0
0.0
0.0
0.0
0.0
0.015134096145629883
0.0
0.0
0.0
0.0
0.0
0.0
0.0
0.0
0.0
0.016098499298095703
0.0
0.0
0.0
0.0
0.0
0.0
0.0
0.0
0.0
0.016817569732666016
0.0
0.0
0.0
0.0
0.0
0.0
0.0
0.0
0.0
0.01565408706665039
0.0
0.0
0.0
0.0
0.0
0.0
0.0
0.0
0.0
0.0
0.0
0.015664339065551758
0.0
0.0
0.0
0.0
0.010413646697998047
0.002161264419555664
0.0015499591827392578
0.0
0.0
0.0
0.0
0.0
0.0
0.01025080680847168
0.0
0.0
0.0
0.0
0.0
0.0
0.0
0.0
0.0
0.015811443328857422
0.0
0.0
0.0
0.0
0.0
0.011971712112426758
0.0013294219970703125
0.0
0.0
0.0066356658935546875
0.0010881423950195312
0.0012145042419433594
0.0009834766387939453
0.0011889934539794922
0.0025887489318847656
0.0014791488647460938
0.001140594482421875
0.0034699440002441406
0.0014641284942626953
0.0021071434020996094
0.0006513595581054688
0.003498554229736328
0.0012519359588623047
0.0010111331939697266
0.0016105175018310547
0.0020477771759033203
0.0010118484497070312
0.002003192901611328
0.0009999275207519531
0.0009999275207519531
0.0009999275207519531
0.001817464828491211
0.0009195804595947266
0.0
0.0
0.0066547393798828125
0.001369476318359375
0.0
0.004144906997680664
0.001554250717163086
0.001356363296508789
0.0008363723754882812
0.0
0.004848003387451172
0.0019257068634033203
0.0006225109100341797
0.002798795700073242
0.002529144287109375
0.001074075698852539
0.0019354820251464844
0.0014019012451171875
0.0010573863983154297
0.0010118484497070312
0.0007007122039794922
0.0031671524047851562
0.002042055130004883
0.0024874210357666016
0.0012946128845214844
0.0028166770935058594
0.0019958019256591797
0.0020093917846679688
0.0012416839599609375
0.0017056465148925781
0.002043485641479492
0.0019860267639160156
0.0016150474548339844
0.0013947486877441406
0.0017547607421875
0.0005640983581542969
0.002862691879272461
0.0020203590393066406
0.0014622211456298828
0.002062082290649414
0.0016682147979736328
0.0017006397247314453
0.003072023391723633
0.0019423961639404297
0.0018794536590576172
0.001980304718017578
0.0009989738464355469
0.0024831295013427734
0.0022668838500976562
0.0003113746643066406
0.0
0.005022525787353516
0.0024216175079345703
0.002055644989013672
0.0024819374084472656
0.0013043880462646484
0.002040386199951172
0.0021054744720458984
0.0015349388122558594
0.001983165740966797
0.001771688461303711
0.00048422813415527344
0.002286195755004883
0.0019483566284179688
0.0
0.002005338668823242
0.0024864673614501953
0.0004017353057861328
0.0
0.0
0.0065042972564697266
0.0009813308715820312
0.0
0.0
0.00704646110534668
0.001986265182495117
0.0
0.003918886184692383
0.002438783645629883
0.0
0.004506826400756836
0.0025026798248291016
0.002053976058959961
0.002429962158203125
0.002270936965942383
0.0020177364349365234
0.0020258426666259766
0.0010445117950439453
0.0
0.0
0.0
0.00766301155090332
0.0010027885437011719
0.0
0.004858493804931641
0.002177000045776367
0.0010218620300292969
0.0
0.0038230419158935547
0.0020818710327148438
0.002122163772583008
0.0003962516784667969
0.00442814826965332
0.001010894775390625
0.002235889434814453
0.002607583999633789
0.002009153366088867
0.0013992786407470703
0.001041412353515625
0.0016083717346191406
0.001341104507446289
0.0021293163299560547
0.0013141632080078125
0.0015254020690917969
0.0010573863983154297
0.0
0.0
0.007129192352294922
0.00041103363037109375
0.0
0.0
0.005660533905029297
0.001590728759765625
0.0003819465637207031
0.0
0.0040569305419921875
0.0016379356384277344
0.0017673969268798828
0.0009207725524902344
0.002572298049926758
0.0012631416320800781
0.0018849372863769531
0.0005919933319091797
0.002708911895751953
0.0008234977722167969
0.0017948150634765625
0.0014667510986328125
0.0015954971313476562
0.0005118846893310547
0.002724885940551758
0.0
0.00436711311340332
0.0
0.0026166439056396484
0.0
0.0020058155059814453
0.002705097198486328
0.0012736320495605469
0.0009999275207519531
0.001211404800415039
0.0034999847412109375
0.002466440200805664
0.0016813278198242188
0.0019800662994384766
0.002032756805419922
0.0010187625885009766
0.002519369125366211
0.0022153854370117188
0.0020160675048828125
0.0009999275207519531
0.0010137557983398438
0.0021152496337890625
0.0014476776123046875
0.0024585723876953125
0.0013251304626464844
0.001260995864868164
0.0
0.0
0.0059566497802734375
0.0016672611236572266
0.0013477802276611328
0.0
0.00539851188659668
0.0013508796691894531
0.0011620521545410156
0.0
0.004336357116699219
0.0013699531555175781
0.0010786056518554688
0.008028745651245117
0.0028297901153564453
0.0029799938201904297
0.002006053924560547
0.002901315689086914
0.003166675567626953
0.002007007598876953
0.002986431121826172
0.0037474632263183594
0.003448486328125
0.0013232231140136719
0.002836465835571289
0.0016613006591796875
0.0010459423065185547
0.00194549560546875
0.0016455650329589844
0.0006077289581298828
0.0
0.0
0.00728297233581543
0.0003046989440917969
0.0
0.0
0.0056912899017333984
0.0013823509216308594
0.0
0.0
0.006598949432373047
0.002393484115600586
0.0010027885437011719
0.0010192394256591797
0.001010894775390625
0.0020139217376708984
0.0011167526245117188
0.002022981643676758
0.0010035037994384766
0.0003325939178466797
0.0
0.0045969486236572266
0.005244016647338867
0.0023555755615234375
0.0022513866424560547
0.002000570297241211
0.0013303756713867188
0.003475189208984375
0.0019996166229248047
0.0031583309173583984
0.0028412342071533203
0.0018570423126220703
0.0032501220703125
0.003000497817993164
0.0029463768005371094
0.0030901432037353516
0.0020003318786621094
0.003668546676635742
0.0024831295013427734
0.002644777297973633
0.0029494762420654297
0.0024220943450927734
0.003856182098388672
0.0030059814453125
0.0027916431427001953
0.0
0.005875825881958008
0.0030651092529296875
0.0004277229309082031
0.0034203529357910156
0.0010085105895996094
0.0010023117065429688
0.0015411376953125
0.0
0.0034317970275878906
0.0016100406646728516
0.0
0.0
0.004370450973510742
0.0010662078857421875
0.0010025501251220703
0.002004861831665039
0.0010297298431396484
0.0010159015655517578
0.0020287036895751953
0.0020270347595214844
0.0022306442260742188
0.0015740394592285156
0.0014736652374267578
0.0017867088317871094
0.0020308494567871094
0.0015797615051269531
0.00201416015625
0.0014913082122802734
0.0
0.004510164260864258
0.0017917156219482422
0.0
0.0030438899993896484
0.0010495185852050781
0.0017268657684326172
0.0
0.0
0.004304647445678711
0.0011324882507324219
0.0
0.0
0.0
0.006054878234863281
0.0
0.0
0.0
0.0
0.006659984588623047
0.0010595321655273438
0.0010023117065429688
0.001001596450805664
0.0010120868682861328
0.0007238388061523438
0.0024013519287109375
0.001012563705444336
0.0010151863098144531
0.0
0.003482818603515625
0.001001596450805664
0.0014727115631103516
0.0
0.0034894943237304688
0.001012563705444336
0.0010020732879638672
0.0
0.0
0.005843162536621094
0.0
0.0
0.0
0.0
0.007122039794921875
0.0011434555053710938
0.0
0.0
0.004786968231201172
0.0010802745819091797
0.0010020732879638672
0.0010211467742919922
0.0010023117065429688
0.002833843231201172
0.0010223388671875
0.0010023117065429688
0.001856088638305664
0.0
0.004147529602050781
0.0010025501251220703
0.0006208419799804688
0.0
0.0
0.0042917728424072266
0.0
0.0
0.0
0.0
0.006261587142944336
0.0
0.0
0.0066530704498291016
0.002025604248046875
0.0018756389617919922
0.0
0.004082202911376953
0.0017719268798828125
0.0
0.00517582893371582
0.0008194446563720703
0.0
0.0051288604736328125
0.0003695487976074219
0.0
0.0
0.006947517395019531
0.0
0.0
0.006685972213745117
0.0023157596588134766
0.0010044574737548828
0.0020079612731933594
0.00153350830078125
0.0035037994384765625
0.0010058879852294922
0.0023322105407714844
0.0024237632751464844
0.0013153553009033203
0.002410888671875
0.0010678768157958984
0.0012745857238769531
0.0010151863098144531
0.0010061264038085938
0.0010042190551757812
0.0016827583312988281
0.0
0.0
0.0
0.0005016326904296875
0.0
0.0
0.006457090377807617
0.0023539066314697266
0.0
0.0
0.005643129348754883
0.0010221004486083984
0.0024423599243164062
0.0012409687042236328
0.0023310184478759766
0.0008687973022460938
0.0
0.0
0.005349159240722656
0.0008955001831054688
0.0
0.0
0.006363868713378906
0.0020112991333007812
0.002391815185546875
0.0018262863159179688
0.0006577968597412109
0.0
0.0
0.006345510482788086
0.001401662826538086
0.0
0.0
0.005573749542236328
0.0010030269622802734
0.0021238327026367188
0.0010447502136230469
0.0023009777069091797
0.0028617382049560547
0.0020797252655029297
0.0012362003326416016
0.001010894775390625
0.0010001659393310547
0.0009996891021728516
0.002000093460083008
0.0007205009460449219
0.00118255615234375
0.0022902488708496094
0.0013742446899414062
0.0
0.004369020462036133
0.002382516860961914
0.0010917186737060547
0.0010161399841308594
0.0025534629821777344
0.000997781753540039
0.0014977455139160156
0.0
0.004369974136352539
0.0014815330505371094
0.0019304752349853516
0.0
0.0035734176635742188
0.0009996891021728516
0.0010001659393310547
0.0009999275207519531
0.0019998550415039062
0.0015037059783935547
0.002184152603149414
0.0010530948638916016
0.0017027854919433594
0.0015058517456054688
0.0
0.0
0.0
0.0
0.0
0.0
0.0
0.0
0.013915300369262695
0.0
0.0
0.0
0.0
0.0
0.0
0.0
0.0
0.015841007232666016
0.0
0.0
0.0
0.0
0.0
0.0
0.0
0.0
0.0
0.0
0.01596522331237793
0.0
0.0030679702758789062
0.0016286373138427734
0.0024476051330566406
0.0003478527069091797
0.0
0.0
0.0
0.0
0.0
0.0
0.0
0.0
0.015648365020751953
0.0
0.0
0.0
0.0
0.0
0.0
0.0
0.0
0.015778064727783203
0.0
0.002040386199951172
0.0020055770874023438
0.0
0.0
0.0
0.0
0.0
0.0
0.0
0.011911869049072266
0.0
0.0
0.0
0.0
0.0
0.0
0.0
0.0
0.0
0.015631675720214844
0.0
0.0031616687774658203
0.0018999576568603516
0.0014417171478271484
0.0014276504516601562
0.001379251480102539
0.001728057861328125
0.0
0.0
0.0
0.0
0.0
0.0
0.0
0.0
0.0
0.014986515045166016
0.0
0.004071712493896484
0.0016169548034667969
0.0011439323425292969
0.002395153045654297
0.0040132999420166016
0.002008199691772461
0.0020067691802978516
0.003148794174194336
0.0024254322052001953
0.003387928009033203
0.002458810806274414
0.0
0.0033233165740966797
0.0021610260009765625
0.0004017353057861328
0.0033876895904541016
0.0024428367614746094
0.001035451889038086
0.0010106563568115234
0.0020029544830322266
0.0010221004486083984
0.0014805793762207031
0.0010020732879638672
0.0
0.0
0.0
0.004805564880371094
0.0
0.0
0.0
0.0
0.0
0.0
0.0
0.0
0.0
0.0
0.0
0.0
0.0
0.0
0.0
0.0
0.0
0.0
0.0
0.0
0.0
0.0
0.0
0.0
0.0
0.015643596649169922
0.0
0.0
0.0
0.0
0.0
0.0
0.0
0.0
0.0
0.0
0.0
0.0
0.01567864418029785
0.001809835433959961
0.0
0.0
0.0
0.0
0.0
0.006997346878051758
0.001068115234375
0.0012850761413574219
0.0010137557983398438
0.0015349388122558594
0.0003116130828857422
0.0
0.0
0.0
0.0
0.0
0.0
0.0
0.0
0.0
0.0
0.0
0.0
0.015781402587890625
0.0
0.0
0.0
0.0
0.0
0.0
0.0
0.0
0.015707969665527344
0.0
0.0
0.0
0.0
0.0
0.0
0.0
0.0
0.01578998565673828
0.0
0.0
0.0
0.0
0.0
0.0
0.0
0.0
0.0
0.0
0.016061782836914062
0.0
0.0
0.0
0.0
0.0
0.0
0.0
0.0
0.0
0.0
0.0
0.0
0.0
0.0
0.0
0.0
0.0
0.0
0.015787839889526367
0.0
0.0
0.004317283630371094
0.0015022754669189453
0.0020813941955566406
0.0014154911041259766
0.0
0.0
0.0
0.0
0.0
0.0
0.0
0.0
0.015410900115966797
0.0007584095001220703
0.0
0.0
0.0
0.0
0.0
0.0
0.0
0.0
0.01735830307006836
0.0013997554779052734
0.0018110275268554688
0.0021543502807617188
0.0011429786682128906
0.0020542144775390625
0.0011203289031982422
0.0006866455078125
0.0
0.0
0.0
0.0
0.006776571273803711
0.0
0.0
0.0
0.0
0.0
0.0
0.0
0.0
0.015888214111328125
0.0
0.0
0.0
0.0
0.0
0.0