0.005065441131591797
0.0032227039337158203
0.0035953521728515625
0.003161191940307617
0.00209808349609375
0.004385471343994141
0.005115985870361328
0.0
0.0035598278045654297
0.006324291229248047
0.0
0.0
0.00675511360168457
0.003810882568359375
0.003190279006958008
0.002004384994506836
0.0023000240325927734
0.003286600112915039
0.0020062923431396484
0.0010013580322265625
0.0
0.0
0.0
0.015870332717895508
0.0
0.0
0.0
0.0
0.016048669815063477
0.005250453948974609
0.0021550655364990234
0.0038652420043945312
0.004306793212890625
0.0033431053161621094
0.0
0.0
0.0
0.012405633926391602
0.003885030746459961
0.0020058155059814453
0.004011631011962891
0.0029480457305908203
0.002925395965576172
0.004923820495605469
0.0030715465545654297
0.004145383834838867
0.002106189727783203
0.0030241012573242188
0.0
0.007386684417724609
0.002005338668823242
0.0020062923431396484
0.004680156707763672
0.0
0.0075511932373046875
0.0
0.0
0.008086442947387695
0.00301361083984375
0.0
0.011096000671386719
0.0041158199310302734
0.00417327880859375
0.0040361881256103516
0.004788637161254883
0.0
0.0
0.008145332336425781
0.0
0.0057942867279052734
0.002415180206298828
0.0023009777069091797
0.0055277347564697266
0.0020062923431396484
0.0039517879486083984
0.004139423370361328
0.0030395984649658203
0.0030527114868164062
0.0010004043579101562
0.006573677062988281
0.005331993103027344
0.003747701644897461
0.0
0.0
0.0
0.0
0.015924453735351562
0.005817413330078125
0.003390073776245117
0.0028994083404541016
0.003009319305419922
0.002749919891357422
0.0029599666595458984
0.004093170166015625
0.002795696258544922
0.005179166793823242
0.0
0.0
0.0
0.0
0.015862703323364258
0.003599882125854492
0.004117488861083984
0.004610300064086914
0.0020837783813476562
0.005298614501953125
0.0020055770874023438
0.0020058155059814453
0.005332231521606445
0.003876924514770508
0.002835988998413086
0.0
0.0
0.007139682769775391
0.005043745040893555
0.0010058879852294922
0.005768537521362305
0.0019998550415039062
0.0038232803344726562
0.0033779144287109375
0.002341747283935547
0.0051691532135009766
0.002794504165649414
0.0035800933837890625
0.003894329071044922
0.0046770572662353516
0.002824068069458008
0.0044176578521728516
0.003748655319213867
0.004659414291381836
0.0
0.007579326629638672
0.0034694671630859375
0.0038840770721435547
0.0020351409912109375
0.0028607845306396484
0.002861499786376953
0.004652738571166992
0.0048370361328125
0.0030128955841064453
0.005240201950073242
0.0
0.0031211376190185547
0.0
0.007279396057128906
0.006152153015136719
0.0031461715698242188
0.0039000511169433594
0.0020792484283447266
0.0026137828826904297
0.0
0.0
0.0
0.015115976333618164
0.0
0.0
0.0
0.008630752563476562
0.002384662628173828
0.004868984222412109
0.0036818981170654297
0.00217437744140625
0.003198385238647461
0.004015445709228516
0.002048969268798828
0.002452850341796875
0.004749774932861328
0.0
0.0
0.0
0.010499238967895508
0.002434253692626953
0.0
0.0
0.0
0.008369922637939453
0.005923748016357422
0.0020880699157714844
0.004460811614990234
0.0030095577239990234
0.002148866653442383
0.005067586898803711
0.0
0.0
0.0
0.00990915298461914
0.0050165653228759766
0.003688335418701172
0.0
0.007023811340332031
0.0
0.006434440612792969
0.0020563602447509766
0.0024576187133789062
0.0028886795043945312
0.003170490264892578
0.0009968280792236328
0.0
0.0
0.0
0.014653205871582031
0.0
0.0
0.007698535919189453
0.0
0.0
0.007939338684082031
0.004830360412597656
0.002769947052001953
0.0020885467529296875
0.00351715087890625
0.003025054931640625
0.0021338462829589844
0.002910614013671875
0.0
0.0
0.0
0.012728214263916016
0.0027723312377929688
0.0
0.007838726043701172
0.0
0.005227565765380859
0.0
0.0
0.012815713882446289
0.0030438899993896484
0.002081155776977539
0.0032587051391601562
0.003147602081298828
0.0
0.006491899490356445
0.0020062923431396484
0.0
0.00631260871887207
0.0037550926208496094
0.0
0.0
0.009903669357299805
0.002006053924560547
0.00518488883972168
0.0037965774536132812
0.002916574478149414
0.003011465072631836
0.0022101402282714844
0.0
0.0
0.0
0.0
0.0
0.015680551528930664
0.0056304931640625
0.0
0.0055999755859375
0.004443645477294922
0.00489044189453125
0.002090930938720703
0.0027179718017578125
0.003139019012451172
0.0032434463500976562
0.00045108795166015625
0.006332874298095703
0.0
0.0
0.010863304138183594
0.004862785339355469
0.0
0.006813764572143555
0.00596308708190918
0.002240419387817383
0.003527402877807617
0.0029685497283935547
0.002003192901611328
0.003027677536010742
0.0028908252716064453
0.0020055770874023438
0.004961252212524414
0.005069255828857422
0.0
0.0
0.012242794036865234
0.0033981800079345703
0.0
0.007521152496337891
0.002081632614135742
0.0035088062286376953
0.00218963623046875
0.002744436264038086
0.0
0.006713390350341797
0.004354000091552734
0.0
0.003943920135498047
0.005426645278930664
0.0
0.0
0.007414102554321289
0.004983425140380859
0.0
0.0064394474029541016
0.005366325378417969
0.0021429061889648438
0.001998424530029297
0.0028009414672851562
0.004099130630493164
0.0
0.0
0.0064334869384765625
0.0
0.008782148361206055
0.0
0.0
0.0
0.0
0.015773773193359375
0.0038938522338867188
0.0021142959594726562
0.003034353256225586
0.004555702209472656
0.00214385986328125
0.0007643699645996094
0.0
0.0
0.0
0.0
0.014947175979614258
0.0
0.006318092346191406
0.003664255142211914
0.0
0.005673408508300781
0.004506349563598633
0.00330352783203125
0.004149675369262695
0.0020363330841064453
0.0030384063720703125
0.0032188892364501953
0.0
0.0
0.0
0.013658761978149414
0.003849029541015625
0.0
0.005800962448120117
0.0063323974609375
0.003801107406616211
0.0032546520233154297
0.0029592514038085938
0.0036427974700927734
0.0034418106079101562
0.0
0.0
0.0
0.0
0.0
0.015430927276611328
0.0
0.006306648254394531
0.0
0.0
0.009380817413330078
0.0
0.005797863006591797
0.0035657882690429688
0.0029647350311279297
0.0033957958221435547
0.0019061565399169922
0.0
0.0
0.0
0.0
0.0
0.014896392822265625
0.0
0.0
0.0
0.0
0.015834808349609375
0.003999948501586914
0.003330707550048828
0.002234935760498047
0.0037686824798583984
0.0020911693572998047
0.002556324005126953
0.002005338668823242
0.0
0.0
0.0
0.0
0.013080358505249023
0.0045964717864990234
0.002290010452270508
0.003958225250244141
0.004384040832519531
0.0020058155059814453
0.004410982131958008
0.005091190338134766
0.002714872360229492
0.0022559165954589844
0.0045053958892822266
0.0020096302032470703
0.00202178955078125
0.0
0.0
0.0
0.0
0.0
0.015692949295043945
0.0
0.0
0.009653568267822266
0.0
0.005996227264404297
0.006188154220581055
0.003377199172973633
0.003547191619873047
0.0031070709228515625
0.0014514923095703125
0.00423121452331543
0.0
0.0
0.011060237884521484
0.0
0.0
0.0
0.010978937149047852
0.004671573638916016
0.002360105514526367
0.005075693130493164
0.0036818981170654297
0.0022084712982177734
0.003088712692260742
0.002886056900024414
0.0
0.004614353179931641
0.0033562183380126953
0.0048525333404541016
0.0020051002502441406
0.002005338668823242
0.004271268844604492
0.0
0.007447957992553711
0.004560708999633789
0.0031054019927978516
0.0035064220428466797
0.0023877620697021484
0.0020356178283691406
0.0012671947479248047
0.0
0.0
0.0
0.0
0.014389276504516602
0.006412029266357422
0.0
0.006818294525146484
0.0025072097778320312
0.0030350685119628906
0.0027370452880859375
0.002446413040161133
0.0027093887329101562
0.002640962600708008
0.003935813903808594
0.0025277137756347656
0.0
0.0
0.0
0.0
0.012602567672729492
0.004520416259765625
0.0
0.0
0.007348060607910156
0.004234790802001953
0.003797769546508789
0.004426002502441406
0.004006624221801758
0.0024216175079345703
0.00286865234375
0.0
0.0069484710693359375
0.0048792362213134766
0.0033042430877685547
0.0020058155059814453
0.004368782043457031
0.004260540008544922
0.0026235580444335938
0.002006053924560547
0.0
0.0
0.011753082275390625
0.00307464599609375
0.0036897659301757812
0.002429962158203125
0.0032677650451660156
0.0
0.0
0.0
0.013148784637451172
0.0027761459350585938
0.0
0.004051923751831055
0.005735874176025391
0.0
0.0058956146240234375
0.005689859390258789
0.003208637237548828
0.0030176639556884766
0.002095937728881836
0.003000020980834961
0.00041985511779785156
0.0
0.0
0.01163935661315918
0.0
0.0024585723876953125
0.0022897720336914062
0.0
0.0
0.005583286285400391
0.0042836666107177734
0.0032460689544677734
0.0034890174865722656
0.003272533416748047
0.0034339427947998047
0.00543665885925293
0.0
0.006928205490112305
0.0032935142517089844
0.0
0.0
0.0
0.012842178344726562
0.002875804901123047
0.00401616096496582
0.0020058155059814453
0.003435850143432617
0.004710197448730469
0.0029578208923339844
0.0
0.00384521484375
0.0
0.007374286651611328
0.003748178482055664
0.0
0.004378318786621094
0.002005338668823242
0.0
0.003435373306274414
0.006158113479614258
0.0033278465270996094
0.003910064697265625
0.003928661346435547
0.0031468868255615234
0.0036449432373046875
0.0019516944885253906
0.0
0.0
0.0
0.0160830020904541
0.0020058155059814453
0.0036468505859375
0.002591848373413086
0.006084442138671875
0.0030112266540527344
0.004620552062988281
0.0024399757385253906
0.003398418426513672
0.003531217575073242
0.003038167953491211
0.004614591598510742
0.0031943321228027344
0.004311800003051758
0.0020062923431396484
0.0
0.0
0.0
0.009977340698242188
0.0
0.007266521453857422
0.0049419403076171875
0.003167867660522461
0.003277301788330078
0.0006411075592041016
0.0
0.009702682495117188
0.0
0.005479335784912109
0.00400090217590332
0.0
0.0
0.0
0.011647701263427734
0.005107879638671875
0.0036759376525878906
0.0038115978240966797
0.0020322799682617188
0.0029866695404052734
0.0
0.0
0.009342193603515625
0.002322673797607422
0.0033767223358154297
0.003233671188354492
0.002634763717651367
0.0
0.0
0.009078025817871094
0.0048980712890625
0.0034449100494384766
0.003290414810180664
0.0043315887451171875
0.0028493404388427734
0.0
0.006641864776611328
0.004805088043212891
0.003748178482055664
0.004250764846801758
0.0036215782165527344
0.002184629440307617
0.003262042999267578
0.004029035568237305
0.0046138763427734375
0.003864288330078125
0.003703594207763672
0.0032172203063964844
0.002164125442504883
0.003033876419067383
0.003026247024536133
0.0019998550415039062
0.002000093460083008
0.002711772918701172
0.002443075180053711
0.004361391067504883
0.003103494644165039
0.002790212631225586
0.0034630298614501953
0.003145933151245117
0.005246639251708984
0.002427339553833008
0.0031800270080566406
0.004813194274902344
0.0020110607147216797
0.003022909164428711
0.004213094711303711
0.0
0.005483865737915039
0.002107858657836914
0.003012418746948242
0.004334926605224609
0.002003192901611328
0.0022525787353515625
0.0040209293365478516
0.0032029151916503906
0.00610041618347168
0.0036051273345947266
0.0035872459411621094
0.0027267932891845703
0.0032591819763183594
0.0037190914154052734
0.0018262863159179688
0.00405120849609375
0.002004384994506836
0.003907442092895508
0.0032227039337158203
0.003662586212158203
0.0020303726196289062
0.0033762454986572266
0.002159595489501953
0.0045664310455322266
0.0020074844360351562
0.002102375030517578
0.0030591487884521484
0.0017480850219726562
0.004193544387817383
0.0013587474822998047
0.006724119186401367
0.002382516860961914
0.004880428314208984
0.0017397403717041016
0.004731178283691406
0.0
0.0
0.010917186737060547
0.0
0.00674891471862793
0.0035254955291748047
0.0019304752349853516
0.002125263214111328
0.0021228790283203125
0.0
0.0
0.0
0.0
0.014655590057373047
0.0
0.009840250015258789
0.002789020538330078
0.003046751022338867
0.0044939517974853516
0.002621173858642578
0.003021240234375
0.002775430679321289
0.0029997825622558594
0.0022869110107421875
0.0040187835693359375
0.004206418991088867
0.0
0.0
0.0074367523193359375
0.0039598941802978516
0.0
0.007983207702636719
0.003931999206542969
0.0037314891815185547
0.003054380416870117
0.0028896331787109375
0.0031478404998779297
0.003709077835083008
0.0
0.0
0.0
0.0
0.015589237213134766
0.0038170814514160156
0.0037088394165039062
0.0023412704467773438
0.0
0.007887601852416992
0.0
0.005957365036010742
0.0044400691986083984
0.0020034313201904297
0.0046482086181640625
0.0026438236236572266
0.002134084701538086
0.003522157669067383
0.0030930042266845703
0.0
0.0
0.005094289779663086
0.0028295516967773438
0.0037271976470947266
0.0020055770874023438
0.004163980484008789
0.004951000213623047
0.004000663757324219
0.002101898193359375
0.0035469532012939453
0.004227876663208008
0.001964092254638672
0.0029556751251220703
0.002779722213745117
0.003354310989379883
0.0028760433197021484
0.0033376216888427734
0.004204750061035156
0.0036711692810058594
0.00465083122253418
0.00414586067199707
0.00402379035949707
0.004147529602050781
0.0026853084564208984
0.0034661293029785156
0.0036211013793945312
0.0027849674224853516
0.0031723976135253906
0.0031676292419433594
0.0036363601684570312
0.004240274429321289
0.002672910690307617
0.0037078857421875
0.0035810470581054688
0.003462076187133789
0.0041790008544921875
0.004046440124511719
0.0031397342681884766
0.0031349658966064453
0.002883434295654297
0.0028464794158935547
0.003790616989135742
0.0026061534881591797
0.002012491226196289
0.0032956600189208984
0.0030405521392822266
0.0030357837677001953
0.003101348876953125
0.003068685531616211
0.0043735504150390625
0.002012968063354492
0.0020432472229003906
0.004296302795410156
0.003340005874633789
0.003090381622314453
0.003233671188354492
0.004719972610473633
0.002737760543823242
0.0030906200408935547
0.003994464874267578
0.0022912025451660156
0.0024826526641845703
0.003374338150024414
0.0029473304748535156
0.002063274383544922
0.0032601356506347656
0.0026772022247314453
0.004677534103393555
0.004354000091552734
0.004007101058959961
0.0028972625732421875
0.004154682159423828
0.004202127456665039
0.004225969314575195
0.002544879913330078
0.004198789596557617
0.003632068634033203
0.004543781280517578
0.002009868621826172
0.003715038299560547
0.004796743392944336
0.003431558609008789
0.003393888473510742
0.002063274383544922
0.00447845458984375
0.003841400146484375
0.0032472610473632812
0.0040285587310791016
0.0034532546997070312
0.0030412673950195312
0.003114938735961914
0.002202272415161133
0.003615140914916992
0.005205392837524414
0.003567218780517578
0.0038094520568847656
0.0024313926696777344
0.0031838417053222656
0.003687143325805664
0.003164052963256836
0.0038950443267822266
0.003148794174194336
0.0033168792724609375
0.0039823055267333984
0.0029659271240234375
0.003001689910888672
0.002482891082763672
0.0044248104095458984
0.003937959671020508
0.0030946731567382812
0.004124879837036133
0.004166603088378906
0.003268003463745117
0.002340078353881836
0.0025680065155029297
0.0038514137268066406
0.00327301025390625
0.003331899642944336
0.0036618709564208984
0.0029158592224121094
0.003954648971557617
0.0035691261291503906
0.005284786224365234
0.004288911819458008
0.004117727279663086
0.0029151439666748047
0.0026683807373046875
0.004022121429443359
0.005308628082275391
0.004500627517700195
0.002492189407348633
0.004543304443359375
0.0029599666595458984
0.004395723342895508
0.004259824752807617
0.0034279823303222656
0.0020639896392822266
0.003137826919555664
0.0031385421752929688
0.0039942264556884766
0.0027930736541748047
0.003864288330078125
0.0033066272735595703
0.0018222332000732422
0.00397801399230957
0.0030269622802734375
0.004090785980224609
0.0035772323608398438
0.003186464309692383
0.003086090087890625
0.0030546188354492188
0.003323793411254883
0.0031626224517822266
0.0034933090209960938
0.0030078887939453125
0.003940582275390625
0.003032207489013672
0.001630544662475586
0.0
0.007596254348754883
0.0030150413513183594
0.003782510757446289
0.0044977664947509766
0.003167390823364258
0.0052373409271240234
0.002138376235961914
0.003870248794555664
0.002489805221557617
0.003206491470336914
0.004096031188964844
0.002626657485961914
0.004213094711303711
0.0022230148315429688
0.0029306411743164062
0.0021295547485351562
0.004616975784301758
0.0034215450286865234
0.0037479400634765625
0.0034682750701904297
0.003995656967163086
0.0020258426666259766
0.004055976867675781
0.0040912628173828125
0.0034830570220947266
0.0020112991333007812
0.005370616912841797
0.004237174987792969
0.004081010818481445
0.00330352783203125
0.004859209060668945
0.004807949066162109
0.0031533241271972656
0.0037696361541748047
0.0025873184204101562
0.004391193389892578
0.00040841102600097656
0.0061228275299072266
0.0023534297943115234
0.0051496028900146484
0.0027871131896972656
0.0025751590728759766
0.005616664886474609
0.0040400028228759766
0.004225492477416992
0.0017621517181396484
0.004791975021362305
0.0029785633087158203
0.004688262939453125
0.0029120445251464844
0.0029642581939697266
0.0035042762756347656
0.004004001617431641
0.003507375717163086
0.0032439231872558594
0.002527475357055664
0.0034384727478027344
0.0033986568450927734
0.0029625892639160156
0.003338336944580078
0.003536701202392578
0.0010089874267578125
0.005115985870361328
0.0034101009368896484
0.0005795955657958984
0.00596165657043457
0.002997159957885742
0.0034067630767822266
0.0
0.006631374359130859
0.0021991729736328125
0.00611567497253418
0.002165555953979492
0.0037806034088134766
0.00035858154296875
0.0052220821380615234
0.002377033233642578
0.0
0.006002187728881836
0.0021135807037353516
0.004807710647583008
0.0008676052093505859
0.006362438201904297
0.004424333572387695
0.0020830631256103516
0.002050161361694336
0.0
0.0129547119140625
0.0022161006927490234
0.003945827484130859
0.0028922557830810547
0.0047686100006103516
0.0020051002502441406
0.005821943283081055
0.003321409225463867
0.003525972366333008
0.0018813610076904297
0.0
0.0
0.012390851974487305
0.0020058155059814453
0.006985187530517578