0.04313540458679199
0.043840646743774414
0.03755593299865723
0.03526163101196289
0.0596160888671875
0.03775811195373535
0.0350344181060791
0.042479515075683594
0.03485560417175293
0.06299400329589844
0.03547787666320801
0.053682565689086914
0.034726619720458984
0.0345003604888916
0.04269909858703613
0.03879714012145996
0.06008005142211914
0.03490853309631348
0.055889129638671875
0.035031795501708984
0.046492815017700195
0.03519415855407715
0.035437822341918945
0.05592632293701172
0.03552842140197754
0.062383413314819336
0.03524518013000488
0.03475761413574219
0.03510904312133789
0.035535573959350586
0.06214022636413574
0.03549385070800781
0.03495430946350098
0.03598761558532715
0.03510260581970215
0.05982041358947754
0.03536820411682129
0.06381344795227051
0.03630948066711426
0.04911994934082031
0.03598785400390625
0.05518794059753418
0.03502154350280762
0.034744977951049805
0.053724050521850586
0.035591840744018555
0.06300473213195801
0.03557538986206055
0.03536033630371094
0.036190032958984375
0.035839080810546875
0.060129404067993164
0.03531336784362793
0.060335397720336914
0.03536510467529297
0.043016910552978516
0.038416147232055664
0.039757490158081055
0.04393196105957031
0.03482198715209961
0.06278753280639648
0.035286903381347656
0.034922122955322266
0.03545212745666504
0.035001277923583984
0.06360292434692383
0.03472447395324707
0.0630180835723877
0.035331010818481445
0.03444314002990723
0.036061763763427734
0.035745859146118164
0.06005740165710449
0.03522849082946777
0.062277793884277344
0.035729408264160156
0.0347743034362793
0.03594017028808594
0.03502917289733887
0.059827566146850586
0.03926825523376465
0.04980945587158203
0.034982919692993164
0.03813505172729492
0.03980731964111328
0.03919410705566406
0.060266971588134766
0.03868269920349121
0.047991037368774414
0.03515195846557617
0.03596210479736328
0.04383587837219238
0.03832197189331055
0.05948686599731445
0.03899025917053223
0.05106163024902344
0.03820466995239258
0.03451943397521973
0.04121828079223633
0.035089969635009766
0.06135678291320801
0.0350339412689209
0.0513300895690918
0.0350492000579834
0.05106806755065918
0.03542637825012207
0.03499484062194824
0.054793357849121094
0.03529477119445801
0.03454017639160156
0.03603005409240723
0.03475308418273926
0.05030083656311035
0.03849053382873535
0.06188321113586426
0.038116455078125
0.04378175735473633
0.039348602294921875
0.03519105911254883
0.05287671089172363
0.03519940376281738
0.04152512550354004
0.035516977310180664
0.0355069637298584
0.05432009696960449
0.03522205352783203
0.06389641761779785
0.035201072692871094
0.03525900840759277
0.036071062088012695
0.03521275520324707
0.05970954895019531
0.035222530364990234
0.06343603134155273
0.0382997989654541
0.04795074462890625
0.03537702560424805
0.05186033248901367
0.03610515594482422
0.0621793270111084
0.03531146049499512
0.03648805618286133
0.05139946937561035
0.034973859786987305
0.03509998321533203
0.03588604927062988
0.03519010543823242
0.06426668167114258
0.03507423400878906
0.06247520446777344
0.038194894790649414
0.03481411933898926
0.040088653564453125
0.034241676330566406
0.052407264709472656
0.03521370887756348
0.06255388259887695
0.035685062408447266
0.03463387489318848
0.03574371337890625
0.035264015197753906
0.05999112129211426
0.035448312759399414
0.034531593322753906
0.03900456428527832
0.03550148010253906
0.05940818786621094
0.035997629165649414
0.04781842231750488
0.03475594520568848
0.03809380531311035
0.0463566780090332
0.03518939018249512
0.049416303634643555
0.03502178192138672
0.06748366355895996
0.034768104553222656
0.03521084785461426
0.03960680961608887
0.034955501556396484
0.06297135353088379
0.03759932518005371
0.034500837326049805
0.035994768142700195
0.03468823432922363
0.05652141571044922
0.034882307052612305
0.06058311462402344
0.03472137451171875
0.03477811813354492
0.037187814712524414
0.03522467613220215
0.062351226806640625
0.034690141677856445
0.03842496871948242
0.03954458236694336
0.034490108489990234
0.05199098587036133
0.038428306579589844
0.05084586143493652
0.03819465637207031
0.03401756286621094
0.041689157485961914
0.03819561004638672
0.05904126167297363
0.034815311431884766
0.034151315689086914
0.034653663635253906
0.03489494323730469
0.06306314468383789
0.034789323806762695
0.05961418151855469
0.03537392616271973
0.042701005935668945
0.03509211540222168
0.03503012657165527
0.05557680130004883
0.03504610061645508
0.03462505340576172
0.03477311134338379
0.03503012657165527
0.05973672866821289
0.03834700584411621
0.03853559494018555
0.03575921058654785
0.06562590599060059
0.03470301628112793
0.035001516342163086
0.05022263526916504
0.035036563873291016
0.0349736213684082
0.035219430923461914
0.0367429256439209
0.0601496696472168
0.035584211349487305
0.05179715156555176
0.03848552703857422
0.03493809700012207
0.04258275032043457
0.035318613052368164
0.06271624565124512
0.034832000732421875
0.04359006881713867
0.03819084167480469
0.0344080924987793
0.05245351791381836
0.03511857986450195
0.05910515785217285
0.034737348556518555
0.03498196601867676
0.03571915626525879
0.03488922119140625
0.06281518936157227
0.03510761260986328
0.06375551223754883
0.03522944450378418
0.04043292999267578
0.034880638122558594
0.033998727798461914
0.061257123947143555
0.038297414779663086
0.04344010353088379
0.03459048271179199
0.03433394432067871
0.049129486083984375
0.03769636154174805
0.04739546775817871
0.03444814682006836
0.034461021423339844
0.04228329658508301
0.03485369682312012
0.05625629425048828
0.0330507755279541
0.06651711463928223
0.0336148738861084
0.033734798431396484
0.04170656204223633
0.03297901153564453
0.06007862091064453
0.03379249572753906
0.04304671287536621
0.03344297409057617
0.0336461067199707
0.05802607536315918
0.033631324768066406
0.033822059631347656
0.03625893592834473
0.03402447700500488
0.06236672401428223
0.03723454475402832
0.033435821533203125
0.037309885025024414
0.033568620681762695
0.05863213539123535
0.03349804878234863
0.04451870918273926
0.03366279602050781
0.03358936309814453
0.060717105865478516
0.03675651550292969
0.05389547348022461
0.03347301483154297
0.05383777618408203
0.033637046813964844
0.03373551368713379
0.051561594009399414
0.03364205360412598
0.05764937400817871
0.03439140319824219
0.03960680961608887
0.0380702018737793
0.03391718864440918
0.062161922454833984
0.03412508964538574
0.062303781509399414
0.03376603126525879
0.0486142635345459
0.033799171447753906
0.033566951751708984
0.05527830123901367
0.03373456001281738
0.0658731460571289
0.03794550895690918
0.052102088928222656
0.03338289260864258
0.05448770523071289
0.033881187438964844
0.06107378005981445
0.03702044486999512
0.036746978759765625
0.03949761390686035
0.034622907638549805
0.03416872024536133
0.05092573165893555
0.03447747230529785
0.06024885177612305
0.03518247604370117
0.05082297325134277
0.03464484214782715
0.034210920333862305
0.0473017692565918
0.03709149360656738
0.05685544013977051
0.03486466407775879
0.055359601974487305
0.034804582595825195
0.05386829376220703
0.03465580940246582
0.03471016883850098
0.0544891357421875
0.0347287654876709
0.06349372863769531
0.034561872482299805
0.03431868553161621
0.03507590293884277
0.03479456901550293
0.06394290924072266
0.034615278244018555
0.06294131278991699
0.03512430191040039
0.034174203872680664
0.036728620529174805
0.034114837646484375
0.060544729232788086
0.034647464752197266
0.0606226921081543
0.034827470779418945
0.034438133239746094
0.03712105751037598
0.03471255302429199
0.06319093704223633
0.03523063659667969
0.0339970588684082
0.0354158878326416
0.037911176681518555
0.043401241302490234
0.034738779067993164
0.07740592956542969
0.03582143783569336
0.034809112548828125
0.0380856990814209
0.03851747512817383
0.0585019588470459
0.03464484214782715
0.034918785095214844
0.03585553169250488
0.03494143486022949
0.0583341121673584
0.034879207611083984
0.06256890296936035
0.03496694564819336
0.040116071701049805
0.0350651741027832
0.03393125534057617
0.058370113372802734
0.034698486328125
0.061541080474853516
0.034586191177368164
0.03446459770202637
0.03851723670959473
0.03528785705566406
0.0595850944519043
0.03580212593078613
0.04287838935852051
0.03514289855957031
0.056023597717285156
0.03918957710266113
0.06261301040649414
0.03822159767150879
0.03445577621459961
0.05334162712097168
0.03468680381774902
0.03420400619506836
0.03530454635620117
0.034679412841796875
0.055947303771972656
0.0346376895904541
0.0431208610534668
0.035195112228393555
0.034302711486816406
0.060694217681884766
0.03813433647155762
0.05184650421142578
0.03818225860595703
0.034131765365600586
0.04119229316711426
0.03795456886291504
0.044167280197143555
0.03533649444580078
0.05581331253051758
0.035003662109375
0.03423357009887695
0.05470013618469238
0.0348665714263916
0.06305408477783203
0.03484821319580078
0.04104137420654297
0.037685394287109375
0.0602571964263916
0.0350041389465332
0.0346219539642334
0.054747819900512695
0.03462386131286621
0.03436279296875
0.03543281555175781
0.034596920013427734
0.06273341178894043
0.03451824188232422
0.04013490676879883
0.03566145896911621
0.03618574142456055
0.05512499809265137
0.03483915328979492
0.06321072578430176
0.03547310829162598
0.03940701484680176
0.03557276725769043
0.03408074378967285
0.05699753761291504
0.03427314758300781
0.051514387130737305
0.03498649597167969
0.03445887565612793
0.044670820236206055
0.03493452072143555
0.06053566932678223
0.03853321075439453
0.042977333068847656
0.0350041389465332
0.03464365005493164
0.05390644073486328
0.0346066951751709
0.06272768974304199
0.03504133224487305
0.04400038719177246
0.03897500038146973
0.038047075271606445
0.03598308563232422
0.03466963768005371
0.06879901885986328
0.03559112548828125
0.03402352333068848
0.03672528266906738
0.03469204902648926
0.06375265121459961
0.035452842712402344
0.0419468879699707
0.03439807891845703
0.034850120544433594
0.055133819580078125
0.03504061698913574
0.055389404296875
0.03469443321228027
0.04604506492614746
0.035830020904541016
0.03622603416442871
0.05692243576049805
0.035108327865600586
0.06370759010314941
0.03638005256652832
0.051795005798339844
0.03490161895751953
0.03853964805603027
0.0423274040222168
0.03827548027038574
0.04746198654174805
0.03731107711791992
0.05448198318481445
0.03759002685546875
0.05066657066345215
0.039444923400878906
0.061573028564453125
0.03626441955566406
0.03535628318786621
0.057347774505615234
0.034784793853759766
0.03497147560119629
0.03507542610168457
0.03515124320983887
0.059943437576293945
0.03604316711425781
0.05168962478637695
0.03526639938354492
0.03469276428222656
0.04292941093444824
0.03494572639465332
0.06397891044616699
0.03525948524475098
0.049642324447631836
0.03506326675415039
0.03870749473571777
0.043372392654418945
0.03450608253479004
0.055864572525024414
0.03765749931335449
0.033980369567871094
0.03681445121765137
0.03487873077392578
0.051280975341796875
0.03505754470825195
0.03420257568359375
0.04498553276062012
0.034331321716308594
0.06354165077209473
0.03532862663269043
0.043343544006347656
0.03515219688415527
0.03412437438964844
0.05362701416015625
0.03426313400268555
0.06353139877319336
0.034749746322631836
0.034410953521728516
0.03566741943359375
0.03448677062988281
0.06010103225708008
0.035073280334472656
0.05149197578430176
0.03522181510925293
0.034859657287597656
0.04645252227783203
0.034822940826416016
0.06372761726379395
0.03523850440979004
0.03921318054199219
0.03513956069946289
0.03463888168334961
0.05716705322265625
0.03631401062011719
0.04717373847961426
0.0346221923828125
0.034522056579589844
0.04745364189147949
0.035254478454589844
0.06478381156921387
0.03519034385681152
0.06312346458435059
0.03505420684814453
0.04689526557922363
0.03538918495178223
0.034780025482177734
0.04884767532348633
0.034799814224243164
0.06385588645935059
0.03526186943054199
0.03402066230773926
0.03531956672668457
0.034722328186035156
0.15582895278930664
0.03715634346008301
0.03690910339355469
0.036688804626464844
0.0356297492980957
0.05899453163146973
0.035073041915893555
0.0349726676940918
0.03607463836669922
0.03550553321838379
0.05938005447387695
0.03453493118286133
0.06316375732421875
0.03526473045349121
0.03437042236328125
0.036244869232177734
0.034914493560791016
0.05949807167053223
0.03609514236450195
0.06227445602416992
0.03569960594177246
0.034647226333618164
0.03515744209289551
0.035112619400024414
0.058371543884277344
0.03585410118103027
0.03551745414733887
0.03606462478637695
0.03464317321777344
0.06120109558105469
0.03513145446777344
0.06255030632019043
0.0358424186706543
0.03463244438171387
0.03533816337585449
0.03489255905151367
0.06076645851135254
0.0352327823638916
0.0426788330078125
0.0350041389465332
0.03507709503173828
0.05211615562438965
0.0352020263671875
0.052008628845214844
0.03528451919555664
0.03439044952392578
0.0453181266784668
0.03519272804260254
0.0627598762512207
0.03599286079406738
0.035526275634765625
0.03643083572387695
0.03543257713317871
0.054235219955444336
0.0349729061126709
0.07042527198791504
0.036177873611450195
0.035526275634765625
0.03549623489379883
0.03909134864807129
0.051499366760253906
0.035274505615234375
0.06584000587463379
0.0380396842956543
0.03774118423461914
0.03786015510559082
0.034853219985961914
0.047292470932006836
0.035050392150878906
0.034620046615600586
0.035083770751953125
0.0353693962097168
0.0664985179901123
0.03550004959106445
0.04790186882019043
0.035051822662353516
0.05429887771606445
0.03502082824707031
0.03539276123046875
0.04022383689880371
0.034661293029785156
0.057959556579589844
0.03519129753112793
0.03533744812011719
0.05126452445983887
0.03504204750061035
0.05489540100097656
0.03494858741760254
0.03512239456176758
0.03967118263244629
0.03511238098144531
0.06345343589782715
0.03521585464477539
0.04275798797607422
0.035489797592163086
0.03433799743652344
0.05315351486206055
0.03522300720214844
0.06310224533081055
0.03525686264038086
0.04242110252380371
0.03502488136291504
0.034950971603393555
0.05154061317443848
0.03575563430786133
0.039136648178100586
0.034697532653808594
0.03435945510864258
0.058045148849487305
0.03484964370727539
0.05166435241699219
0.035147905349731445
0.055510520935058594
0.03506135940551758
0.034447431564331055
0.04889941215515137
0.03501129150390625
0.06283879280090332
0.03509330749511719
0.03487968444824219
0.041595458984375
0.03530120849609375
0.05180048942565918
0.035109519958496094
0.03474903106689453
0.03802990913391113
0.03510570526123047
0.06377100944519043
0.034937381744384766
0.040981292724609375
0.03504323959350586
0.034889936447143555
0.055205345153808594
0.03491711616516113
0.0628499984741211
0.03517651557922363
0.04290127754211426
0.03473210334777832
0.03493618965148926
0.052403926849365234
0.03475666046142578
0.0517725944519043
0.034708499908447266
0.0344693660736084
0.04650259017944336
0.03566312789916992
0.06383705139160156
0.035254716873168945
0.03501248359680176
0.03613114356994629
0.0351252555847168
0.058997392654418945
0.03570556640625
0.06393980979919434
0.03454995155334473
0.06256794929504395
0.03520345687866211
0.034575462341308594
0.03568577766418457
0.03442955017089844
0.06047201156616211
0.03501462936401367
0.03470182418823242
0.03591132164001465
0.03454017639160156
0.06064558029174805
0.03494715690612793
0.05813241004943848
0.03563809394836426
0.03528571128845215
0.03751540184020996
0.03523612022399902
0.06205320358276367
0.03508949279785156
0.0343320369720459
0.03580522537231445
0.0348055362701416
0.0601193904876709
0.035268545150756836
0.03436446189880371
0.03522133827209473
0.03479766845703125
0.06059694290161133
0.0348665714263916
0.05151176452636719
0.03503584861755371
0.03461599349975586
0.046456336975097656
0.03502774238586426
0.06255698204040527
0.03505754470825195
0.04359698295593262
0.03544259071350098
0.035469770431518555
0.052201271057128906
0.03543829917907715
0.03512310981750488
0.035912275314331055
0.03475522994995117
0.05940675735473633
0.0362398624420166
0.04857277870178223
0.03569936752319336
0.07263040542602539
0.036322593688964844
0.042832136154174805
0.035103559494018555
0.03524446487426758
0.054900169372558594
0.03496551513671875
0.03447437286376953
0.036087751388549805
0.03478217124938965
0.0597996711730957
0.03499102592468262
0.05837702751159668
0.03606104850769043
0.034914255142211914
0.03751111030578613
0.03500056266784668
0.058603525161743164
0.03456282615661621
0.03477787971496582
0.04294157028198242
0.03635811805725098
0.05482625961303711
0.03374004364013672
0.04637503623962402
0.033673763275146484
0.06511759757995605
0.03376626968383789
0.03344416618347168
0.05489611625671387
0.03440093994140625
0.06035423278808594
0.03400063514709473
0.04203987121582031
0.03410601615905762
0.03371119499206543
0.05846810340881348
0.03442239761352539
0.03441047668457031
0.03464770317077637
0.033887624740600586
0.05674242973327637
0.033823251724243164
0.04633188247680664
0.03447079658508301
0.03453350067138672
0.06493496894836426
0.03429913520812988
0.05853438377380371
0.03428030014038086
0.0343623161315918
0.03393197059631348
0.03403162956237793
0.06318330764770508
0.034055471420288086
0.04613327980041504
0.0383913516998291
0.054387807846069336
0.03448820114135742
0.03384256362915039
0.06165122985839844
0.034723520278930664
0.06310486793518066
0.03409123420715332
0.03419637680053711
0.0340573787689209
0.03440570831298828
0.05252480506896973
0.03385448455810547
0.055753469467163086