0.21988773345947266
0.21755766868591309
0.21494650840759277
0.21820569038391113
0.22029852867126465
0.20627474784851074
0.21860599517822266
0.21817326545715332
0.21921443939208984
0.21163702011108398
0.2123277187347412
0.22425079345703125
0.21217989921569824
0.21827149391174316
0.21390080451965332
0.21424245834350586
0.21772503852844238
0.20659542083740234
0.2186117172241211
0.21831750869750977
0.20459246635437012
0.21758389472961426
0.21507859230041504
0.21702265739440918
0.22044062614440918
0.217789888381958
0.20594215393066406
0.2139441967010498
0.2176213264465332
0.21796131134033203
0.21976089477539062
0.21601247787475586
0.23167729377746582
0.22088837623596191
0.2198479175567627
0.21533989906311035
0.21150898933410645
0.20956206321716309
0.22043704986572266
0.21579861640930176
0.2195441722869873
0.2179865837097168
0.2030649185180664
0.20751094818115234
0.22403812408447266
0.2281038761138916
0.22206473350524902
0.2203655242919922
0.21770691871643066
0.21890974044799805
0.2230207920074463
0.2085416316986084
0.21014952659606934
0.22265911102294922
0.22027039527893066
0.21850371360778809
0.21836042404174805
0.217972993850708
0.2183377742767334
0.20615696907043457
0.22113490104675293
0.21521878242492676
0.21809649467468262
0.2229633331298828
0.22082829475402832
0.20376348495483398
0.20878386497497559
0.2021195888519287
0.22197842597961426
0.220292329788208
0.21186017990112305
0.21956896781921387
0.21068120002746582
0.2075650691986084
0.2114551067352295
0.21399521827697754
0.2109670639038086
0.21444439888000488
0.22081351280212402
0.21765661239624023
0.2188119888305664
0.2200472354888916
0.20778465270996094
0.21920204162597656
0.22046566009521484
0.21405625343322754
0.21574735641479492
0.23509693145751953
0.2156081199645996
0.21661090850830078
0.22066569328308105
0.2129344940185547
0.2140641212463379
0.20788145065307617
0.22223830223083496
0.21819472312927246
0.21938037872314453
0.2191159725189209
0.17141008377075195
0.18148159980773926
0.1810898780822754
0.190720796585083
0.19307565689086914
0.1903843879699707
0.18935728073120117
0.18882226943969727
0.185837984085083
0.18401026725769043
0.19322514533996582
0.1922745704650879
0.179640531539917
0.18329811096191406
0.19088006019592285
0.14707660675048828
0.12828540802001953
0.1730818748474121
0.22378873825073242
0.23007988929748535
0.2145228385925293
0.2199399471282959
0.2243032455444336
0.22104191780090332
0.22444510459899902
0.2214508056640625
0.2238774299621582
0.16596388816833496
0.17590594291687012
0.21483969688415527
0.22093915939331055
0.21479582786560059
0.20642304420471191
0.22411346435546875
0.21838784217834473
0.22249531745910645
0.22171735763549805
0.36556243896484375
0.2267284393310547
0.21908307075500488
0.22626018524169922
0.22249460220336914
0.21890544891357422
0.21825337409973145
0.22575116157531738
0.22164630889892578
0.22073864936828613
0.1787717342376709
0.13976812362670898
0.13739371299743652
0.13559269905090332
0.1379098892211914
0.1294689178466797
0.13452720642089844
0.12851405143737793
0.12906646728515625
0.1338653564453125
0.1336667537689209
0.14011311531066895
0.13476896286010742
0.1357719898223877
0.1337888240814209
0.1340928077697754
0.1335124969482422
0.133469820022583
0.1290595531463623
0.12801098823547363
0.1288313865661621
0.13449692726135254
0.13550806045532227
0.1337738037109375
0.1328136920928955
0.131605863571167
0.12936162948608398
0.1280348300933838
0.13477301597595215
0.13192129135131836
0.13513946533203125
0.13509440422058105
0.13582229614257812
0.14032554626464844
0.13486337661743164
0.14246869087219238
0.13741397857666016
0.1333463191986084
0.12799835205078125
0.12917613983154297
0.13286375999450684
0.12973761558532715
0.12807369232177734
0.13165950775146484
0.13329291343688965
0.13097333908081055
0.12812423706054688
0.12830162048339844
0.12870121002197266
0.13390350341796875
0.12938475608825684
0.13126707077026367
0.1289527416229248
0.12795281410217285
0.12789106369018555
0.12863707542419434
0.1285264492034912
0.12891077995300293
0.12869668006896973
0.1298539638519287
0.12966394424438477
0.12920141220092773
0.12815618515014648
0.12877321243286133
0.12987232208251953
0.13445019721984863
0.13435626029968262
0.1332392692565918
0.13307523727416992
0.13434076309204102
0.1289079189300537
0.12894225120544434
0.12938141822814941
0.12841224670410156
0.12977027893066406
0.12827539443969727
0.12987709045410156
0.1279585361480713
0.12760567665100098
0.12873101234436035
0.12834382057189941
0.12831592559814453
0.12993073463439941
0.12881708145141602
0.12784051895141602
0.12749361991882324
0.12823486328125
0.12865328788757324
0.13703322410583496
0.12853240966796875
0.12924909591674805
0.12904095649719238
0.1277904510498047
0.12714767456054688
0.12781739234924316
0.12751269340515137
0.12811732292175293
0.1312098503112793
0.12856197357177734
0.1291513442993164
0.12869596481323242
0.12822890281677246
0.12783479690551758
0.12830877304077148
0.12824726104736328
0.12982511520385742
0.1278395652770996
0.12818336486816406
0.12843012809753418
0.12816524505615234
0.1283421516418457
0.1286005973815918
0.1278386116027832
0.129927396774292
0.12813353538513184
0.12745261192321777
0.12890195846557617
0.1279296875
0.1281743049621582
0.12774348258972168
0.12822270393371582
0.12902522087097168
0.12771296501159668
0.12787103652954102
0.12809062004089355
0.12794947624206543
0.12806487083435059
0.12765288352966309
0.13097810745239258
0.12975430488586426
0.12900280952453613
0.12857270240783691
0.12775111198425293
0.12746644020080566
0.12809991836547852
0.12795019149780273
0.1307544708251953
0.12865018844604492
0.12896060943603516
0.12987947463989258
0.12832379341125488
0.1287698745727539
0.1282193660736084
0.23867034912109375
0.1283259391784668
0.1280834674835205
0.12776494026184082
0.12802696228027344
0.12914347648620605
0.12810659408569336
0.12753534317016602
0.1304764747619629
0.12888407707214355
0.12916254997253418
0.12888836860656738
0.12804150581359863
0.12842750549316406
0.12821102142333984
0.12907958030700684
0.12963104248046875
0.1291663646697998
0.1281871795654297
0.12727117538452148
0.12905359268188477
0.12870383262634277
0.12828803062438965
0.1308436393737793
0.13019633293151855
0.12898564338684082
0.1292130947113037
0.12968206405639648
0.12995123863220215
0.12868785858154297
0.12946748733520508
0.13009047508239746
0.12936854362487793
0.13178253173828125
0.1314711570739746
0.12784767150878906
0.1280684471130371
0.12876653671264648
0.1284034252166748
0.13044428825378418
0.13563323020935059
0.13183188438415527
0.12903189659118652
0.12906265258789062
0.12831664085388184
0.12805390357971191
0.12886619567871094
0.12950348854064941
0.12859773635864258
0.12771272659301758
0.1275033950805664
0.1287214756011963
0.12833833694458008
0.12804031372070312
0.13015007972717285
0.12873482704162598
0.12886285781860352
0.1293785572052002
0.1309952735900879
0.12897014617919922
0.12818169593811035
0.12859082221984863
0.13087129592895508
0.12973785400390625
0.12836074829101562
0.12849020957946777
0.12909460067749023
0.129011869430542
0.12897419929504395
0.12846970558166504
0.12991738319396973
0.1281132698059082
0.12854313850402832
0.12890076637268066
0.12906408309936523
0.12864923477172852
0.12793970108032227
0.12839436531066895
0.12934112548828125
0.12811899185180664
0.12830662727355957
0.1278705596923828
0.12838459014892578
0.12859892845153809
0.12758827209472656
0.1295480728149414
0.12874221801757812
0.12809109687805176
0.12888097763061523
0.12836384773254395
0.12934398651123047
0.12760591506958008
0.12741518020629883
0.13012313842773438
0.12849712371826172
0.12829852104187012
0.12703227996826172
0.12783503532409668
0.1276705265045166
0.1281273365020752
0.13033771514892578
0.1313488483428955