0.5069577693939209
0.5014891624450684
0.5188899040222168
0.4905214309692383
0.4813413619995117
0.49953317642211914
0.49821019172668457
0.5054013729095459
0.4949157238006592
0.4952869415283203
0.537940502166748
0.5054771900177002
0.49768996238708496
0.48070836067199707
0.49521851539611816
0.5156428813934326
0.5063109397888184
0.493854284286499
0.49556446075439453
0.504737138748169
0.5015678405761719
0.4970967769622803
0.48052430152893066
0.4983217716217041
0.5020954608917236
0.5149319171905518
0.5110840797424316
0.4878377914428711
0.48771071434020996
0.5084738731384277
0.504047155380249
0.4985811710357666
0.5038487911224365
0.49645423889160156
0.5036113262176514
0.48861074447631836
0.4833958148956299
0.49573659896850586
0.4977903366088867
0.4998924732208252
0.49983859062194824
0.5160083770751953
0.494276762008667
0.5008299350738525
0.5228712558746338
0.49838995933532715
0.5107536315917969
0.4986145496368408
0.48874664306640625
0.4935457706451416
0.5117514133453369
0.49271440505981445
0.4916245937347412
0.5046002864837646
0.5031507015228271
0.48891592025756836
0.4883913993835449
0.5100414752960205
0.5034401416778564
0.5008840560913086
0.4909186363220215
0.5037784576416016
0.49817371368408203
0.503063440322876
0.6318838596343994
0.49201345443725586
0.49558043479919434
0.4934272766113281
0.4914216995239258
0.4899406433105469
0.4931149482727051
0.5086805820465088
0.506176233291626
0.4919853210449219
0.4982433319091797
0.500565767288208
0.5007507801055908
0.5160660743713379
0.5042009353637695
0.5084247589111328
0.4953773021697998
0.5009579658508301
0.49664950370788574
0.4971315860748291
0.5048513412475586
0.5014519691467285
0.5046889781951904
0.49530982971191406
0.5008933544158936
0.5016312599182129
0.4994540214538574
0.5010178089141846
0.4928750991821289
0.5061202049255371
0.502763032913208
0.4981708526611328
0.49308347702026367
0.5078649520874023
0.4896528720855713
0.49865055084228516
0.504662275314331
0.4956705570220947
0.4891648292541504
0.5164237022399902
0.4938511848449707
0.5117931365966797
0.49187350273132324
0.4976158142089844
0.5134670734405518
0.4993562698364258
0.49932432174682617
0.4933195114135742
0.4961724281311035
0.49152708053588867
0.5141720771789551
0.5045630931854248
0.4908905029296875
0.5038247108459473
0.49677348136901855
0.5013439655303955
0.4946901798248291
0.5106327533721924
0.49492335319519043
0.5064983367919922
0.49459123611450195
0.505103588104248
0.4979531764984131
0.49425578117370605
0.4992949962615967
0.5012872219085693
0.49517011642456055
0.4994325637817383
0.4939143657684326
0.5135898590087891
0.49709630012512207
0.5001208782196045
0.5032527446746826
0.495499849319458
0.5069844722747803
0.4941263198852539
0.5005166530609131
0.4958786964416504
0.5055019855499268
0.4920375347137451
0.4946024417877197
0.4921422004699707
0.5039241313934326
0.5012011528015137
0.5106289386749268
0.5048701763153076
0.4994828701019287
0.5009555816650391
0.501755952835083
0.4999375343322754
0.4955728054046631
0.5034570693969727
0.49585771560668945
0.49372029304504395
0.5107369422912598
0.4890758991241455
0.5084273815155029
0.5045926570892334
0.499744176864624
0.49663376808166504
0.48750948905944824
0.4915304183959961
0.5007114410400391
0.4956376552581787
0.5166125297546387
0.5079824924468994
0.5011875629425049
0.49618029594421387
0.48473119735717773
0.4954359531402588
0.4987034797668457
0.500434398651123
0.5009269714355469
0.4950439929962158
0.4842970371246338
0.4919562339782715
0.5016193389892578
0.49315619468688965
0.5002472400665283
0.5061559677124023
0.5010998249053955
0.4994344711303711
0.49719715118408203
0.5024082660675049
0.5026595592498779
0.5014612674713135
0.6482436656951904
0.4858837127685547
0.4966890811920166
0.505828857421875
0.4946553707122803
0.485917329788208
0.4905214309692383
0.4894073009490967
0.49964475631713867
0.5062475204467773
0.4923093318939209
0.49915289878845215
0.5058162212371826
0.49921369552612305
0.4987952709197998
0.4978630542755127
0.49724340438842773
0.5014016628265381
0.5017960071563721
0.49816179275512695
0.5007004737854004
0.5020527839660645
0.499006986618042
0.5024986267089844
0.49138712882995605
0.5053689479827881
0.500633955001831
0.49959897994995117
0.5034160614013672
0.4984915256500244
0.49381089210510254
0.5046916007995605
0.500624418258667
0.49181485176086426
0.5062987804412842
0.5037941932678223
0.49890804290771484
0.5012292861938477
0.4939568042755127
0.4983534812927246
0.5092284679412842
0.499417781829834
0.49858641624450684
0.49775147438049316
0.5022177696228027
0.4989957809448242
0.5061578750610352
0.4893224239349365
0.5079796314239502
0.49578309059143066
0.496065616607666
0.5020372867584229
0.4980654716491699
0.5011684894561768
0.5065248012542725
0.49758338928222656
0.499164342880249
0.4955000877380371
0.5029160976409912
0.5013983249664307
0.4961283206939697
0.49901294708251953
0.5014643669128418
0.5093753337860107
0.49440526962280273
0.49832797050476074
0.4999065399169922
0.4962038993835449
0.504960298538208
0.4974484443664551
0.49788737297058105
0.5070793628692627
0.49335193634033203
0.501579999923706
0.5027260780334473
0.5021684169769287
0.4948391914367676
0.49964451789855957
0.5043864250183105
0.4978470802307129
0.4948091506958008
0.5007140636444092
0.5088860988616943
0.49714183807373047
0.4987828731536865
0.49982428550720215
0.4940154552459717
0.5022592544555664
0.5037901401519775
0.5018754005432129
0.5084578990936279
0.5090315341949463
0.5006489753723145
0.5053858757019043
0.4958198070526123
0.4927952289581299
0.5070362091064453
0.5007798671722412
0.5005431175231934
0.4954526424407959
0.4890773296356201
0.4974184036254883
0.4941833019256592
0.5011792182922363
0.49760007858276367
0.502291202545166
0.4986274242401123
0.5018508434295654
0.49140334129333496
0.5085289478302002
0.5031018257141113
0.501096248626709
0.49965953826904297
0.4918990135192871
0.5025925636291504
0.5019824504852295
0.5008361339569092
0.4987833499908447
0.493821382522583
0.509061336517334
0.5033066272735596
0.4966318607330322
0.49957871437072754
0.49860405921936035
0.4980809688568115
0.5006778240203857
0.49956369400024414
0.499645471572876
0.5004103183746338
0.5029659271240234
0.49982571601867676
0.49939537048339844
0.49591684341430664
0.5009171962738037
0.5036630630493164
0.4967818260192871
0.4992702007293701
0.5007107257843018
0.5011563301086426
0.4891054630279541
0.5066053867340088
0.4920973777770996
0.5126044750213623
0.495725154876709
0.49677371978759766
0.5083637237548828
0.4914538860321045
0.4990732669830322
0.495866060256958
0.5087370872497559
0.4920058250427246
0.6777780055999756
0.49236488342285156
0.48694324493408203
0.5011999607086182
0.4759199619293213
0.4822862148284912
0.4897913932800293