0.3722975254058838
0.392758846282959
0.3632314205169678
0.4241511821746826
0.3813621997833252
0.3780250549316406
0.37560391426086426
0.380659818649292
0.37050318717956543
0.36174654960632324
0.38988757133483887
0.3995652198791504
0.39969420433044434
0.37355732917785645
0.374544620513916
0.40381383895874023
0.4018898010253906
0.36634111404418945
0.3593106269836426
0.3661470413208008
0.35555315017700195
0.36429405212402344
0.35604000091552734
0.3783562183380127
0.45389246940612793
0.3746304512023926
0.3791961669921875
0.36440396308898926
0.37287473678588867
0.36545395851135254
0.3899679183959961
0.3763401508331299
0.37207674980163574
0.36620616912841797
0.3640410900115967
0.37731099128723145
0.3912949562072754
0.4056966304779053
0.3997492790222168
0.3898024559020996
0.4005880355834961
0.36287641525268555
0.4064633846282959
0.3978691101074219
0.38317251205444336
0.40642428398132324
0.5431714057922363
0.4298725128173828
0.41088128089904785
0.36890697479248047
0.4126698970794678
0.3610198497772217
0.3727681636810303
0.3899571895599365
0.3869900703430176
0.37801694869995117
0.39316654205322266
0.39701223373413086
0.37360405921936035
0.3864250183105469
0.3986184597015381
0.39600038528442383
0.40598392486572266
0.396195650100708
0.4068267345428467
0.41232895851135254
0.42839956283569336
0.3511474132537842
0.4042985439300537
0.38099050521850586
0.4174923896789551
0.4038064479827881
0.3591346740722656
0.3507256507873535
0.3897817134857178
0.4014618396759033
0.4294881820678711
0.41539669036865234
0.35417795181274414
0.3679783344268799
0.3721451759338379
0.35950350761413574
0.3949437141418457
0.41994786262512207
0.4324815273284912
0.38005805015563965
0.36857175827026367
0.37651753425598145
0.3711698055267334
0.3953096866607666
0.37251734733581543
0.3844568729400635
0.40441060066223145
0.36527085304260254
0.3767867088317871
0.3761565685272217
0.4211726188659668
0.4027731418609619
0.3994269371032715
0.3804759979248047
0.44283318519592285
0.3759000301361084
0.42533159255981445
0.37555527687072754
0.3584742546081543
0.3892827033996582
0.36771631240844727
0.37178921699523926
0.36374831199645996
0.37154531478881836
0.366851806640625
0.4067833423614502
0.3511953353881836
0.37000203132629395
0.3531837463378906
0.37973737716674805
0.40081191062927246
0.40419530868530273
0.5055420398712158
0.3655993938446045
0.37215399742126465
0.4000372886657715
0.3508443832397461
0.4154086112976074
0.3901791572570801
0.3980579376220703
0.3690049648284912
0.37157630920410156
0.380753755569458
0.3865954875946045
0.3913280963897705
0.38077569007873535
0.41945648193359375
0.4740777015686035
0.3728508949279785
0.3783071041107178
0.3901228904724121
0.3794398307800293
0.4040391445159912
0.4016134738922119
0.37823057174682617
0.36349940299987793
0.42760396003723145
0.37270331382751465
0.3680107593536377
0.3581991195678711
0.3532447814941406
0.4220006465911865
0.3563051223754883
0.3979058265686035
0.36873865127563477
0.380420446395874
0.36906886100769043
0.3785238265991211
0.3796975612640381
0.36565208435058594
0.40764617919921875
0.3773689270019531
0.3942677974700928
0.36594700813293457
0.40897440910339355
0.39217185974121094
0.35765671730041504
0.3750009536743164
0.37635087966918945
0.4010310173034668
0.400407075881958
0.3783226013183594
0.3421940803527832
0.37816786766052246
0.40062594413757324
0.4002993106842041
0.39772915840148926
0.4043247699737549
0.4092750549316406
0.37497377395629883
0.37573909759521484
0.35954856872558594
0.4422779083251953
0.4219372272491455
0.3996279239654541
0.3924405574798584
0.3725869655609131
0.3723182678222656
0.4383838176727295
0.38588619232177734
0.3496682643890381
0.3728938102722168
0.3816361427307129
0.3915083408355713
0.37877917289733887
0.4113740921020508
0.3872642517089844
0.37743568420410156
0.4014089107513428
0.4033997058868408
0.36962413787841797
0.3580639362335205
0.36965060234069824
0.37006306648254395
0.348926305770874
0.3779871463775635
0.37304258346557617
0.4820890426635742
0.3564445972442627
0.391263484954834
0.40026092529296875
0.3992013931274414
0.4047868251800537
0.3983590602874756
0.39481472969055176
0.3808584213256836
0.39751148223876953
0.3418095111846924
0.3862271308898926
0.4018425941467285
0.3837015628814697
0.3549778461456299
0.35523247718811035
0.3670625686645508
0.35050082206726074
0.383242130279541
0.4500889778137207
0.4182422161102295
0.37432074546813965
0.4015383720397949
0.40500473976135254
0.4237837791442871
0.3460652828216553
0.37819695472717285
0.40140867233276367
0.3664717674255371
0.4081733226776123
0.38564419746398926
0.35961008071899414
0.38158631324768066
0.40360164642333984
0.3934309482574463
0.3793349266052246
0.36512207984924316
0.40004825592041016
0.39174532890319824
0.44064807891845703
0.3730471134185791
0.39976978302001953
0.4030275344848633
0.3982565402984619
0.400127649307251
0.3637807369232178
0.39421892166137695
0.3942570686340332
0.4018425941467285
0.3970608711242676
0.40000367164611816
0.4118180274963379
0.3762834072113037
0.3787815570831299
0.3845345973968506
0.398418664932251
0.3640618324279785
0.3583834171295166
0.37696218490600586
0.3734884262084961
0.42633724212646484
0.3664698600769043
0.3643648624420166
0.3674468994140625
0.39878296852111816
0.39281582832336426
0.3922421932220459
0.3736073970794678
0.3923149108886719
0.4080181121826172
0.37136268615722656
0.36461400985717773
0.4033393859863281
0.39163732528686523
0.3681008815765381
0.36768293380737305
0.378511905670166
0.42709994316101074
0.5289855003356934
0.39068102836608887
0.40122270584106445
0.4028639793395996
0.4046163558959961
0.37305164337158203
0.4282345771789551
0.3674900531768799
0.3650219440460205
0.3615725040435791
0.37363314628601074
0.3800950050354004
0.39162373542785645
0.42247724533081055