0.8502
0.6753
0.6716
0.6743
0.6749
0.6746
0.8401
0.8458
0.8412
0.8403
0.8433
0.8479
0.8476
0.6749
0.6743
0.8458
0.8524
0.6763
0.6748
0.6731
0.6721
0.6728
0.6741
0.6731
0.6732
0.6751
0.6735
0.6736
0.6729
0.6730
0.6726
0.6746
0.6757
0.6748
0.6738
0.6743
0.6735
0.6756
0.6734
0.6740
0.6750
0.6748
0.6733
0.8421
0.8447
0.8451
0.8494
0.8518
0.8417
0.8417
0.8460
0.8547
0.8465
0.8526
0.8545
0.8425
0.8428
0.8439
0.8476
0.8439
0.8442
0.8504
0.8487
0.6738
0.9661
0.6749
0.6739
0.6736
0.6733
0.6732
0.6743
0.6734
0.6756
0.6757
0.6746
0.6727
0.6746
0.6741
0.6726
0.6751
0.6732
0.6759
0.8445
0.8418
0.8459
0.8415
0.8424
0.8494
0.8424
0.8453
0.8506
0.8431
0.6745
0.8410
0.8545
0.8431
0.8436
0.6739
0.8416
0.8419
0.8445
0.6763
0.8445
0.8429
0.8427
0.8411
0.8423
0.8443
0.8526
0.8442
0.8407
0.8420
0.8426
0.8502
0.8457
0.8482
0.8434
0.8431
0.8450
0.8554
0.8552
0.8462
0.8456
0.8415
0.8498
0.8486
0.8481
0.8414
0.8425
0.8456
0.8579
0.8455
0.8558
0.8471
0.8426
0.8469
0.8409
0.8495
0.8469
0.8439
0.8424
0.8415
0.8551
0.8425
0.8427
0.8427
0.8407
0.8441
0.8446
0.8424
0.8464
0.8421
0.8430
0.8417
0.8590
0.8448
0.8682
0.8401
0.8430
0.8448
0.8468
0.8576
0.8575
0.8495
0.8442
0.8446
0.8425
0.8436
0.8462
0.8433
0.8440
0.8487
0.8422
0.8418
0.8507
0.8518
0.8457
0.8469
0.8467
0.8439
0.8552
0.8698
0.8537
0.8440
0.8452
0.8426
0.8445
0.8468
0.8482
0.8457
0.6753
0.8421
0.8576
0.8509
0.8461
0.8439
0.8497
0.8464
0.8431
0.8434
0.8469
0.8426
0.6741
0.8443
0.8497
0.8547
0.8507
0.8436
0.8510
0.8475
0.6757
0.8525
0.8470
0.8515
0.8589
0.8497
0.8554
0.8532
0.8561
0.8523
0.8455
0.8523
0.8507
0.8507
0.8469
0.8526
0.8605
0.8498
0.8494
0.8491
0.8518
0.8576
0.8454
0.8539
0.8508
0.8500
0.8507
0.8456
0.8555
0.8537
0.8547
0.8470
0.8654
0.8632
0.8526
0.8471
0.8452
0.8571
0.8485
0.8649
0.8618
0.8492
0.8448
0.8452
0.8526
0.8612
0.8629
0.8514
0.8460
0.8435
0.8551
0.8761
0.8599
0.8520
0.8446
0.8464
0.8598
0.8480
0.8474
0.8429
0.8418
0.8425
0.8419
0.8584
0.8452
0.8403
0.8417
0.8421
0.8495
0.8454
0.8458
0.8424
0.8433
0.8454
0.8433
0.8448
0.9984
0.8415
0.8417
0.8414
0.8465
0.8621
0.8563
0.8437
0.8429
0.8417
0.8423
0.8473
0.8583
0.8455
0.8505
0.8438
0.8765
0.8480
0.8495
0.8567
0.8445
0.8461
0.8438
0.8503
0.8458
0.8452
0.8457
0.8446
0.8444
0.6758
0.8439
0.8438
0.6738
0.8451
0.8434
0.8439
0.8468
0.8548
0.8449
0.8440
0.8447
0.8491
0.6750
0.6755
0.8436
0.8426
0.8439
0.8542
0.6740
0.6752
0.6763
0.8457
0.8526
0.6749
0.8424
0.6755
0.6748
0.8434
0.6748
0.8553
0.8529
0.6747
0.8429
0.8444
0.8496
0.8585
0.6753
0.8429
0.8450
0.8469
0.6752
0.8441
0.8426
0.8433
0.8730
0.6746
0.8447
0.8472
0.8450
0.8421
0.8407
0.8499
0.8454
0.8458
0.8472
0.8602
0.8479
0.8451
0.8533
0.8584
0.6758
0.8566
0.6751
0.8487
0.8456
0.8475
0.8453
0.8533
0.8604
0.8528
0.8563
0.8546
0.8481
0.6741
0.8632
0.8641
0.6759
0.8498
0.8575
0.8514
0.6749
0.6746
0.6736
0.6745
0.6746
0.6763
0.6757
0.8462
0.8457
0.8472
0.8467
0.6765
0.8468
0.8493
0.8619
0.8579
0.8427
0.8620
0.8541
0.8508
0.8474
0.6743
0.8477
0.6756
0.6752
0.6755
0.8431
0.6738
0.6748
0.6740
0.6750
0.8502
0.8635
0.6764
0.8485
0.6756
0.6743
0.8494
0.8650
0.8581
0.8624
0.8507
0.8444
0.6754
0.8850
0.8631
0.8515
0.8521
0.8714
0.8499
0.8565
0.8621
0.8615
0.8714
0.8623
0.8588
0.8658
0.8530
0.8478
0.8580
0.8614
0.8523
0.8443
0.8630
0.8486
0.6758
0.6746
0.8533
0.8438
0.8467
0.8493
0.8597
0.8515
0.8428
0.8461
0.6766
0.8521
0.6767
0.6747
0.6762
0.6765
0.6753
0.6751
0.6775
0.8616
0.9855
0.8548
0.8441
0.8576
0.6754
0.6746
0.6763
0.6746
0.6763
0.6728
0.6732
0.6748
0.6741
0.6743
0.6743
0.6749
0.6764
0.6751
0.6751
0.6740
0.6766
0.6754
0.6763
0.8430
0.8480
0.8680
0.8590
0.8505
0.8475
0.6734
0.8551
0.8654
0.8450
0.6759
0.6742
0.6751
0.6750
0.6754
0.6735
0.6750
0.6763
0.6747
0.6775
0.6733
0.6730
0.6742
0.6752
0.6746
0.6754
0.6758
0.6773
0.6744
0.6738
0.6742
0.6740
0.6732
0.6762
0.6753
0.6750
0.6734
0.6732
0.6751
0.6734
0.6729
0.6763
0.6753
0.6753
0.6738
0.6743
0.6728
0.6733
0.6740
0.6748
0.6754
0.6731
0.6727
0.6751
0.6736
0.6739
0.6750
0.6755
0.6745
0.6750
0.6733
0.6733
0.6727
0.6732
0.6750
0.6752
0.6736
0.6736
0.6742
0.6739
0.6743
0.6751
0.6771
0.6777
0.6760
0.6748
0.6751
0.6733
0.6737
0.6761
0.6757
0.6765
0.6760
0.6742
0.6744
0.6747
0.6748
0.6760
0.6758
0.6745
0.6749
0.6752
0.6742
0.6735
0.6743
0.6774
0.6757
0.6770
0.6741
0.6746
0.6740
0.6754
0.6756
0.6853
0.6755
0.6745
0.6734
0.6742
0.6744