1.2534
0.6764
0.8557
0.8548
0.8876
0.8550
0.8516
0.8469
0.8410
0.8611
0.8497
0.8587
0.9062
0.8550
0.8524
0.8492
0.8580
0.8614
0.8541
0.8558
0.6746
0.6751
0.6749
0.6766
0.6760
0.6773
0.6750
0.6757
0.6766
0.6755
0.6758
0.6753
0.6764
0.6767
0.6756
0.6756
0.6761
0.6735
0.6767
0.6755
0.6760
0.6762
0.6754
0.6751
0.6768
0.6775
0.6761
0.6760
0.6757
0.6760
0.6762
0.6776
0.6741
0.6749
0.6745
0.6769
0.6758
0.6777
0.6752
0.6744
0.6759
0.6758
0.6745
0.6764
0.8619
0.8572
0.8466
0.8466
0.8628
0.8598
0.8584
0.8572
0.8583
0.8711
0.8639
0.8508
0.8575
0.8466
0.8458
0.8608
0.8650
0.8558
0.8527
0.8540
0.8455
0.8477
0.8733
0.8832
0.8621
0.8694
0.8684
0.8682
0.8577
0.8447
0.8576
0.8719
0.8625
0.8708
0.8702
0.8528
0.8548
0.8480
0.8732
0.8787
0.8624
0.8647
0.8558
0.8546
0.8687
0.8732
0.8739
0.8721
0.8612
0.8523
0.8515
0.8702
0.8738
0.8746
0.8667
0.8742
0.8758
0.8592
0.8685
0.8557
0.8737
0.8594
0.8827
0.8811
0.8868
0.8532
0.8589
0.8702
0.8674
0.8495
0.8507
0.8520
0.8634
0.8491
0.8618
0.8476
0.8472
0.8485
0.8626
0.8615
0.8529
0.8554
0.8611
0.8469
0.8467
0.8517
0.8653
0.8465
0.8584
0.8627
0.8488
0.8681
0.8495
0.8566
0.8465
0.8543
0.8652
0.8662
0.8576
0.8670
0.8599
0.8583
0.9993
0.8660
0.8602
0.8672
0.8632
0.8604
0.8605
0.8605
0.8662
0.8527
0.8563
0.8537
0.8760
0.8569
0.8489
0.8477
0.8507
0.8550
0.8714
0.8580
0.8536
0.8517
0.8453
0.8556
0.8483
0.8511
0.8477
0.8483
0.8473
0.8530
0.8669
0.8707
0.8511
0.8551
0.8497
0.8489
0.8522
0.8521
0.8564
0.8533
0.8532
0.8519
0.8621
0.8497
0.8532
0.8584
0.8545
0.8588
0.8623
0.8499
0.8592
0.8567
0.8478
0.8570
0.8596
0.8526
0.8560
0.8594
0.8574
0.8700
0.8581
0.8538
0.8496
0.8520
0.8554
0.8737
0.8533
0.8523
0.8555
0.8468
0.8542
0.8714
0.8712
0.8592
0.8578
0.6745
0.6753
0.6786
0.6752
0.8615
0.8604
0.6745
0.6758
0.8554
0.8652
0.8729
0.8677
0.8614
0.6753
0.6752
0.8599
0.8562
0.8624
0.8922
0.6796
0.8570
0.8788
0.8550
0.8842
0.6773
0.6742
0.6741
0.8714
0.6761
0.6751
0.6747
0.6753
0.6735
0.8590
0.6763
0.6750
0.8545
0.8482
0.8478
0.8463
0.6753
0.8561
0.6755
0.6760
0.6758
0.8628
0.8632
0.8533
0.6776
0.8569
0.6760
0.6758
0.8665
0.8819
0.8606
0.8674
0.8722
0.8543
0.8609
0.8590
0.8691
0.6761
0.6739
0.8459
0.8586
0.8532
0.8526
0.6762
0.8463
0.6765
0.8538
0.8563
0.8542
0.8542
0.8444
0.6753
0.6759
0.6750
0.6762
0.6780
0.6757
0.8504
0.8432
0.8422
0.8460
0.8562
0.6761
0.6739
0.8475
0.8534
0.8540
0.8648
0.8488
0.8446
0.8444
0.8433
0.6762
0.8526
0.8749
0.8499
0.8594
0.8529
0.6754
0.8477
0.8566
0.8479
0.6783
0.6743
0.8447
0.8465
0.6752
0.8556
0.6767
0.6751
0.6745
0.8614
0.6760
0.6762
0.6770
0.6770
0.6763
0.6749
0.8433
0.8548
0.8510
0.8554
0.6778
0.8099
0.8536
0.6749
0.6748
0.8559
0.8523
0.6769
0.6768
0.8522
0.8524
0.6754
0.8531
0.8538
0.6766
0.6747
0.6738
0.6749
0.8495
0.6761
0.8541
0.6770
0.6750
0.6738
0.6742
0.6756
0.6743
0.6738
0.8602
0.6761
0.6739
0.6751
0.8633
0.6760
0.6739
0.6748
0.8511
0.8483
0.6762
0.8492
0.6753
0.8498
0.6742
0.8497
0.6754
0.6749
0.8439
0.6755
0.8606
0.6745
0.8464
0.6759
0.8483
0.8556
0.8526
0.8738
0.8713
0.6772
0.8846
0.6765
0.8504
0.6768
0.8532
0.6770
0.6756
0.8702
0.6754
0.8620
0.6758
0.6750
0.6755
0.6776
0.6755
0.6755
0.6797
0.8734
0.6754
0.6753
0.8771
0.6779
0.6742
0.6761
0.8549
0.6762
0.6754
0.6756
0.6759
0.6749
0.6746
0.6749
0.6739
0.6753
0.6742
0.8479
0.8642
0.6748
0.6745
0.8730
0.6800
0.6756
0.6745
0.6769
0.6772
0.6760
0.8581
0.8806
0.6755
0.6746
0.6751
0.8484
0.6744
0.8611
0.6771
0.6753
0.6752
0.6758
0.6781
0.6753
0.6767
0.6732
0.6741
0.8826
0.8544
0.8511
0.8741
0.6780
0.6759
0.6737
0.6742
0.6746
0.6762
0.6756
0.6749
0.6743
0.6761
0.6761
0.6764
0.6750
0.6753
0.6768
0.6773
0.6757
0.6768
0.6765
0.6760
0.8581
0.8561
0.6760
0.8861
0.8717
0.8529
0.8740
0.6769
0.6756
0.6764
0.6754
0.6760
0.6747
0.6753
0.6738
0.6765
0.6770
0.6766
0.6759
0.6759
0.6739
0.6754
0.6744
0.6761
0.8667
0.6747
0.8478
0.6752
0.6750
0.6738
0.6752
0.6757
0.6754
0.6745
0.6743
0.6745
0.6734
0.6749
0.6762
0.6752
0.6761
0.6747
0.6745
0.6810
0.6741
0.6749
0.6770
0.6746
0.6753
0.6754
0.6751
0.6746
0.6759
0.6771
0.6771
0.6761
0.6775
0.6761
0.6744
0.6756
0.6758
0.6768
0.6763
0.6772
0.6749
0.6758
0.6742
0.6762
0.6758
0.6767
0.6767
0.6754
0.6742
0.6751
0.6763
0.6746
0.8204
0.6764
0.6755
0.6754
0.6742
0.6743
0.6753
0.8581
0.8744
0.6752
0.6730
0.6722
0.6736
0.6740
0.6738
0.6734
0.6756
0.6745
0.6737
0.6747
0.6742
0.6749
0.8618
0.8738
0.8509
0.8622
0.8801
0.6773
0.8546
0.8565
0.6769
0.8575
0.8526
0.8535
0.8666
0.6751
0.6761
0.6771
0.8586
0.6759
0.6753
0.6765
0.6758
0.6749
0.8565
0.8549
0.8546
0.6768
0.8541
0.8560
0.8619
0.8533
0.8677
0.6763
0.6745
0.8554
0.6756
0.8847
0.6770
0.8721
0.8738
0.6773
0.6775
0.6773
0.6773
0.8737
0.8827
0.6751
0.8572
0.6749
0.6753
0.6775
0.6767
0.6750
0.6762
0.6757
0.6787
0.6817
0.6794
0.6818
0.6776
0.6765
0.6772
0.6791
0.6785
0.6781
0.6782
0.6782
0.6779
0.6756
0.6766
0.6742
0.6763
0.6760
0.6754
0.6773
0.6753
0.6761
0.6758
0.6771
0.6762
0.6761
0.6752
0.6760
0.6765
0.6769
0.6742
0.6764
0.6762
0.6746
0.6772
0.6764
0.6757
0.6780
0.6755
0.6775
0.8690
0.6756
0.6774
0.8551
0.8456
0.8575
0.6767
0.8575
0.8505
0.8666
0.8584
0.6778
0.6795
0.6782
0.6783
0.6797
0.6779
0.6775
0.6794
0.6784
0.6786
0.6783
0.6789
0.6780
0.6789
0.6771
0.6777
0.6789
0.6783
0.6786
0.6778
0.6779
0.6788
0.6793
0.6793
0.6771
0.6768
0.6772
0.6750
0.6774
0.6788
0.6768
0.6790
0.6772
0.6770
0.6799
0.6778
0.6782
0.6795
0.6770
0.6773
0.6761
0.6759
0.6773
0.6780
0.6765
0.6774
0.6773
0.6777
0.6787
0.6777
0.6773
0.6764
0.6752
0.6748
0.6749
0.6768
0.6773
0.6756
0.6775
0.6777
0.6784
0.6773
0.6767
0.6769
0.6763
0.6760
0.6757
0.6769
0.6749
0.6780
0.6789
0.6768
0.6754
0.6769
0.6755
0.6813
0.6783
0.8720
0.8537
0.8549
0.6764
0.6776
0.6781
0.6764
0.6767
0.8638
0.8623
0.6788
0.8631
0.6788
0.6772
0.6777
0.6776
0.6788
0.6759
0.8353
0.8660
0.6761
0.6744
0.6768
0.8567
0.6764
0.8907
0.8596
0.6779
0.8608
0.6767
0.8743
0.8780
0.8691
0.8731
0.8680
0.8543
0.8569
0.8585
0.6753
0.8605
0.6756
0.8667
0.8627
0.8598
0.8560
0.6780
0.8563
0.6748
0.6756
0.8642
0.6756
0.8574
0.8503
0.8577
0.8609
0.8568
0.6764
0.6749
0.6749
0.6764
0.6747
0.6763
0.6750
0.6762
0.6755
0.6757
0.6771
0.6770
0.6780
0.6759
0.8575
0.6775
0.8606
0.8556
0.6781
0.6775
0.6764
0.8738
0.6751
0.6752
0.6762
0.6748
0.6758
0.6743
0.6748
0.8686
0.6763
0.6751
0.8614
0.8605
0.6762
0.6773
0.6747
0.8754
0.8580
0.6766
0.8609
0.6772
0.6754
0.6752
0.6750
0.6748
0.6748
0.6739
0.8627
0.8481
0.8506
0.6748
0.6741
0.8529
0.6758
0.6752
0.6751
0.6747
0.6747
0.6752
0.6752
0.6738
0.6754
0.6752
0.6742
0.6756
0.6746
0.6749
0.6760
0.6746
0.6754
0.6763
0.6749
0.8543
0.6755
0.8709
0.6785
0.8543
0.6770
0.6791
0.8692
0.8518
0.6776
0.6750
0.6759
0.6767
0.6746
0.6763
0.6756
0.6758
0.6772
0.6769
0.6745
0.6753
0.6762
0.6765
0.6762
0.6763
0.6761
0.6769
0.6764
0.6750
0.6748
0.6758
0.6757
0.6760
0.6764
0.6765
0.6764
0.6757
0.6758
0.6766
0.6759
0.6762
0.6758
0.6771
0.6772
0.6750
0.6781
0.6759
0.6754
0.6811
0.6812
0.6816
0.6805
0.6762
0.6829
0.6771
0.6763
0.6769
0.6760
0.6758
0.6750
0.6768
0.6753
0.6772
0.6760
0.6759
0.6754
0.6765
0.6752
0.6761
0.6766
0.6741
0.6752
0.6759
0.6742
0.6758
0.6753
0.6771
0.6771
0.6749