0.8370
0.6754
0.6747
0.8463
0.6770
0.8582
0.8631
0.8724
0.8650
0.8661
0.8553
0.8610
0.8531
0.8577
0.8729
0.8699
0.6792
0.6779
0.6761
0.6779
0.8772
0.6777
0.6767
0.6773
0.8154
0.6755
0.6748
0.6773
0.6753
0.6750
0.6761
0.6752
0.6755
0.6770
0.6770
0.6773
0.6764
0.6757
0.6760
0.6772
0.6747
0.6762
0.6770
0.6753
0.6758
0.6767
0.8626
0.8570
0.8673
0.8635
0.8721
0.8633
0.8561
0.6766
0.8684
0.8625
0.6768
0.6774
0.6748
0.6748
0.6753
0.6773
0.6772
0.6765
0.6751
0.6767
0.6766
0.8698
0.8521
0.8670
0.8552
0.8485
0.8596
0.8621
0.8721
0.8714
0.8641
0.8632
0.8610
0.8695
0.8734
0.8670
0.8982
0.8690
0.8597
0.8903
0.8711
0.8729
0.8607
0.8671
0.8674
0.8682
0.8688
0.8641
0.8591
0.8775
0.8800
0.8701
0.8706
0.8588
0.8649
0.8541
0.8617
0.8686
0.8640
0.8637
0.8520
0.8622
0.8798
0.8577
0.8596
0.8567
0.8650
0.8601
0.8626
0.8634
0.8599
0.8567
0.8628
0.8723
0.8625
0.8620
0.8650
0.8674
0.8657
0.8670
0.8869
0.8772
0.8613
0.8697
0.8574
0.8622
0.8621
0.8769
0.8824
0.8593
0.8621
0.8672
0.8764
0.8671
0.8629
0.8764
0.8644
0.8829
0.8738
0.8707
0.8684
0.8647
0.8600
0.8630
0.8571
0.8684
0.8692
0.8591
0.8614
0.8610
0.8651
0.8712
0.8565
0.8616
0.8590
0.8574
0.8482
0.8636
0.8826
0.8559
0.8615
0.8552
0.8505
0.8531
1.0304
0.8668
0.8637
0.8588
0.8779
0.8667
0.8730
0.8639
0.8732
0.8583
0.8664
0.8685
0.8517
0.8543
0.8565
0.8710
0.8651
0.8650
0.8644
0.8753
0.8555
0.8782
0.8745
0.8651
0.8823
0.8777
0.8623
0.8558
0.8672
0.8838
0.8693
0.8849
0.8770
0.8733
0.8661
0.8622
0.8801
0.8628
0.8615
0.6784
0.8578
0.8546
0.8635
0.8576
0.8613
0.8759
0.8724
0.8792
0.8715
0.8630
0.8755
0.8508
0.8540
0.6780
0.6756
0.6762
0.8660
0.8530
0.8499
0.8471
0.8638
0.8501
0.6768
0.8511
0.8525
0.6774
0.6763
0.8637
0.8708
0.8589
0.8694
0.6770
0.6752
0.8692
0.6767
0.6754
0.6746
0.6760
0.6747
0.6746
0.6768
0.8826
0.6773
0.6762
0.6765
0.6765
0.6759
0.6768
0.6758
0.6769
0.6758
0.6774
0.6764
0.6774
0.6757
0.6773
0.6765
0.6765
0.6771
0.6771
0.6763
0.6770
0.6768
0.6758
0.6760
0.6761
0.6776
0.6766
0.6755
0.6769
0.6788
0.6788
0.6758
0.6774
0.6769
0.6784
0.6784
0.6781
0.6798
0.8692
0.8940
0.8759
0.8729
0.8696
0.8784
0.8655
0.8603
0.8715
0.8598
0.6819
0.8664
0.8804
0.8818
0.8661
0.8622
0.6842
0.8724
0.8732
0.8747
0.6856
0.8632
0.8723
0.8615
0.8555
0.8562
0.6791
0.6766
0.8536
0.8621
0.8557
0.6768
0.8579
0.6778
0.6761
0.8615
0.8710
0.6763
0.6767
0.6762
0.8579
0.6776
0.8699
0.6764
0.8520
0.6766
0.6761
0.6765
0.6761
0.6763
0.6763
0.6768
0.6772
0.6762
0.6770
0.6769
0.6769
0.6768
0.6772
0.6762
0.6764
0.6759
0.6754
0.6767
0.6762
0.6755
0.6749
0.6738
0.6760
0.6767
0.6763
0.6757
0.6769
0.6748
0.6761
0.6746
0.6751
0.6741
0.8579
0.6762
0.8472
0.6768
0.6765
0.6747
0.8545
0.6770
0.8543
0.6763
0.6767
0.6769
0.8503
0.8555
0.6763
0.8632
0.8581
0.6757
0.8661
0.8523
0.6769
0.8627
0.6767
0.6761
0.8736
0.6765
0.6763
0.6762
0.8586
0.8498
0.6756
0.8568
0.6779
0.6767
0.8635
0.6801
0.6769
0.6772
0.8507
0.8637
0.6773
0.8595
0.8537
0.8522
0.9799
0.8578
0.8465
0.8641
0.6773
0.8506
0.8593
0.8634
0.6786
0.8704
0.8537
0.8487
0.8698
0.8481
0.8598
0.6766
0.6785
0.8656
0.6766
0.8639
0.6752
0.6750
0.8554
0.8791
0.8661
0.6792
0.8610
0.8529
0.6768
0.8728
0.6783
0.6801
0.6791
0.6789
0.6775
0.6774
0.6780
0.6801
0.6782
0.6784
0.8785
0.8642
0.8619
0.8657
0.8500
0.8538
0.6775
0.8589
0.8566
0.8648
0.6777
0.8592
0.6763
0.6758
0.8565
0.6781
0.6754
0.6767
0.6774
0.6749
0.6760
0.6767
0.8785
0.8570
0.6778
0.6765
0.6766
0.6764
0.6763
0.6760
0.8851
0.8577
0.6775
0.6762
0.8655
0.8549
0.8690
0.8703
0.8641
0.8561
0.8658
0.6770
0.6787
0.8645
0.6770
0.8622
0.6782
0.6760
0.6757
0.6760
0.8529
0.8484
0.8609
0.6787
0.6765
0.6771
0.6755
0.8525
0.8648
0.8491
0.6759
0.6761
0.6759
0.6756
0.8482
0.6757
0.6763
0.8748
0.6759
0.8734
0.8562
0.6761
0.6772
0.6802
0.6767
0.8601
0.6758
0.6754
0.6762
0.6766
0.6778
0.6765
0.6777
0.8648
0.6765
0.6764
0.6777
0.6771
0.8576
0.6775
0.8797
0.6785
0.8859
0.8738
0.6801
0.6786
0.6791
0.6787
0.6788
0.6809
0.6791
0.6782
0.6792
0.6803
0.6787
0.6785
0.6824
0.6790
0.6793
0.6796
0.6793
0.6793
0.6788
0.6796
0.6792
0.8783
0.6791
0.6784
0.6782
0.6782
0.6787
0.6791
0.6787
0.6800
0.6792
0.8638
0.8651
0.8555
0.6788
0.6789
0.6788
0.6777
0.6773
0.6774
0.6787
0.8667
0.6792
0.8743
0.6789
0.6784
0.6786
0.6786
0.6792
0.6791
0.8676
0.6784
0.6788
0.6782
0.6788
0.6786
0.6813
0.6788
0.6786
0.6794
0.6790
0.6785
0.6796
0.6792
0.6792
0.6782
0.6800
0.6789
0.6781
0.6790
0.6823
0.8726
0.6791
0.6782
0.6782
0.6785
0.8605
0.6785
0.6789
0.6781
0.8477
0.6784
0.8671
0.8733
0.8558
0.6790
0.6789
0.8628
0.6789
0.6774
0.6759
0.8590
0.8683
0.6763
0.8613
0.6754
0.6767
0.8294
0.8638
0.6763
0.6770
0.6748
0.6750
0.6753
0.6765
0.6748
0.6741
0.6733
0.8694
0.8624
0.8683
0.6765
0.6771
0.6766
0.8641
0.8756
0.6765
0.6801
0.7087
0.6782
0.6788
0.6760
0.6799
0.6762
0.6765
0.6770
0.6756
0.6752
0.6759
0.6760
0.6759
0.6763
0.6756
0.6750
0.6754
0.6759
0.6773
0.8604
0.6765
0.6772
0.6777
0.6763
0.6766
0.6756
0.6774
0.6765
0.6764
0.6764
0.6765
0.6772
0.6788
0.6777
0.6780
0.6797
0.6807
0.6789
0.6803
0.8864
0.6788
0.6777
0.6783
0.6775
0.8635
0.8827
0.6771
0.8587
0.6777
0.8856
0.6780
0.6778
0.6786
0.6786
0.6791
0.6776
0.6782
0.6774
0.6777
0.6765
0.6762
0.6761
0.6762
0.6747
0.6767
0.6738
0.6754
0.6754
0.6761
0.6757
0.6756
0.6757
0.6780
0.6780
0.6795
0.6784
0.6751
0.6781
0.6756
0.6750
0.6753
0.6769
0.6754
0.6752
0.6782
0.6788
0.6768
0.6775
0.6776
0.6763
0.6796
0.6761
0.6767
0.6775
0.6776
0.6768
0.6773
0.6781
0.6825
0.6791
0.6766
0.6756
0.6783
0.6761
0.6773
0.6786
0.6775
0.6780
0.6793
0.6785
0.6809
0.6826
0.6786
0.6764
0.6781
0.6780
0.6786
0.6768
0.6804
0.6789
0.6777
0.6786
0.6779
0.6855
0.6787
0.6778
0.6778
0.6770
0.6795
0.6783
0.6780
0.6783
0.6782
0.6770
0.6769
0.6763
0.6771
0.6766
0.6784
0.6828
0.6755
0.6764
0.6767
0.6761
0.8643
0.6761
0.6779
0.6784
0.6774
0.6773
0.6768
0.6769
0.6776
0.6761
0.6788
0.6796
0.6764
0.6761
0.6784
0.6773
0.6766
0.6789
0.6783
0.6778
0.6783
0.6786
0.6764
0.6766
0.6792
0.6771
0.6756
0.6764
0.6762
0.6766
0.6768
0.6771
0.6781
0.6773
0.6766
0.6766
0.6780
0.6769
0.6771
0.6770
0.6756
0.6771
0.6783
0.6756
0.6761
0.6766
0.6762
0.6765
0.6779
0.6744
0.6759
0.6767
0.6766
0.6769
0.6763
0.6762
0.6775
0.6775
0.6767
0.6766
0.6769
0.6769
0.6778
0.6784
0.6762
0.6759
0.6763
0.6786
0.6790
0.6766
0.6772
0.6769
0.6776
0.6773
0.6790
0.6782
0.8584
0.6787
0.8727
0.6780
0.6772
0.6770
0.6780
0.6844
0.6766
0.6775
0.6774
0.6778
0.6777
0.6761
0.6779
0.6775
0.6768
0.6769
0.6778
0.6778
0.6776
0.6770
0.6759
0.6776
0.6767
0.6775
0.6771
0.6764
0.6775
0.6777
0.6770
0.6774
0.6772
0.6775
0.6769
0.6774
0.6767
0.6768
0.6740
0.6758
0.6763
0.6765
0.6775
0.6759
0.6750
0.6752
0.6759
0.6750
0.6756
0.6765
0.6771
0.6770
0.6771
0.6764
0.6768
0.6773
0.6800
0.6773
0.6775
0.6781
0.6799
0.6809
0.6775
0.6777
0.6786
0.6833
0.6787
0.6779
0.6786
0.6779
0.8394
0.8817
0.6783
0.6793
0.6785
0.6778
0.6836
0.6782
0.6799
0.8731
0.6792
0.8773
0.6787
0.6794
0.6781
0.6794
0.6792
0.6815
0.6824
0.6798
0.8797
0.6782
0.6778
0.8742
0.6780
0.6782
0.6786
0.6789
0.6788
0.6791
0.6777
0.6778
0.6783
0.6774
0.6776
0.6776
0.6755
0.6778
0.6754
0.6765
0.8661
0.8595
0.6774
0.6762
0.6765
0.6770
0.6768