0.8733
0.6771
0.6759
0.6780
0.8528
0.8614
0.6783
0.6777
0.6774
0.6801
0.6779
0.8701
0.6780
0.8812
0.6775
0.8766
0.8809
0.6826
0.6823
0.6791
0.6779
0.6788
0.6785
0.6824
0.6784
0.6784
0.6788
0.6787
0.6781
0.6783
0.6788
0.8735
0.8747
0.8816
0.6802
0.6784
0.6787
0.6789
0.6788
0.6803
0.6791
0.6790
0.6773
0.6782
0.6779
0.6780
0.6771
0.6768
0.6762
0.6784
0.6752
0.6760
0.6769
0.6775
0.6765
0.6772
0.6758
0.6776
0.6775
0.6753
0.6755
0.6776
0.6773
0.6783
0.6750
0.6764
0.6757
0.6747
0.6756
0.8622
0.8662
0.8689
0.6763
0.8608
0.8587
0.8672
0.8676
0.8571
0.8502
0.8539
0.8642
0.8781
0.6777
0.8835
0.8569
0.8723
0.8718
0.8790
0.8753
0.8816
0.8756
0.8660
0.8668
0.8766
0.8768
0.8675
0.8736
0.8749
0.8665
0.8763
0.8743
0.8641
0.8696
0.8723
0.6782
0.8765
0.6768
0.8720
0.6775
0.8689
0.6773
0.6784
0.8723
0.6778
0.8626
0.8659
0.8820
0.8774
0.6787
0.8736
0.6768
0.8633
0.8556
0.8466
0.8570
0.8629
0.8932
0.6765
1.0607
0.6775
0.8717
0.6775
0.8545
0.6770
0.8639
0.8615
0.8707
0.8580
0.8607
0.8630
0.8624
0.8683
0.8701
0.8719
0.8692
0.6781
0.8767
0.8673
0.8794
0.8771
0.8652
0.8677
0.8615
0.8797
0.8706
0.8781
0.8665
0.8729
0.8691
0.8674
0.8812
0.8726
0.8737
0.6782
0.8866
0.8677
0.8671
0.8691
0.8726
0.8712
0.8816
0.8709
0.8600
0.8660
0.8667
0.8675
0.8670
0.8700
0.8668
0.8661
0.8649
0.8552
0.8480
0.8447
0.8629
0.8548
0.8663
0.8677
0.8651
0.8498
0.8612
0.8607
0.8630
0.8682
0.8825
0.8560
0.8518
0.8594
0.8581
0.8633
0.8621
0.8737
0.8757
0.8622
0.8629
0.8503
0.8600
0.8721
0.8685
0.8738
0.8759
0.8800
0.8635
0.8726
0.8636
0.8610
0.8822
0.8856
0.8758
0.8687
0.8680
0.8674
0.8734
0.8625
0.8759
0.8654
0.8603
0.8710
0.8922
0.8710
0.8583
0.8600
0.8772
0.8521
0.8608
0.8593
0.8526
0.8659
0.8616
0.8605
0.8580
0.8561
0.8656
0.8579
0.8545
0.8543
0.8568
0.8512
0.8547
0.8726
0.8555
0.8626
0.8689
0.8513
0.9000
0.8546
0.8570
0.8663
0.8525
0.8500
0.8694
0.8816
0.8599
0.8692
0.8517
0.8471
0.6763
0.8446
0.8605
0.8650
0.8707
0.8654
0.8489
0.8706
0.8593
0.8490
0.8781
0.8780
0.8692
0.8564
0.8659
0.8760
0.8608
0.8518
0.8539
0.8543
0.8580
0.8549
0.8601
0.8597
0.8508
0.8651
0.8626
0.8514
0.8516
0.8517
0.8482
0.8617
0.8450
0.8518
0.8463
0.8523
0.8486
0.8500
0.8579
0.8592
0.6773
0.8615
0.8670
0.8555
0.8537
0.8517
0.8436
0.8509
0.8529
0.8496
0.8542
0.8609
0.6748
0.8417
0.8486
0.8513
0.8541
0.8516
0.8491
0.8565
0.8514
0.8528
0.8481
1.0198
0.8570
0.8570
0.6752
0.8853
0.8761
0.8491
0.6755
0.8634
0.8529
0.8589
0.8724
0.8662
0.8542
0.8581
0.8534
0.8535
0.8560
0.8509
0.8568
0.8590
0.6745
0.6749
0.8544
0.8470
0.6752
0.8491
0.8637
0.8508
0.8521
0.8644
0.8483
0.6750
0.8479
0.8562
0.8645
0.8487
0.8537
0.8510
0.8501
0.6744
0.8641
0.8562
0.8550
0.8555
0.8528
0.6764
0.8480
0.8496
0.8485
0.8510
0.8574
0.8583
0.8428
0.8443
0.8501
0.8507
0.8521
0.8534
0.8582
0.8593
0.8572
0.8573
0.6747
0.8699
0.8572
0.8474
0.8555
0.8687
0.8577
0.8434
0.8486
0.8464
0.8542
0.8553
0.8474
0.8573
0.8699
0.8512
0.8725
0.8539
0.8534
0.8444
0.8541
0.8475
0.8514
0.8527
0.8437
0.8435
0.8454
0.6742
0.8478
0.8420
0.8470
0.8456
0.8427
0.8421
0.8590
0.8459
0.8451
0.8493
0.6747
0.6746
0.8425
0.8537
0.8452
0.8532
0.8505
0.8490
0.8414
0.8633
0.8483
0.8523
0.8423
0.8692
0.8457
0.8575
0.8561
0.8496
0.8427
0.8433
0.8411
0.8472
0.8430
0.8573
0.8475
0.8490
0.6749
0.6743
0.6754
0.6756
0.8556
0.6760
0.6750
0.6764
0.6768
0.8480
0.6769
0.6748
0.6755
0.8436
0.8490
0.6747
0.6751
0.6764
0.8652
0.8758
0.6747
0.8448
0.8457
0.8482
0.8606
0.6765
0.6747
0.8458
0.6753
0.6748
0.6747
0.6764
0.6762
0.6765
0.6735
0.6749
0.8447
0.6755
0.6767
0.8505
0.8492
0.8494
0.6757
0.6745
0.6743
0.6778
0.8473
0.6767
0.6750
0.6737
0.6760
0.8493
0.8484
0.6747
0.8460
0.6747
0.9642
0.6750
0.6738
0.6748
0.6744
0.6760
0.6745
0.6742
0.6739
0.6732
0.6735
0.6762
0.6751
0.6755
0.6730
0.8454
0.6759
0.6749
0.6752
0.8604
0.6762
0.6746
0.6744
0.6736
0.6765
0.6748
0.6775
0.6750
0.8480
0.8455
0.6761
0.8458
0.6745
0.8600
0.6767
0.6761
0.6762
0.6759
0.6760
0.6751
0.8637
0.6779
0.6766
0.6756
0.6773
0.8596
0.8549
0.6766
0.8615
0.6754
0.8487
0.6744
0.6751
0.6747
0.6754
0.6763
0.8449
0.6763
0.6756
0.6756
0.8608
0.8508
0.8683
0.8611
0.6743
0.6735
0.6739
0.8486
0.8696
0.8502
0.8512
0.6761
0.6726
0.6741
0.6758
0.8583
0.8580
0.6765
0.6763
0.6765
0.6766
0.6759
0.6768
0.6760
0.6761
0.6761
0.6744
0.6736
0.6743
0.6750
0.6742
0.6740
0.6764
0.6753
0.6742
0.6756
0.6758
0.6764
0.6772
0.6768
0.6763
0.6768
0.6753
0.6762
0.6749
0.6764
0.6777
0.6764
0.6741
0.6767
0.6741
0.6746
0.6752
0.6763
0.6760
0.6775
0.6750
0.6758
0.6763
0.6758
0.6753
0.6757
0.6737
0.6761
0.6733
0.6755
0.6737
0.6740
0.6733
0.6769
0.6766
0.6739
0.8635
0.6769
0.6741
0.6735
0.6766
0.6757
0.6762
0.6752
0.6755
0.8611
0.6756
0.6765
0.6765
0.6771
0.6756
0.6761
0.6748
0.6754
0.6752
0.8489
0.8493
0.6757
0.8488
0.6755
0.6756
0.6755
0.8552
0.6772
0.6767
0.6768
0.6758
0.6762
0.6758
0.6762
0.6770
0.6776
0.6773
0.6761
0.6757
0.6756
0.6754
0.6761
0.6752
0.6747
0.6760
0.6753
0.6739
0.6739
0.6757
0.6770
0.6754
0.6765
0.6751
0.6767
0.6765
0.6756
0.6765
0.6759
0.6739
0.6770
0.6749
0.6736
0.6740
0.6741
0.6743
0.6763
0.6751
0.6749
0.6735
0.6752
0.6757
0.6739
0.6748
0.6750
0.6749
0.6748
0.6734
0.6742
0.6737
0.6750
0.6755
0.6765
0.6775
0.6746
0.6756
0.6767
0.6744
0.6758
0.6762
0.6757
0.6749
0.6748
0.6733
0.6748
0.6735
0.6748
0.6756
0.6748
0.6742
0.6765
0.6746
0.6767
0.6741
0.6760
0.6754
0.6751
0.6747
0.6737
0.6754
0.6771
0.6745
0.6749
0.6752
0.6765
0.6748
0.6747
0.6756
0.8463
0.6756
0.6760
0.8426
0.6750
0.6743
0.6741
0.6727
0.6746
0.6748
0.6736
0.8509
0.6755
0.6749
0.6743
0.6744
0.6749
0.6752
0.6747
0.6747
0.6739
0.6741
0.6742
0.6730
0.8468
0.6750
0.8440
0.6733
0.6738
0.6744
0.6734
0.6750
0.8499
0.8555
0.6763
0.6740
0.6743
0.6741
0.6737
0.6760
0.6770
0.6740
0.8492
0.6745
0.8521
0.6745
0.8452
0.6759
0.6756
0.6743
0.6736
0.8490
0.8612
0.6765
0.6752
0.6752
0.6742
0.6740
0.8511
0.6763
0.8443
0.6748
0.6769
0.6739
0.6755
0.6742
0.6732
0.8531
0.8599
0.8535
0.6755
0.8426
0.6762
0.6744
0.6739
0.6758
0.8519
0.6761
0.6744
0.6746
0.8016
0.6744
0.6745
0.6744
0.6743
0.6734
0.6745
0.6734
0.6726
0.6733
0.6761
0.6742
0.8425
0.8430
0.6735
0.6736
0.6746
0.6745
0.6752
0.6750
0.6746
0.6729
0.6742
0.6731
0.6734
0.6758
0.6740
0.6742
0.6742
0.6734
0.6744
0.6746
0.6763
0.8554
0.6760
0.6751
0.6729
0.6729
0.6732
0.6734
0.6749
0.6745
0.6746
0.6734
0.6740
0.6747
0.6734
0.6730
0.6765
0.6749
0.6751
0.6730
0.6734
0.6753
0.6741
0.6740
0.6742
0.6747
0.6750
0.6743
0.6751
0.6732
0.6735
0.6745
0.6753
0.6761
0.6732
0.6735
0.6734
0.6733
0.6744
0.6742
0.6757
0.6760
0.6753
0.8557
0.6773
0.6745
0.6753
0.6746
0.6757
0.6727
0.6736
0.6744
0.6739
0.6728
0.6742
0.6737
0.6752
0.6760
0.8442
0.8403
0.8491
0.8422
0.6752
0.6738
0.6732
0.6728
0.6733
0.8418
0.8446
0.6757
0.6757
0.8557
0.8459
0.6731
0.6731
0.8441
0.8444
0.6745
0.6732
0.8408
0.6742
0.8422
0.6754
0.6750
0.6753
0.6754
0.6747
0.6754
0.6736
0.6748
0.6770
0.6757
0.6734
0.6735
0.6741
0.6732
0.6736
0.6742
0.6767
0.6762
0.6748
0.6743
0.8462
0.6731
0.8418
0.8468
0.8467
0.6746
0.6739
0.6731
0.6743
0.6739
0.6762
0.6756
0.6756
0.8542
0.6752
0.6761
0.8505
0.8551
0.6764
0.8483
0.6752
0.6738
0.6751
0.8608
0.6759