0.011731147766113281
0.007908344268798828
0.01172780990600586
0.009431123733520508
0.006347179412841797
0.015760421752929688
0.017492294311523438
0.011380434036254883
0.004220008850097656
0.013637781143188477
0.015387773513793945
0.0
0.015676498413085938
0.016044139862060547
0.01655888557434082
0.006915092468261719
0.016319990158081055
0.002468585968017578
0.015650272369384766
0.016098499298095703
0.012635231018066406
0.011144399642944336
0.009830951690673828
0.013043642044067383
0.0067806243896484375
0.013091325759887695
0.00857853889465332
0.007544994354248047
0.015644311904907227
0.015748023986816406
0.0
0.015705108642578125
0.015836715698242188
0.0
0.0
0.0177915096282959
0.013675928115844727
0.014225006103515625
0.011268138885498047
0.012494087219238281
0.011033773422241211
0.0007498264312744141
0.015830278396606445
0.017592668533325195
0.0
0.013736724853515625
0.015687227249145508
0.01418447494506836
0.006042003631591797
0.013571500778198242
0.012032032012939453
0.015723228454589844
0.0
0.02335977554321289
0.00814056396484375
0.01606273651123047
0.01213383674621582
0.004043102264404297
0.0156557559967041
0.0
0.02598404884338379
0.0
0.015938282012939453
0.015906810760498047
0.0
0.02021193504333496
0.015667438507080078
0.0
0.015819311141967773
0.015678882598876953
0.0
0.017704010009765625
0.013968944549560547
0.017543792724609375
0.010973215103149414
0.007651567459106445
0.00707697868347168
0.015647172927856445
0.015967845916748047
0.002645254135131836
0.013166189193725586
0.017926454544067383
0.002810955047607422
0.019123554229736328
0.0
0.01585221290588379
0.01597428321838379
0.0
0.015694141387939453
0.015419244766235352
0.01599287986755371
0.007000446319580078
0.017847776412963867
0.010813713073730469
0.005695819854736328
0.010124683380126953
0.019017696380615234
0.010220050811767578
0.005654811859130859
0.015632152557373047
0.014180660247802734
0.006605386734008789
0.01612234115600586
0.0
0.01611042022705078
0.015802383422851562
0.0
0.015877723693847656
0.016109466552734375
0.01574563980102539
0.010945796966552734
0.006679058074951172
0.015721797943115234
0.005312204360961914
0.015781641006469727
0.0
0.015654563903808594
0.017230510711669922
0.01387786865234375
0.01092076301574707
0.0
0.015322208404541016
0.019677400588989258
0.011848688125610352
0.0047948360443115234
0.01128077507019043
0.01703047752380371
0.0
0.023778915405273438
0.009656667709350586
0.006257772445678711
0.00940847396850586
0.02009892463684082
0.007018089294433594
0.015885114669799805
0.01099848747253418
0.007864952087402344
0.014189720153808594
0.012972354888916016
0.010250329971313477
0.012996196746826172
0.0
0.016084909439086914
0.015421152114868164
0.0
0.0156705379486084
0.021116018295288086
0.005930185317993164
0.015099525451660156
0.013345479965209961
0.007117509841918945
0.013799667358398438
0.007073879241943359
0.014956474304199219
0.014417648315429688
0.010966062545776367
0.010459184646606445
0.0
0.023403167724609375
0.007951736450195312
0.0156402587890625
0.0
0.01564168930053711
0.01903676986694336
0.003298044204711914
0.02001214027404785
0.01163172721862793
0.007463932037353516
0.01458430290222168
0.011634349822998047
0.0006415843963623047
0.02056288719177246
0.004131793975830078
0.019784212112426758
0.0
0.01880359649658203
0.013300418853759766
0.013989448547363281
0.007042407989501953
0.014815092086791992
0.01295161247253418
0.006788730621337891
0.016083478927612305
0.011287212371826172
0.0060749053955078125
0.014680624008178711
0.013116598129272461
0.0
0.021012067794799805
0.013873577117919922
0.005219936370849609
0.011035919189453125
0.017350196838378906
0.008924245834350586
0.0063021183013916016
0.0197601318359375
0.0
0.015888690948486328
0.016103744506835938
0.013062715530395508
0.0
0.015717029571533203
0.01861572265625
0.011353015899658203
0.006679534912109375
0.015639305114746094
0.009924888610839844
0.003709077835083008
0.020102500915527344
0.011354923248291016
0.0070493221282958984
0.008680343627929688
0.015854835510253906
0.013970375061035156
0.0053253173828125
0.01570439338684082
0.01257181167602539
0.0076024532318115234
0.010779857635498047
0.01579904556274414
0.004328250885009766
0.019964933395385742
0.00850987434387207
0.0
0.024509191513061523
0.005108356475830078
0.017130613327026367
0.007044553756713867
0.016933441162109375
0.011291980743408203
0.011611223220825195
0.011527299880981445
0.011262178421020508
0.011560916900634766
0.012414932250976562
0.010805606842041016
0.006015777587890625
0.016892194747924805
0.011626243591308594
0.011290311813354492
0.011192083358764648
0.010671377182006836
0.011143684387207031
0.013388633728027344
0.004189252853393555
0.018599748611450195
0.011323690414428711
0.005044221878051758
0.013393402099609375
0.01605367660522461
0.011657238006591797
0.011427640914916992
0.012054920196533203
0.011943817138671875
0.01129293441772461
0.012212753295898438
0.01031184196472168
0.006728172302246094
0.015313863754272461
0.010654926300048828
0.012937068939208984
0.011452913284301758
0.011493921279907227
0.011184453964233398
0.01063990592956543
0.006886720657348633
0.01796889305114746
0.01127767562866211
0.009085416793823242
0.014444828033447266
0.01024937629699707
0.011549234390258789
0.01198577880859375
0.009454011917114258
0.01215815544128418
0.010355234146118164
0.012445926666259766
0.006356000900268555
0.017821788787841797
0.0003254413604736328
0.02228546142578125
0.011291265487670898
0.012211322784423828
0.0
0.023260831832885742
0.011221170425415039
0.010181188583374023
0.012617111206054688
0.011650562286376953
0.010736465454101562
0.012129545211791992
0.011303186416625977
0.011546134948730469
0.008887529373168945
0.013952255249023438
0.012485027313232422
0.010985612869262695
0.01234745979309082
0.006051540374755859
0.016376733779907227
0.011520862579345703
0.006785869598388672
0.01604747772216797
0.012887239456176758
0.010343551635742188
0.0128631591796875
0.010895490646362305
0.0
0.013674020767211914
0.016028881072998047
0.011232852935791016
0.004884481430053711
0.01587057113647461
0.018358230590820312
0.01030111312866211
0.00681614875793457
0.014018535614013672
0.013892889022827148
0.0
0.015755891799926758
0.015644073486328125
0.009639263153076172
0.016785621643066406
0.007950067520141602
0.01445150375366211
0.0015707015991210938
0.015159130096435547
0.0160977840423584
0.012155532836914062
0.005629301071166992
0.014077186584472656
0.01518106460571289
0.012246847152709961
0.0018203258514404297
0.02138662338256836
0.011390447616577148
0.008875370025634766
0.01396036148071289
0.011156558990478516
0.011025667190551758
0.010846614837646484
0.009001970291137695
0.01360940933227539
0.007025480270385742
0.013863086700439453
0.014393091201782227
0.006776571273803711
0.01406717300415039
0.01351308822631836
0.010338544845581055
0.011924982070922852
0.013053655624389648
0.010770082473754883
0.011791706085205078
0.010547399520874023
0.0
0.023819446563720703
0.011081218719482422
0.006841421127319336
0.015794992446899414
0.01212620735168457
0.007032155990600586
0.008861541748046875
0.017006397247314453
0.009060144424438477
0.007106304168701172
0.015541315078735352
0.01579737663269043
0.012070178985595703
0.011243104934692383
0.007460832595825195
0.01574850082397461
0.006603717803955078
0.01596975326538086
0.002775430679321289
0.013165473937988281
0.015668392181396484
0.012722253799438477
0.012780904769897461
0.0
0.015327215194702148
0.015789270401000977
0.011833667755126953
0.013239145278930664
0.011072874069213867
0.0049228668212890625
0.018175125122070312
0.009560346603393555
0.0067365169525146484
0.015649795532226562
0.01592087745666504
0.011780023574829102
0.0020363330841064453
0.015718698501586914
0.016104459762573242
0.0050699710845947266
0.017373085021972656
0.011899709701538086
0.007157087326049805
0.015365839004516602
0.0
0.015857458114624023
0.018976211547851562
0.009366035461425781
0.01177358627319336
0.010319232940673828
0.006674766540527344
0.01580810546875
0.0
0.016095638275146484
0.018458127975463867
0.0
0.013494729995727539
0.020856380462646484
0.01137995719909668
0.007284641265869141
0.01573944091796875
0.011209487915039062
0.010929107666015625
0.002006053924560547
0.019968748092651367
0.010879278182983398
0.0
0.02306222915649414
0.011725425720214844
0.006693840026855469
0.017750263214111328
0.006926298141479492
0.010434389114379883
0.015972614288330078
0.0
0.023050308227539062
0.011646270751953125
0.005244731903076172
0.018666982650756836
0.011028528213500977
0.011789321899414062
0.011546850204467773
0.010099411010742188
0.006266355514526367
0.018342971801757812
0.011084318161010742
0.005648374557495117
0.01728200912475586
0.012101888656616211
0.010362625122070312
0.011831045150756836
0.012467622756958008
0.011264801025390625
0.008394241333007812
0.013585567474365234
0.0
0.01508474349975586
0.015655517578125
0.015958786010742188
0.0
0.022838592529296875
0.0
0.02293872833251953
0.011848926544189453
0.006799459457397461
0.00909566879272461
0.01750922203063965
0.0
0.023494720458984375
0.006089448928833008
0.015639781951904297
0.012473821640014648
0.004128694534301758
0.015455484390258789
0.013742208480834961
0.011812210083007812
0.0059740543365478516
0.016273975372314453
0.012002229690551758
0.010565042495727539
0.01294708251953125
0.012102842330932617
0.0030155181884765625
0.01569342613220215
0.015817880630493164
0.0
0.02115607261657715
0.0032896995544433594
0.019676923751831055
0.007768392562866211
0.01751565933227539
0.008530139923095703
0.007774829864501953
0.008086204528808594
0.01593184471130371
0.01603984832763672
0.008458137512207031
0.007635593414306641
0.019068241119384766
0.009459733963012695
0.006835460662841797
0.015644550323486328
0.0
0.01607656478881836
0.019005298614501953
0.010982513427734375
0.0
0.0228116512298584
0.002925395965576172
0.014999151229858398
0.013940095901489258
0.013426780700683594
0.0065021514892578125
0.014892101287841797
0.0
0.01573801040649414
0.02008843421936035
0.00477910041809082
0.00719904899597168
0.019732236862182617
0.012049198150634766
0.0
0.016071081161499023
0.015894412994384766
0.0
0.022481441497802734
0.010714054107666016
0.0049784183502197266
0.01585674285888672
0.015750646591186523
0.004955291748046875
0.014446020126342773
0.015783309936523438
0.004384279251098633
0.020088911056518555
0.008379459381103516
0.005701541900634766
0.018848896026611328
0.007555246353149414
0.015908241271972656
0.007477998733520508
0.014190673828125
0.009855270385742188
0.014711618423461914
0.01072835922241211
0.006543874740600586
0.01601099967956543
0.011817216873168945
0.012116193771362305
0.011484861373901367
0.011156558990478516
0.011702775955200195
0.010275125503540039
0.013124227523803711
0.011785507202148438
0.011810302734375
0.010926961898803711
0.011671066284179688
0.010619640350341797
0.01222538948059082
0.012311220169067383
0.008778810501098633
0.014261245727539062
0.011473894119262695
0.008884429931640625
0.0
0.015666484832763672
0.01791548728942871
0.01370692253112793
0.012659072875976562
0.01230931282043457
0.011415958404541016
0.011383056640625
0.010070085525512695
0.0046765804290771484
0.011295318603515625
0.002925395965576172
0.015210390090942383
0.015837669372558594
0.0031325817108154297
0.01802229881286621
0.01128077507019043
0.012619972229003906
0.010916709899902344
0.008730173110961914
0.014327287673950195
0.00775599479675293
0.015326976776123047
0.0043447017669677734
0.0198209285736084
0.009517431259155273
0.007017612457275391
0.015981197357177734
0.012801885604858398
0.006044149398803711
0.006940603256225586
0.021881818771362305
0.0030167102813720703
0.015648603439331055
0.0
0.010358333587646484
0.005473136901855469
0.015978336334228516
0.0
0.023574352264404297
0.012014150619506836
0.008492231369018555
0.014716625213623047
0.011852502822875977
0.008912086486816406
0.0
0.01539158821105957
0.015890121459960938
0.016049623489379883
0.0
0.019968032836914062
0.0
0.02289724349975586
0.012009143829345703
0.011864185333251953
0.00801396369934082
0.01605224609375
0.010844945907592773
0.012104988098144531
0.011717081069946289
0.007869720458984375
0.01567530632019043
0.009985923767089844
0.009467840194702148
0.012910604476928711
0.01274418830871582
0.011953115463256836
0.010817527770996094
0.011164188385009766
0.012049674987792969
0.0
0.013641119003295898
0.01799631118774414
0.014809608459472656
0.006804704666137695
0.009136199951171875
0.015679121017456055
0.007140636444091797
0.016064167022705078
0.013656139373779297
0.012249946594238281
0.009755373001098633
0.012061357498168945
0.01091766357421875
0.008629322052001953
0.00908970832824707
0.014804840087890625
0.014203310012817383
0.0
0.020070314407348633
0.013756036758422852
0.01163172721862793
0.0
0.015844345092773438
0.015265464782714844
0.013315439224243164
0.006369590759277344
0.007141828536987305
0.018342256546020508
0.010533332824707031
0.01397252082824707
0.006819486618041992
0.008933067321777344
0.020464181900024414
0.005208015441894531
0.013392210006713867
0.014817237854003906
0.01159358024597168
0.004329681396484375
0.015717744827270508
0.0
0.02601790428161621
0.006073474884033203
0.01523900032043457
0.010786294937133789
0.006871700286865234
0.017891407012939453
0.010796308517456055
0.010584592819213867
0.005243539810180664
0.01567530632019043
0.0
0.021710872650146484
0.015190362930297852
0.0
0.015899658203125
0.013230323791503906
0.006944417953491211
0.020898103713989258
0.0
0.020013809204101562
0.012071371078491211
0.007997751235961914
0.017418384552001953
0.012147665023803711
0.007162332534790039
0.0068264007568359375
0.0159609317779541
0.01093602180480957
0.009713411331176758
0.016269445419311523
0.0
0.016020774841308594
0.015816926956176758
0.0
0.0
0.015629291534423828
0.015927553176879883
0.0
0.02441096305847168
0.009374856948852539
0.007294416427612305
0.01594233512878418
0.01240849494934082
0.01257181167602539
0.011413335800170898
0.002920389175415039
0.014265298843383789
0.017165184020996094
0.0024390220642089844
0.0
0.015772342681884766
0.017821550369262695
0.0
0.01363825798034668
0.0159454345703125
0.015787363052368164
0.012022733688354492
0.010125875473022461
0.011980533599853516
0.005476236343383789
0.008188247680664062
0.02082061767578125
0.005732059478759766
0.006675243377685547
0.01609969139099121
0.017432451248168945
0.010218620300292969
0.012314081192016602
0.006659746170043945
0.01599431037902832
0.004018068313598633
0.009926319122314453
0.01608443260192871
0.01603412628173828
0.011375665664672852
0.01024484634399414
0.012162923812866211
0.007707834243774414
0.014891862869262695
0.006272315979003906
0.018026351928710938
0.010432004928588867
0.0057888031005859375
0.010099411010742188
0.018996238708496094
0.007040977478027344
0.015982866287231445
0.008457660675048828
0.014259576797485352
0.0017421245574951172
0.015880107879638672
0.013224124908447266
0.005906581878662109
0.019094228744506836
0.009804964065551758
0.005293130874633789
0.010544776916503906
0.012160062789916992
0.011713743209838867
0.011895895004272461
0.002698659896850586
0.019440889358520508
0.01160287857055664
0.009066343307495117
0.007868528366088867
0.013174772262573242
0.01567220687866211
0.00990605354309082
0.012092113494873047
0.00558781623840332
0.017723560333251953
0.012181997299194336
0.010256528854370117
0.007991552352905273
0.01601719856262207
0.010892629623413086
0.004976749420166016
0.019037246704101562
0.010733604431152344
0.008236408233642578
0.015061616897583008
0.003110647201538086
0.01876091957092285
0.003813505172729492
0.013908147811889648
0.017052412033081055
0.011933088302612305
0.01064610481262207
0.0052073001861572266
0.015899658203125
0.00711822509765625
0.01799154281616211
0.005224466323852539
0.008795738220214844
0.019687891006469727
0.0
0.023952245712280273
0.01077127456665039
0.007360935211181641
0.013267040252685547
0.013471603393554688
0.0
0.016082763671875
0.016033649444580078
0.0034685134887695312
0.015882253646850586
0.016124248504638672
0.009784460067749023
0.011015653610229492
0.011690378189086914
0.013885498046875
0.006107330322265625
0.015837430953979492
0.012853622436523438
0.01062464714050293
0.008801937103271484
0.0
0.02615809440612793
0.0
0.016050338745117188
0.015654563903808594
0.010205507278442383
0.0059664249420166016
0.0163118839263916
0.015383005142211914
0.005421161651611328
0.01742267608642578
0.010421037673950195
0.011966943740844727
0.003943204879760742
0.01574254035949707
0.01540827751159668
0.011783838272094727
0.01072382926940918
0.011059284210205078
0.012415647506713867
0.0025844573974609375
0.02007746696472168
0.011387109756469727
0.012151718139648438
0.010688304901123047
0.004984140396118164
0.01604437828063965
0.0
0.021254539489746094
0.015233993530273438
0.0
0.02170562744140625
0.009943723678588867
0.0
0.02161693572998047
0.015082597732543945
0.011359930038452148
0.011519670486450195
0.00767827033996582
0.01394510269165039
0.012797832489013672
0.011202573776245117
0.00954580307006836
0.013823986053466797
0.0
0.015799283981323242
0.017733097076416016
0.004261970520019531
0.01759028434753418
0.00971364974975586
0.016066312789916992
0.0018930435180664062
0.01863241195678711
0.011670351028442383
0.006412029266357422
0.01792120933532715
0.0
0.016079187393188477
0.015744924545288086
0.0
0.025570392608642578
0.00796365737915039
0.013946056365966797
0.007234334945678711
0.016551971435546875
0.006207942962646484
0.015201091766357422
0.009636878967285156
0.008103370666503906
0.0133056640625
0.01590251922607422
0.01214146614074707
0.0077686309814453125
0.015050411224365234
0.003476858139038086
0.015487432479858398
0.01566338539123535
0.0
0.016010284423828125
0.01586174964904785
0.0
0.024390220642089844
0.007444143295288086
0.008687496185302734
0.015874147415161133
0.0134429931640625
0.0024557113647460938
0.01566791534423828
0.014477014541625977
0.010762691497802734
0.014698982238769531
0.009734630584716797
0.007229804992675781
0.016894102096557617
0.010577678680419922
0.01196146011352539
0.01142263412475586
0.007511138916015625
0.014266490936279297
0.012799739837646484
0.0030214786529541016
0.016782045364379883
0.014390230178833008
0.007256984710693359
0.015510082244873047
0.009688854217529297
0.012648344039916992
0.012285947799682617
0.007367849349975586
0.015315055847167969
0.009457111358642578
0.009198904037475586
0.00648808479309082
0.016091346740722656
0.015704870223999023
0.009179115295410156
0.00862264633178711
0.014057159423828125
0.013458013534545898
0.011482477188110352
0.011388778686523438
0.0047342777252197266
0.018027544021606445
0.0
0.017162561416625977
0.016301870346069336
0.012469768524169922
0.006377696990966797
0.017128944396972656
0.003127574920654297
0.013320684432983398
0.017132997512817383
0.011159658432006836
0.011602640151977539
0.010118961334228516
0.006916046142578125
0.017030000686645508
0.012052059173583984
0.002844095230102539
0.018804311752319336
0.012936830520629883
0.0
0.02003192901611328
0.0
0.02486729621887207
0.01200556755065918
0.004983186721801758
0.0173494815826416
0.010344982147216797
0.01244044303894043
0.003202676773071289
0.016010284423828125
0.009385347366333008
0.016659259796142578
0.005669832229614258
0.015686988830566406
0.012344121932983398
0.012610673904418945
0.0
0.022320270538330078
0.011595726013183594
0.011979341506958008
0.012345314025878906
0.009017229080200195
0.01403188705444336
0.009730815887451172
0.0
0.015779972076416016
0.016098737716674805
0.00845193862915039
0.0072443485260009766
0.015083551406860352