0.015276193618774414
0.02066826820373535
0.012901782989501953
0.0
0.015281200408935547
0.024582386016845703
0.008774518966674805
0.015357732772827148
0.014205694198608398
0.01350855827331543
0.005665302276611328
0.015898942947387695
0.01584482192993164
0.01424098014831543
0.008396625518798828
0.00929880142211914
0.01570272445678711
0.01813983917236328
0.006911516189575195
0.019704818725585938
0.012057781219482422
0.014312982559204102
0.008723974227905273
0.009469270706176758
0.020710229873657227
0.012560606002807617
0.0
0.014970064163208008
0.022989511489868164
0.010756969451904297
0.005263328552246094
0.021111488342285156
0.014189958572387695
0.012037277221679688
0.013530969619750977
0.012182235717773438
0.013790130615234375
0.012323141098022461
0.0
0.014915704727172852
0.025055885314941406
0.008789300918579102
0.01514577865600586
0.0045888423919677734
0.022469520568847656
0.006529808044433594
0.01555180549621582
0.01575160026550293
0.012921571731567383
0.0035517215728759766
0.022619009017944336
0.012519598007202148
0.013030529022216797
0.0005483627319335938
0.023578405380249023
0.014700651168823242
0.010479211807250977
0.015192508697509766
0.01139378547668457
0.01521444320678711
0.012268304824829102
0.0016064643859863281
0.015075206756591797
0.022908449172973633
0.010771751403808594
0.015017032623291016
0.011445760726928711
0.013713836669921875
0.008576154708862305
0.01532292366027832
0.011284351348876953
0.015600442886352539
0.006513833999633789
0.019037246704101562
0.011839151382446289
0.014185190200805664
0.009724140167236328
0.009119510650634766
0.02082061767578125
0.012783050537109375
0.0054132938385009766
0.009719133377075195
0.015862703323364258
0.020350933074951172
0.004089832305908203
0.016109704971313477
0.01900625228881836
0.012461185455322266
0.0014836788177490234
0.015609025955200195
0.0224916934967041
0.012422323226928711
0.00487828254699707
0.013637304306030273
0.021488666534423828
0.0069255828857421875
0.015196084976196289
0.01597428321838379
0.012852191925048828
0.004721403121948242
0.015188932418823242
0.01565837860107422
0.015228033065795898
0.009635686874389648
0.01496577262878418
0.01502537727355957
0.013099193572998047
0.005528450012207031
0.015647411346435547
0.01585865020751953
0.014728784561157227
0.008398771286010742
0.009432315826416016
0.019789934158325195
0.013748407363891602
0.0
0.015211820602416992
0.02381730079650879
0.009743928909301758
0.015304088592529297
0.011493921279907227
0.01463937759399414
0.007280111312866211
0.015903472900390625
0.010675668716430664
0.01758742332458496
0.01154017448425293
0.008905410766601562
0.006512641906738281
0.024732112884521484
0.012804031372070312
0.011235237121582031
0.0
0.026380538940429688
0.0069732666015625
0.014909982681274414
0.015639305114746094
0.013491630554199219
0.0046787261962890625
0.015067577362060547
0.016020774841308594
0.01602315902709961
0.012316703796386719
0.004822492599487305
0.02198505401611328
0.012737274169921875
0.013495445251464844
0.007657766342163086
0.016002416610717773
0.014336347579956055
0.008513212203979492
0.013649702072143555
0.016563892364501953
0.01212000846862793
0.01235651969909668
0.012180805206298828
0.013412237167358398
0.0105133056640625
0.0
0.020143508911132812
0.02126622200012207
0.006951093673706055
0.0152435302734375
0.015904903411865234
0.013036489486694336
0.0045659542083740234
0.015451669692993164
0.015986919403076172
0.015775442123413086
0.00849461555480957
0.015447378158569336
0.0
0.027588844299316406
0.005702018737792969
0.015277385711669922
0.015852928161621094
0.015009164810180664
0.002665996551513672
0.015285015106201172
0.02075982093811035
0.012624502182006836
0.0
0.014971494674682617
0.02302408218383789
0.010771989822387695
0.015098810195922852
0.00536656379699707
0.021363019943237305
0.013237953186035156
0.0006201267242431641
0.01509404182434082
0.02303910255432129
0.010638713836669922
0.0
0.015579462051391602
0.024483680725097656
0.012532472610473633
0.011603116989135742
0.0
0.027538537979125977
0.011316537857055664
0.009364843368530273
0.01582026481628418
0.014261722564697266
0.012470245361328125
0.006620168685913086
0.019479751586914062
0.013147592544555664
0.0007650852203369141
0.015207767486572266
0.015746116638183594
0.01903557777404785
0.011739015579223633
0.009402036666870117
0.015707015991210938
0.014170169830322266
0.004111766815185547
0.021305322647094727
0.014113426208496094
0.01243734359741211
0.0
0.015667200088500977
0.02273416519165039
0.01056218147277832
0.0
0.015247344970703125
0.026541948318481445
0.0069653987884521484
0.01491999626159668
0.015647411346435547
0.01354360580444336
0.010703325271606445
0.0082244873046875
0.018420696258544922
0.013402462005615234
0.008579015731811523
0.015671491622924805
0.0
0.026119232177734375
0.006948947906494141
0.01567554473876953
0.015815019607543945
0.012584686279296875
0.00468754768371582
0.015428781509399414
0.015846729278564453
0.014915943145751953
0.0024411678314208984
0.019678592681884766
0.017622709274291992
0.011537790298461914
0.006101131439208984
0.009021997451782227
0.0157167911529541
0.02222895622253418
0.00906062126159668
0.009041547775268555
0.02159857749938965
0.011747598648071289
0.0
0.014989376068115234
0.02409529685974121
0.00956583023071289
0.01533365249633789
0.011406183242797852
0.01546478271484375
0.006500720977783203
0.015841007232666016
0.015639305114746094
0.014704227447509766
0.00866389274597168
0.009430885314941406
0.01599740982055664
0.017569303512573242
0.005678892135620117
0.015181779861450195
0.016058921813964844
0.013807058334350586
0.009727954864501953
0.009043693542480469
0.01985931396484375
0.01349329948425293
0.0003275871276855469
0.01596212387084961
0.022257328033447266
0.01256108283996582
0.013160228729248047
0.0
0.025318384170532227
0.008193016052246094
0.015490055084228516
0.0
0.027634382247924805
0.005652189254760742
0.015697240829467773
0.015842676162719727
0.01455831527709961
0.009601116180419922
0.014942169189453125
0.005588054656982422
0.021050453186035156
0.0069696903228759766
0.015900850296020508
0.0050067901611328125
0.023751020431518555
0.0042726993560791016
0.01476597785949707
0.020268678665161133
0.012857913970947266
0.0068817138671875
0.009948492050170898
0.02108931541442871
0.01168060302734375
0.0
0.015242815017700195
0.023961782455444336
0.009526729583740234
0.015725135803222656
0.0
0.02623891830444336
0.012536764144897461
0.0012319087982177734
0.014763832092285156
0.022208690643310547
0.01192474365234375
0.005279541015625
0.009718179702758789
0.0238492488861084
0.008760452270507812
0.0156552791595459
0.010689973831176758
0.01579761505126953
0.006662845611572266
0.015410900115966797
0.016087055206298828
0.012506723403930664
0.010535478591918945
0.009304046630859375
0.01606273651123047
0.015734195709228516
0.008755683898925781
0.015869617462158203
0.014444828033447266
0.012763261795043945
0.01257014274597168
0.008394956588745117
0.01577448844909668
0.014005899429321289
0.009506702423095703
0.01570582389831543
0.013468503952026367
0.013769865036010742
0.0
0.016015291213989258
0.022243499755859375
0.010455131530761719
0.015227079391479492
0.0
0.024949312210083008
0.012130975723266602
0.011645793914794922
0.0
0.02668285369873047
0.013435602188110352
0.006530284881591797
0.009336709976196289
0.021573305130004883
0.01172780990600586
0.012819290161132812
0.013441085815429688
0.01369166374206543
0.008740901947021484
0.015018463134765625
0.011635303497314453
0.015134334564208984
0.006732940673828125
0.01573920249938965
0.015733718872070312
0.013099193572998047
0.004413127899169922
0.016001462936401367
0.0158994197845459
0.015169382095336914
0.008700847625732422
0.015536785125732422
0.011106491088867188
0.015052556991577148
0.0069735050201416016
0.019077062606811523
0.011884927749633789
0.014065265655517578
0.00439143180847168
0.014735698699951172
0.020733356475830078
0.012585878372192383
0.0
0.01501154899597168
0.022938013076782227
0.012772798538208008
0.0048406124114990234
0.008606672286987305
0.026100873947143555
0.011090278625488281
0.011466741561889648
0.015737056732177734
0.013244152069091797
0.011449337005615234
0.014833927154541016
0.004900217056274414
0.020348548889160156
0.008631229400634766
0.015343189239501953
0.0
0.02675032615661621
0.006619453430175781
0.015472650527954102
0.01666998863220215
0.013027429580688477
0.003602266311645508
0.015444040298461914
0.01938343048095703
0.013283252716064453
0.0006108283996582031
0.015232324600219727
0.016109228134155273
0.019636869430541992
0.004759311676025391
0.014931201934814453
0.015798330307006836
0.015349864959716797
0.002672910690307617
0.01487874984741211
0.02110433578491211
0.01273345947265625
0.006674528121948242
0.009438037872314453
0.023049592971801758
0.009593963623046875
0.01592850685119629
0.0
0.027092695236206055
0.011742353439331055
0.009386539459228516
0.016069650650024414
0.014728069305419922
0.002528667449951172
0.02263331413269043
0.008388996124267578
0.018009424209594727
0.0066835880279541016
0.015372753143310547
0.015977144241333008
0.013776779174804688
0.003533601760864258
0.015677690505981445
0.019282102584838867
0.013229131698608398
0.0006213188171386719
0.015148162841796875
0.02196788787841797
0.011272192001342773
0.01452946662902832
0.01097416877746582
0.014111042022705078
0.012324810028076172
0.011567354202270508
0.0
0.026502609252929688
0.012592315673828125
0.0
0.02486872673034668
0.014112710952758789
0.009766101837158203
0.015437841415405273
0.0
0.02759099006652832
0.0056951045989990234
0.015055418014526367
0.01567697525024414
0.015380144119262695
0.008391618728637695
0.00967097282409668
0.01943683624267578
0.013454914093017578
0.0004944801330566406
0.015295743942260742
0.022767066955566406
0.01062631607055664
0.015017271041870117
0.0055615901947021484
0.021312475204467773
0.013087272644042969
0.0007455348968505859
0.014916658401489258
0.022029399871826172
0.011774063110351562
0.0
0.015576362609863281
0.02439141273498535
0.008554458618164062
0.015882253646850586
0.0
0.026269197463989258
0.006793975830078125
0.015300989151000977
0.016025304794311523
0.012715578079223633
0.004701852798461914
0.015473365783691406
0.02014470100402832
0.012578964233398438
0.012437820434570312
0.003662586212158203
0.017730236053466797
0.017766237258911133
0.004671335220336914
0.01542353630065918
0.015790224075317383
0.01490163803100586
0.0026519298553466797
0.015042304992675781
0.020934581756591797
0.012748956680297852
0.01263880729675293
0.0023360252380371094
0.023183584213256836
0.010596036911010742
0.0
0.015329599380493164
0.02570319175720215
0.007691144943237305
0.015511035919189453
0.0
0.02866339683532715
0.011644124984741211
0.01254415512084961
0.007495403289794922
0.01931476593017578
0.009307146072387695
0.015549182891845703
0.0
0.02627849578857422
0.006903648376464844
0.015203714370727539
0.016115188598632812
0.013766050338745117
0.003676891326904297
0.015116214752197266
0.019075870513916016
0.012257099151611328
0.0017044544219970703
0.022564411163330078
0.013452291488647461
0.012470722198486328
0.0
0.015799760818481445
0.016063690185546875
0.021214962005615234
0.0028276443481445312
0.015040874481201172
0.019964933395385742
0.013167142868041992
0.01250600814819336
0.003596067428588867
0.022472858428955078
0.012592792510986328
0.013661623001098633
0.01105189323425293
0.015189886093139648
0.006957530975341797
0.014997482299804688
0.016115427017211914
0.013938188552856445
0.003735780715942383
0.015568971633911133
0.01565718650817871
0.016147136688232422
0.008331537246704102
0.015368461608886719
0.015948057174682617
0.012822866439819336
0.004598855972290039
0.015579462051391602
0.01572275161743164
0.01592111587524414
0.012332439422607422
0.011932134628295898
0.014492988586425781
0.011515140533447266
0.0
0.015310049057006836
0.025066852569580078
0.008352041244506836
0.015189886093139648
0.0
0.02801370620727539
0.014269828796386719
0.006966114044189453
0.016097545623779297
0.014436483383178711
0.009300947189331055
0.01611495018005371
0.0
0.025951147079467773
0.006179094314575195
0.014925956726074219
0.01576852798461914
0.014322996139526367
0.003709077835083008
0.02106475830078125
0.010350227355957031
0.014820337295532227
0.008265495300292969
0.00980997085571289
0.021425247192382812
0.011398077011108398
0.0
0.01577019691467285
0.016181468963623047
0.021396398544311523
0.002719879150390625
0.01546025276184082
0.020463228225708008
0.012766122817993164
0.0
0.015026330947875977
0.022919416427612305
0.010779619216918945
0.015192747116088867
0.0
0.025846004486083984
0.007717132568359375
0.015126466751098633
0.01582479476928711
0.012157440185546875
0.01122593879699707
0.014584541320800781
0.010882377624511719
0.015079498291015625
0.002603292465209961
0.015215635299682617
0.01574110984802246
0.018990516662597656
0.0058176517486572266
0.015197038650512695
0.016072988510131836
0.013788700103759766
0.012267589569091797
0.006700038909912109
0.012267589569091797
0.01326441764831543
0.006408214569091797
0.00953531265258789
0.022728443145751953
0.0127410888671875
0.004790067672729492
0.012582540512084961
0.020654916763305664
0.008702278137207031
0.017658710479736328
0.011922597885131836
0.014574289321899414
0.013409852981567383
0.013174772262573242
0.0
0.026048898696899414
0.007644176483154297
0.015141487121582031
0.015959978103637695
0.012996673583984375
0.00472569465637207
0.01553964614868164
0.01565265655517578
0.015793323516845703
0.0017654895782470703
0.01918315887451172
0.016913414001464844
0.012561559677124023
0.005803346633911133
0.010138750076293945
0.023352622985839844
0.009486198425292969
0.014979839324951172
0.005433797836303711
0.021381139755249023
0.013199090957641602
0.0007119178771972656
0.015073299407958984
0.021869897842407227
0.011813879013061523
0.005882740020751953
0.009604215621948242
0.02345728874206543
0.011664628982543945
0.01233053207397461
0.0
0.02693915367126465
0.0066030025482177734
0.015532493591308594
0.015689849853515625
0.012799263000488281
0.0047113895416259766
0.015564918518066406
0.01573038101196289
0.014802694320678711
0.009671926498413086
0.015242338180541992
0.0
0.02587127685546875
0.007551908493041992
0.015360593795776367
0.01570892333984375
0.013040542602539062
0.012259960174560547
0.007776498794555664
0.01566481590270996
0.015061140060424805
0.0026695728302001953
0.022762775421142578
0.01333165168762207
0.012607812881469727
0.0
0.015189409255981445
0.023274660110473633
0.010672569274902344
0.0
0.016117572784423828
0.015979528427124023
0.021699190139770508
0.013089656829833984
0.0035474300384521484
0.02291083335876465
0.010745525360107422
0.0
0.015189886093139648
0.024985074996948242
0.012579917907714844
0.011431455612182617
0.0
0.027549028396606445
0.011468172073364258
0.009551763534545898
0.015662670135498047
0.015151500701904297
0.0026798248291015625
0.018315792083740234
0.017659664154052734
0.0121307373046875
0.0
0.01484370231628418
0.023569583892822266
0.013312101364135742
0.003804922103881836
0.0209043025970459
0.013924837112426758
0.013228654861450195
0.00664520263671875
0.009191274642944336
0.021854639053344727
0.0117340087890625
0.0
0.019808292388916016
0.020729541778564453
0.012187480926513672
0.0111541748046875
0.01607036590576172
0.012840747833251953
0.004692792892456055
0.022611379623413086
0.008290290832519531
0.017163753509521484
0.007666349411010742
0.015442609786987305
0.01116943359375
0.016573190689086914
0.0056879520416259766
0.015345335006713867
0.015826940536499023
0.014783382415771484
0.002359628677368164
0.016097307205200195
0.019071340560913086
0.01257777214050293
0.011634588241577148
0.003749847412109375
0.022733211517333984
0.012545347213745117
0.0
0.013429403305053711
0.026743173599243164
0.006637096405029297
0.015097618103027344
0.015995264053344727
0.013347864151000977
0.011296749114990234
0.015350580215454102
0.0
0.026165485382080078
0.007198333740234375
0.015335321426391602
0.015874147415161133
0.012887954711914062
0.004671335220336914
0.015444040298461914
0.015990734100341797
0.014632940292358398
0.002483367919921875
0.015886545181274414
0.021278858184814453
0.012007951736450195
0.0
0.015013456344604492
0.016569137573242188
0.02005743980407715
0.012528419494628906
0.006218433380126953
0.020374059677124023
0.012395143508911133
0.007199764251708984
0.009946584701538086
0.022016525268554688
0.010739564895629883
0.012626171112060547
0.006293773651123047
0.021216392517089844
0.008522272109985352
0.0154571533203125
0.013653039932250977
0.01312255859375
0.006484508514404297
0.01546168327331543
0.015961885452270508
0.01498723030090332
0.00823354721069336
0.013690948486328125
0.011687278747558594
0.017282724380493164
0.007527351379394531
0.015357732772827148
0.015750408172607422
0.013135194778442383
0.005450725555419922
0.014383316040039062
0.01572418212890625
0.015645742416381836
0.011420011520385742
0.008409976959228516
0.01909327507019043
0.011532068252563477
0.008304834365844727
0.006947040557861328
0.024847984313964844
0.00870370864868164
0.015475749969482422
0.0
0.0262753963470459
0.012053251266479492
0.007436990737915039
0.012447118759155273
0.01893019676208496
0.01076650619506836
0.015408992767333984
0.010937929153442383
0.014729738235473633
0.007684469223022461
0.014524698257446289
0.015735387802124023
0.012756824493408203
0.006029605865478516
0.015284538269042969
0.017832279205322266
0.013561487197875977
0.008691072463989258
0.007998943328857422
0.022092342376708984
0.011699199676513672
0.0
0.015350341796875
0.015938997268676758
0.021660804748535156
0.011441707611083984
0.006382942199707031
0.020944595336914062
0.012727737426757812
0.006320476531982422
0.01304173469543457
0.01974034309387207
0.011613845825195312
0.013607978820800781
0.0
0.02642059326171875
0.006883382797241211
0.014989852905273438
0.01580953598022461
0.014104843139648438
0.009717941284179688
0.013161182403564453
0.013948917388916016
0.014429569244384766
0.008124351501464844
0.015485763549804688
0.01564478874206543
0.013008356094360352
0.0036559104919433594
0.015223264694213867
0.015858888626098633
0.014954090118408203
0.0046215057373046875
0.01607513427734375
0.017951488494873047
0.01281595230102539
0.0
0.015215396881103516
0.02280592918395996
0.010505914688110352
0.015741825103759766
0.0
0.026197433471679688
0.0069675445556640625
0.015392065048217773
0.01566791534423828
0.013067960739135742
0.011597871780395508
0.006049394607543945
0.009232521057128906
0.02483081817626953
0.008647441864013672
0.01528310775756836
0.0
0.027841567993164062
0.005611896514892578
0.015446186065673828
0.016126632690429688
0.01446223258972168
0.011394977569580078
0.006539106369018555
0.020893096923828125
0.012648582458496094
0.0
0.019272565841674805
0.020116567611694336
0.009342432022094727
0.015422582626342773
0.004924297332763672
0.021670103073120117
0.012169122695922852
0.0005257129669189453
0.01545262336730957
0.021482229232788086
0.011780738830566406
0.0
0.015088558197021484
0.0245206356048584
0.008957624435424805
0.01568150520324707
0.011505603790283203
0.015115976333618164
0.006617546081542969
0.015540122985839844
0.016045808792114258
0.012595653533935547
0.004408597946166992
0.015914201736450195
0.015860319137573242
0.015417098999023438
0.008673667907714844
0.015850543975830078
0.003500223159790039
0.022414207458496094
0.006974935531616211
0.015108823776245117
0.017731904983520508
0.012233972549438477
0.0037488937377929688
0.015400886535644531
0.01939249038696289
0.013206243515014648
0.0007679462432861328
0.015066146850585938
0.0228731632232666
0.010721683502197266
0.015436410903930664
0.011799097061157227
0.014556407928466797
0.012482643127441406
0.009916067123413086
0.01600933074951172
0.012695789337158203
0.011574029922485352
0.0
0.015406370162963867
0.024607419967651367
0.008715629577636719
0.015126943588256836
0.012279272079467773
0.01566457748413086
0.005686759948730469
0.015088081359863281
0.015830039978027344
0.01409292221069336