0.014484882354736328
0.011432409286499023
0.009080648422241211
0.006804227828979492
0.0074462890625
0.013511419296264648
0.0071642398834228516
0.014006376266479492
0.011800050735473633
0.008741617202758789
0.013257741928100586
0.008149147033691406
0.013924360275268555
0.006848335266113281
0.01472783088684082
0.00624394416809082
0.01562976837158203
0.005273103713989258
0.01662921905517578
0.010756492614746094
0.01109766960144043
0.010590076446533203
0.009917974472045898
0.010124921798706055
0.012161731719970703
0.00785517692565918
0.014977455139160156
0.004973173141479492
0.015074014663696289
0.004565000534057617
0.009121894836425781
0.018886566162109375
0.0054264068603515625
0.015649795532226562
0.0
0.015688180923461914
0.015662193298339844
0.0
0.01567983627319336
0.01564788818359375
0.0
0.026188135147094727
0.011290550231933594
0.011101007461547852
0.0
0.015703678131103516
0.015716552734375
0.0
0.022849082946777344
0.008806228637695312
0.012750864028930664
0.0
0.014847278594970703
0.01565074920654297
0.0
0.018103361129760742
0.013820886611938477
0.0
0.016091585159301758
0.02117919921875
0.010126590728759766
0.0023543834686279297
0.019609689712524414
0.012033462524414062
0.011265754699707031
0.004702091217041016
0.015750408172607422
0.010561466217041016
0.011125564575195312
0.008716344833374023
0.007330417633056641
0.007437467575073242
0.015727519989013672
0.015809297561645508
0.0
0.017780780792236328
0.013849020004272461
0.0
0.0234375
0.011739492416381836
0.0
0.015817880630493164
0.016917943954467773
0.010975122451782227
0.010928153991699219
0.01177525520324707
0.004025936126708984
0.01731252670288086
0.008842945098876953
0.006825923919677734
0.015636682510375977
0.01119232177734375
0.004446983337402344
0.015662431716918945
0.009058475494384766
0.0
0.02209925651550293
0.005690813064575195
0.006804227828979492
0.01591348648071289
0.015806198120117188
0.0
0.017267704010009766
0.01566934585571289
0.0
0.022196054458618164
0.0018630027770996094
0.015086174011230469
0.0146484375
0.0
0.015661239624023438
0.017853975296020508
0.0
0.01363062858581543
0.01918959617614746
0.010424375534057617
0.006777524948120117
0.0156552791595459
0.0
0.01765584945678711
0.013793468475341797
0.0
0.015602350234985352
0.020089149475097656
0.011659622192382812
0.011724472045898438
0.005811929702758789
0.015809059143066406
0.011548519134521484
0.006912946701049805
0.014012813568115234
0.005894184112548828
0.016484737396240234
0.012243986129760742
0.010143041610717773
0.004200458526611328
0.015642642974853516
0.011927366256713867
0.0
0.013911247253417969
0.01575636863708496
0.01578998565673828
0.0
0.02251148223876953
0.0
0.01566028594970703
0.0157163143157959
0.004821300506591797
0.012888669967651367
0.013652801513671875
0.006574869155883789
0.015455961227416992
0.01541757583618164
0.004265546798706055
0.016023874282836914
0.012768745422363281
0.007605552673339844
0.012257814407348633
0.012912511825561523
0.006309986114501953
0.015679121017456055
0.0
0.02072763442993164
0.012802362442016602
0.002988100051879883
0.015828371047973633
0.010553121566772461
0.005155801773071289
0.015935897827148438
0.008018970489501953
0.00766754150390625
0.013441324234008789
0.015740394592285156
0.01204991340637207
0.011080026626586914
0.009747743606567383
0.012234687805175781
0.011318445205688477
0.011440515518188477
0.010615348815917969
0.0015056133270263672
0.020641326904296875
0.011449098587036133
0.003471851348876953
0.019409894943237305
0.011664390563964844
0.0
0.020551204681396484
0.009293079376220703
0.0
0.023636817932128906
0.0031189918518066406
0.01875162124633789
0.010930061340332031
0.0069468021392822266
0.014032840728759766
0.012722969055175781
0.0031023025512695312
0.01588273048400879
0.0
0.021523237228393555
0.015635251998901367
0.0
0.01586151123046875
0.015894651412963867
0.01064920425415039
0.005333900451660156
0.01590251922607422
0.012183904647827148
0.012801885604858398
0.0
0.022536516189575195
0.007049083709716797
0.015752315521240234
0.006752729415893555
0.015844345092773438
0.0
0.015687227249145508
0.017608165740966797
0.0023403167724609375
0.01569676399230957
0.014098405838012695
0.00617218017578125
0.009674310684204102
0.01572442054748535
0.010040521621704102
0.005783557891845703
0.015852928161621094
0.011577844619750977
0.01574230194091797
0.011027097702026367
0.010035037994384766
0.006572723388671875
0.013694286346435547
0.009293556213378906
0.01598978042602539
0.0
0.02388906478881836
0.011130809783935547
0.004742145538330078
0.016024351119995117
0.0
0.015656232833862305
0.015644550323486328
0.006699085235595703
0.013766288757324219
0.016852378845214844
0.0027239322662353516
0.018750429153442383
0.010214090347290039
0.006925821304321289
0.015757083892822266
0.005136013031005859
0.01051950454711914
0.015650510787963867
0.015615224838256836
0.0057125091552734375
0.01596808433532715
0.0
0.016711950302124023
0.017536401748657227
0.0
0.015638113021850586
0.015794992446899414
0.009895563125610352
0.014327049255371094
0.010894060134887695
0.013039350509643555
0.01071929931640625
0.0
0.01993417739868164
0.01200413703918457
0.011858940124511719
0.004012346267700195
0.02000570297241211
0.0
0.015658855438232422
0.01579594612121582
0.004776716232299805
0.012901544570922852
0.015558004379272461
0.005220174789428711
0.01051020622253418
0.02001667022705078
0.004393815994262695
0.018268823623657227
0.011283159255981445
0.0067789554595947266
0.015862703323364258
0.0
0.01576995849609375
0.015704870223999023
0.008487224578857422
0.011947393417358398
0.014918327331542969
0.0071103572845458984
0.009666681289672852
0.015807151794433594
0.0
0.015944719314575195
0.017647266387939453
0.0037086009979248047
0.019656658172607422
0.0
0.01957392692565918
0.010172605514526367
0.0068852901458740234
0.01565265655517578
0.005330562591552734
0.015636444091796875
0.015753984451293945
0.008405208587646484
0.00803685188293457
0.007553815841674805
0.021311044692993164
0.0
0.01573920249938965
0.012045621871948242
0.01578545570373535
0.0
0.023600339889526367
0.00742340087890625
0.0117034912109375
0.012998342514038086
0.004980564117431641
0.01566147804260254
0.01378941535949707
0.004009723663330078
0.015033721923828125
0.01514887809753418
0.00394749641418457
0.01549673080444336
0.013856649398803711
0.0019741058349609375
0.015859603881835938
0.015869617462158203
0.0
0.015925884246826172
0.015791654586791992
0.009579658508300781
0.0
0.025928974151611328
0.009742021560668945
0.006016731262207031
0.009635210037231445
0.015990018844604492
0.0
0.015645742416381836
0.0208587646484375
0.0
0.019786834716796875
0.01352834701538086
0.003010272979736328
0.015727519989013672
0.0
0.015894412994384766
0.015969038009643555
0.016123533248901367
0.003268003463745117
0.018707990646362305
0.011057376861572266
0.006579160690307617
0.01565074920654297
0.0
0.017730712890625
0.015988588333129883
0.005304574966430664
0.013041257858276367
0.015338420867919922
0.0
0.020047664642333984
0.011987924575805664
0.0
0.015657424926757812
0.015874862670898438
0.015686511993408203
0.009428977966308594
0.012482643127441406
0.011017799377441406
0.010679483413696289
0.0046939849853515625
0.01572132110595703
0.009550333023071289
0.006245613098144531
0.0158383846282959
0.00926351547241211
0.008917093276977539
0.001069784164428711
0.01602625846862793
0.01569056510925293
0.0
0.017965316772460938
0.0
0.014028787612915039
0.01585221290588379
0.01598501205444336
0.008820295333862305
0.007967472076416016
0.016429424285888672
0.004895687103271484
0.00687718391418457
0.01653432846069336
0.015275001525878906
0.008764028549194336
0.007131099700927734
0.017388582229614258
0.002913951873779297
0.016000032424926758
0.0
0.02385234832763672
0.008048772811889648
0.00954580307006836
0.013887166976928711
0.0
0.015650510787963867
0.01772332191467285
0.007506847381591797
0.01590728759765625
0.005936145782470703
0.006910562515258789
0.020906448364257812
0.006721019744873047
0.009101152420043945
0.0159757137298584
0.008315086364746094
0.0
0.01564192771911621
0.01693558692932129
0.014585018157958984
0.01017141342163086
0.0
0.015994548797607422
0.015642642974853516
0.012817144393920898
0.0023086071014404297
0.017467260360717773
0.012398719787597656
0.0
0.014656782150268555
0.01564955711364746
0.011141300201416016
0.004971504211425781
0.015999794006347656
0.01190805435180664
0.0
0.015885114669799805
0.016084909439086914
0.015641212463378906
0.0032465457916259766
0.012817621231079102
0.015651702880859375
0.0
0.024074792861938477
0.010771036148071289
0.009520292282104492
0.010936975479125977
0.0068471431732177734
0.015980005264282227
0.0
0.021988868713378906
0.009697914123535156
0.012806892395019531
0.007375240325927734
0.014850854873657227
0.001004934310913086
0.015773773193359375
0.015912294387817383
0.010020732879638672
0.0
0.015946626663208008
0.017950773239135742
0.010185003280639648
0.011339902877807617
0.01148533821105957
0.009657621383666992
0.006413459777832031
0.011394500732421875
0.01563572883605957
0.0
0.015831708908081055
0.01858997344970703
0.0
0.01607370376586914
0.015810728073120117
0.0
0.01609516143798828
0.01653885841369629
0.0
0.015850067138671875
0.0178983211517334
0.009999752044677734
0.012376785278320312
0.010743379592895508
0.00963735580444336
0.006241559982299805
0.00954747200012207
0.01587533950805664
0.0
0.02253270149230957
0.013378143310546875
0.00035500526428222656
0.015655994415283203
0.01582932472229004
0.010800600051879883
0.0071523189544677734
0.013666391372680664
0.0071599483489990234
0.014505863189697266
0.013722419738769531
0.00969243049621582
0.011911869049072266
0.011422872543334961
0.00942087173461914
0.012699127197265625
0.0029668807983398438
0.015736818313598633
0.0
0.015816211700439453
0.019857406616210938
0.0
0.015638351440429688
0.015819787979125977
0.012008190155029297
0.0
0.015853404998779297
0.015746116638183594
0.0
0.022562026977539062
0.008568763732910156
0.012255668640136719
0.01279902458190918
0.009581804275512695
0.01248478889465332
0.003601551055908203
0.017859458923339844
0.007723808288574219
0.005975008010864258
0.02004265785217285
0.0005600452423095703
0.015973567962646484
0.015655040740966797
0.0
0.015977859497070312
0.015830039978027344
0.0
0.015865802764892578
0.01568770408630371
0.009570121765136719
0.015450716018676758
0.011262893676757812
0.009957313537597656
0.0
0.015407085418701172
0.018084049224853516
0.0
0.01369619369506836
0.02007436752319336
0.0
0.015718698501586914
0.015655517578125
0.0
0.015504121780395508
0.01583123207092285
0.0
0.01585221290588379
0.015933513641357422
0.006906032562255859
0.0
0.02515435218811035
0.008569478988647461
0.006964206695556641
0.008672714233398438
0.015478372573852539
0.010762691497802734
0.005151271820068359
0.021061420440673828
0.0
0.015685081481933594
0.015735626220703125
0.004115581512451172
0.013645172119140625
0.014008760452270508
0.0
0.016111373901367188
0.019833087921142578
0.0070095062255859375
0.0
0.02611684799194336
0.008579015731811523
0.0
0.01565408706665039
0.015866756439208984
0.0
0.017639636993408203
0.01901555061340332
0.006831645965576172
0.009122371673583984
0.01563715934753418
0.0
0.015648603439331055
0.018436670303344727
0.005316495895385742
0.007829427719116211
0.02016901969909668
0.005568027496337891
0.015347480773925781
0.012343645095825195
0.008748292922973633
0.005083560943603516
0.014260530471801758
0.011950969696044922
0.00914907455444336
0.006714582443237305
0.020780563354492188
0.007533073425292969
0.009791851043701172
0.0160524845123291
0.0029489994049072266
0.017905712127685547
0.0020055770874023438
0.013829469680786133
0.013910531997680664
0.01595759391784668
0.004503488540649414
0.016085147857666016
0.011858224868774414
0.010731697082519531
0.0020058155059814453
0.011337041854858398
0.015824079513549805
0.0
0.015740633010864258
0.020905017852783203
0.0
0.015497684478759766
0.017854690551757812
0.0
0.013636589050292969
0.015735626220703125
0.0
0.015646934509277344
0.021604299545288086
0.004283428192138672
0.015943288803100586
0.010135412216186523
0.00852823257446289
0.0
0.016010761260986328
0.015935420989990234
0.014730215072631836
0.0010046958923339844
0.02036762237548828
0.0
0.01603555679321289
0.015643835067749023
0.0
0.023030519485473633
0.008711099624633789
0.0
0.02185511589050293
0.01490640640258789
0.004178285598754883
0.017673254013061523
0.010358572006225586
0.008475065231323242
0.012874841690063477
0.00677037239074707
0.011664628982543945
0.015846729278564453
0.0
0.020819664001464844
0.0
0.015770673751831055
0.015697002410888672
0.0
0.023662567138671875
0.007776737213134766
0.0067479610443115234
0.009140968322753906
0.02049875259399414
0.010209798812866211
0.010531187057495117
0.006918668746948242
0.016065597534179688
0.005001068115234375
0.015645265579223633
0.004599332809448242
0.013441085815429688
0.016116619110107422
0.003644227981567383
0.009158134460449219
0.015817880630493164
0.016075611114501953
0.0
0.01580667495727539
0.016983509063720703
0.005259513854980469
0.008692264556884766
0.018947362899780273
0.0049359798431396484
0.017026901245117188
0.010966062545776367
0.008686065673828125
0.013088226318359375
0.002639293670654297
0.01986074447631836
0.01065683364868164
0.0010046958923339844
0.02026987075805664
0.0
0.015951871871948242
0.01563572883605957
0.011093378067016602
0.012639760971069336
0.010656356811523438
0.005913257598876953
0.013983011245727539
0.013767480850219727
0.005664825439453125
0.01675128936767578
0.010631084442138672
0.008730649948120117
0.013361930847167969
0.002434253692626953
0.01572561264038086
0.010338306427001953
0.015751361846923828
0.009972333908081055
0.0
0.015538692474365234
0.015915632247924805
0.0052683353424072266
0.01242828369140625
0.01378321647644043
0.014932394027709961
0.0010051727294921875
0.020787954330444336
0.006923198699951172
0.0
0.026035070419311523
0.011312246322631836
0.0027468204498291016
0.010357379913330078
0.016092300415039062
0.008635520935058594
0.008358478546142578
0.018877267837524414
0.01083993911743164
0.004560708999633789
0.016016721725463867
0.0
0.01566910743713379
0.015761375427246094
0.014836549758911133
0.0010046958923339844
0.020906686782836914
0.005745887756347656
0.01687145233154297
0.010579824447631836
0.008435487747192383
0.005378007888793945
0.010255098342895508
0.015671968460083008
0.009205818176269531
0.00649714469909668
0.021046161651611328
0.007764101028442383
0.014915704727172852
0.010725736618041992
0.0049228668212890625
0.01724720001220703
0.0
0.01386713981628418
0.01574254035949707
0.013960838317871094
0.005220174789428711
0.01697826385498047
0.010658025741577148
0.011228084564208984
0.0
0.0
0.015849590301513672
0.01567363739013672
0.0
0.02259993553161621
0.0
0.022060632705688477
0.009280204772949219
0.0048694610595703125
0.010808944702148438
0.01576709747314453
0.0
0.0157163143157959
0.021593093872070312
0.006021022796630859
0.015790700912475586
0.010371208190917969
0.008521556854248047
0.0
0.01568460464477539
0.0158233642578125
0.009161710739135742
0.006575345993041992
0.020596027374267578
0.0
0.01586294174194336
0.015846967697143555
0.0
0.015642642974853516
0.015744447708129883
0.006616353988647461
0.009043455123901367
0.020608901977539062
0.005263805389404297
0.017253637313842773
0.011421442031860352
0.007765531539916992
0.005750417709350586
0.009985685348510742
0.015763521194458008
0.0
0.015654563903808594
0.020695924758911133
0.011813879013061523
0.00423121452331543
0.015782833099365234
0.0047032833099365234
0.013161659240722656
0.013922691345214844
0.0060443878173828125
0.008827447891235352
0.021908998489379883
0.004027843475341797
0.017832279205322266
0.010363340377807617
0.008765935897827148
0.0
0.019418716430664062
0.011872291564941406
0.015686750411987305
0.0
0.020872116088867188
0.0
0.014802932739257812
0.015733718872070312
0.00603175163269043
0.015642881393432617
0.0
0.015889406204223633
0.019954442977905273
0.011994361877441406
0.004129886627197266
0.018962860107421875
0.010818243026733398
0.006755352020263672
0.0
0.01601696014404297
0.01569509506225586
0.015791893005371094
0.0
0.020908355712890625
0.0
0.015609264373779297
0.013599395751953125
0.015810012817382812
0.0
0.01900315284729004
0.0
0.01978921890258789
0.01701068878173828
0.0031347274780273438
0.019011735916137695
0.010740995407104492
0.006814241409301758
0.006880283355712891
0.008896589279174805
0.016082286834716797
0.01589679718017578
0.0
0.020066261291503906
0.0
0.015685319900512695
0.01578974723815918
0.010766267776489258
0.00517582893371582
0.017181873321533203
0.0
0.015682458877563477
0.021123170852661133
0.0028641223907470703
0.019206762313842773
0.01086878776550293
0.006711006164550781
0.0
0.024717092514038086
0.007613658905029297
0.013249397277832031
0.0
0.019907236099243164
0.009203433990478516
0.015896081924438477
0.004654407501220703
0.011082887649536133
0.01568770408630371
0.0
0.02234625816345215
0.0
0.023152589797973633
0.002635478973388672
0.017943143844604492
0.01168203353881836
0.0067021846771240234
0.0
0.0
0.0157468318939209
0.0161283016204834
0.0
0.020031213760375977
0.0029985904693603516
0.005814075469970703
0.013063192367553711
0.009721040725708008
0.010384798049926758
0.007562875747680664
0.015027284622192383
0.005945444107055664
0.009719371795654297
0.015790700912475586
0.008265256881713867
0.01694345474243164
0.005951881408691406
0.006888866424560547
0.014344215393066406
0.006325244903564453
0.014481782913208008
0.007263898849487305
0.013607025146484375
0.015665769577026367
0.005830526351928711
0.013688325881958008
0.013586759567260742
0.011160612106323242
0.009900093078613281
0.006730556488037109
0.014279365539550781
0.013877630233764648
0.010711908340454102
0.012378692626953125
0.010712385177612305
0.007681369781494141
0.014585018157958984
0.006738185882568359
0.013835430145263672
0.0066373348236083984
0.013898134231567383
0.015003681182861328
0.01045989990234375
0.00970005989074707
0.01361083984375
0.008031129837036133
0.0140380859375
0.0062181949615478516
0.013499259948730469
0.014360666275024414
0.010750055313110352
0.011779069900512695
0.005948066711425781
0.012869119644165039
0.014385461807250977
0.006529092788696289
0.014254093170166016
0.007035255432128906
0.016891002655029297
0.010869264602661133
0.011950016021728516
0.009084463119506836
0.0068359375
0.013936042785644531
0.014643669128417969
0.006403684616088867
0.013750314712524414
0.007079124450683594
0.01685786247253418
0.011229991912841797
0.00645136833190918
0.0068128108978271484
0.015705585479736328
0.01244807243347168
0.013964176177978516
0.011935949325561523
0.008642911911010742
0.014317989349365234
0.0070230960845947266
0.014205455780029297
0.006247043609619141
0.014317512512207031
0.01349639892578125
0.007347583770751953
0.013536453247070312
0.012176752090454102