0.0
0.0
0.005166292190551758
0.0
0.0
0.0
0.0
0.0
0.007697105407714844
0.0010035037994384766
0.001003265380859375
0.0005843639373779297
0.0
0.004050731658935547
0.0015065670013427734
0.0
0.0
0.0
0.004777669906616211
0.0
0.0
0.0
0.0
0.0
0.007060050964355469
0.0
0.0
0.0
0.0
0.0
0.0072479248046875
0.0010142326354980469
0.001064300537109375
0.0
0.0
0.0045893192291259766
0.0010187625885009766
0.001003265380859375
0.0
0.0
0.005328178405761719
0.0015003681182861328
0.0
0.0
0.0
0.0
0.006104230880737305
0.0009245872497558594
0.0
0.0
0.004562854766845703
0.0010814666748046875
0.0010025501251220703
0.0
0.0
0.0
0.004932880401611328
0.00034117698669433594
0.0
0.0
0.0
0.0
0.0
0.0069081783294677734
0.0
0.0
0.0
0.0
0.0066449642181396484
0.0
0.0
0.0
0.0
0.0
0.006977081298828125
0.0
0.0
0.0
0.0
0.0
0.0075740814208984375
0.0021009445190429688
0.0
0.0
0.0
0.0
0.005616903305053711
0.0005943775177001953
0.0
0.0
0.0
0.004999876022338867
0.0010204315185546875
0.0010745525360107422
0.001451253890991211
0.0
0.0
0.0
0.00400090217590332
0.0
0.0
0.0
0.0
0.0
0.007727861404418945
0.000843048095703125
0.0
0.0
0.0
0.00542759895324707
0.001580953598022461
0.0
0.0
0.0
0.0
0.0051403045654296875
0.0
0.0
0.0
0.0
0.0
0.007948875427246094
0.0007300376892089844
0.0
0.0
0.0
0.004850625991821289
0.0
0.0
0.0
0.0
0.0
0.0
0.0
0.0
0.0
0.0
0.0
0.0
0.007569789886474609
0.0
0.0
0.0
0.0
0.006628513336181641
0.0
0.0
0.0
0.0
0.0
0.006661653518676758
0.0
0.0
0.0
0.0
0.0
0.007264137268066406
0.0
0.0
0.0
0.0
0.0
0.006958484649658203
0.0
0.0
0.0
0.0
0.006712913513183594
0.0
0.0
0.0
0.0069577693939208984
0.002002716064453125
0.0011365413665771484
0.002000093460083008
0.001811981201171875
0.0024809837341308594
0.0012059211730957031
0.002033233642578125
0.0019948482513427734
0.002000093460083008
0.0009996891021728516
0.00099945068359375
0.002000093460083008
0.0009996891021728516
0.0009999275207519531
0.0009999275207519531
0.0010001659393310547
0.0009996891021728516
0.0010001659393310547
0.0009999275207519531
0.0009999275207519531
0.0009999275207519531
0.0010001659393310547
0.0009999275207519531
0.0010004043579101562
0.00099945068359375
0.0020008087158203125
0.00099945068359375
0.0010001659393310547
0.0009074211120605469
0.0012793540954589844
0.0010030269622802734
0.0008778572082519531
0.0
0.0
0.0
0.0
0.0
0.0069849491119384766
0.0
0.0
0.0
0.0
0.0
0.0069427490234375
0.0010535717010498047
0.0
0.00121307373046875
0.0
0.0
0.0
0.004711151123046875
0.0
0.0
0.0
0.0
0.0
0.00696253776550293
0.0
0.0
0.0
0.0
0.0
0.0
0.006936311721801758
0.0
0.0
0.0
0.0
0.0
0.00697779655456543
0.0
0.0
0.0
0.0
0.0
0.0070343017578125
0.0
0.0
0.0
0.0
0.0
0.006882429122924805
0.0
0.0
0.0
0.0
0.0
0.0
0.007076740264892578
0.0
0.0
0.0
0.0
0.0
0.006861209869384766
0.0
0.0
0.0
0.0
0.007261514663696289
0.0
0.0
0.0
0.0
0.0
0.0
0.0072536468505859375
0.0
0.0
0.0
0.0
0.006402254104614258
0.0
0.0
0.0
0.0
0.0
0.0
0.006978273391723633
0.0
0.0
0.0
0.0
0.007215738296508789
0.0
0.0
0.0
0.0
0.0
0.006712436676025391
0.0
0.0
0.0
0.0
0.0
0.006943702697753906
0.00044345855712890625
0.0
0.0
0.0
0.0
0.0069806575775146484
0.0
0.0
0.0
0.0
0.0
0.006812334060668945
0.0
0.0
0.0
0.0
0.0
0.006970643997192383
0.0
0.0
0.0
0.0
0.0
0.0073566436767578125
0.0
0.0
0.0
0.0
0.0
0.006612300872802734
0.0
0.0
0.0
0.0
0.006937265396118164
0.0
0.0
0.0
0.0
0.007221221923828125
0.0
0.0
0.0
0.0
0.0
0.006712198257446289
0.0
0.0
0.0
0.0
0.0
0.0
0.007217884063720703
0.0
0.0
0.0
0.0
0.0066487789154052734
0.0012407302856445312
0.0005047321319580078
0.0
0.0
0.0
0.005358219146728516
0.0010457038879394531
0.0
0.0
0.0
0.0
0.005526542663574219
0.0015690326690673828
0.0
0.0
0.0
0.0
0.0053865909576416016
0.0015320777893066406
0.0
0.0
0.0
0.0
0.0
0.006077766418457031
0.0020296573638916016
0.00036025047302246094
0.0
0.0
0.0042836666107177734
0.0010128021240234375
0.0
0.0
0.0
0.005983114242553711
0.0010576248168945312
0.0007607936859130859
0.0
0.0
0.0
0.006338357925415039
0.002576112747192383
0.0004723072052001953
0.0033686161041259766
0.0012700557708740234
0.0020089149475097656
0.0010213851928710938
0.0010066032409667969
0.002282857894897461
0.0010073184967041016
0.001007080078125
0.0010051727294921875
0.001004934310913086
0.001369476318359375
0.0024907588958740234
0.0011496543884277344
0.001005411148071289
0.0010035037994384766
0.0013685226440429688
0.0010001659393310547
0.002331972122192383
0.001004934310913086
0.001007080078125
0.0014531612396240234
0.001001596450805664
0.0010046958923339844
0.0010035037994384766
0.0010061264038085938
0.0010061264038085938
0.0010218620300292969
0.0010707378387451172
0.0010037422180175781
0.0009996891021728516
0.0010116100311279297
0.0010039806365966797
0.0010039806365966797
0.001009225845336914
0.002127408981323242
0.0010273456573486328
0.002009868621826172
0.0009133815765380859
0.001909017562866211
0.001079559326171875
0.001004934310913086
0.0013141632080078125
0.0010499954223632812
0.0013282299041748047
0.002015352249145508
0.0010063648223876953
0.0010051727294921875
0.001004934310913086
0.0013346672058105469
0.0010159015655517578
0.002288818359375
0.0010335445404052734
0.0010046958923339844
0.0013737678527832031
0.0020804405212402344
0.001058816909790039
0.0006289482116699219
0.003287076950073242
0.0020487308502197266
0.006675004959106445
0.0019991397857666016
0.0023679733276367188
0.0013966560363769531
0.002053499221801758
0.0020258426666259766
0.0024499893188476562
0.0023958683013916016
0.002092123031616211
0.0018072128295898438
0.0020215511322021484
0.0019998550415039062
0.0010538101196289062
0.002683401107788086
0.002349853515625
0.0010035037994384766
0.0021238327026367188
0.0017774105072021484
0.0013990402221679688
0.0010042190551757812
0.001003265380859375
0.0010097026824951172
0.0015964508056640625
0.0010254383087158203
0.0020406246185302734
0.0
0.0
0.001245737075805664
0.0010104179382324219
0.0010035037994384766
0.0010042190551757812
0.0010042190551757812
0.0013566017150878906
0.0010075569152832031
0.001628875732421875
0.0014934539794921875
0.0010042190551757812
0.001318216323852539
0.0021271705627441406
0.0020360946655273438
0.0010628700256347656
0.002113819122314453
0.0016872882843017578
0.001013040542602539
0.0017926692962646484
0.0
0.0
0.0
0.004461050033569336
0.0010323524475097656
0.0010042190551757812
0.0010035037994384766
0.0010042190551757812
0.0010035037994384766
0.0006380081176757812
0.0010104179382324219
0.001004934310913086
0.0010058879852294922
0.0010061264038085938
0.002014636993408203
0.0010986328125
0.002409219741821289
0.0010001659393310547
0.00099945068359375
0.001379251480102539
0.002020120620727539
0.0014884471893310547
0.0014374256134033203
0.001005411148071289
0.0020003318786621094
0.0020830631256103516
0.0009999275207519531
0.0009999275207519531
0.0009999275207519531
0.001420736312866211
0.0010061264038085938
0.0010037422180175781
0.001003265380859375
0.0010046958923339844
0.0010080337524414062
0.0010056495666503906
0.002166271209716797
0.0010056495666503906
0.002012014389038086
0.001033782958984375
0.002126455307006836
0.001005411148071289
0.0020093917846679688
0.0010061264038085938
0.0010213851928710938
0.002081632614135742
0.0020096302032470703
0.0005888938903808594
0.0010650157928466797
0.001005411148071289
0.0014748573303222656
0.0
0.0014846324920654297
0.0011565685272216797
0.0010058879852294922
0.0012373924255371094
0.001392364501953125
0.0010485649108886719
0.00106048583984375
0.0010788440704345703
0.0010561943054199219
0.0011065006256103516
0.0010023117065429688
0.0011589527130126953
0.0011463165283203125
0.0010657310485839844
0.0010612010955810547
0.0012302398681640625
0.0010077953338623047
0.001233816146850586
0.0010519027709960938
0.0010685920715332031
0.0017211437225341797
0.0008931159973144531
0.0010364055633544922
0.001003265380859375
0.0012524127960205078
0.0020089149475097656
0.0016753673553466797
0.0010154247283935547
0.0020084381103515625
0.001005411148071289
0.0010058879852294922
0.0010061264038085938
0.0010046958923339844
0.001005411148071289
0.0010051727294921875
0.0020122528076171875
0.0010080337524414062
0.002051830291748047
0.0010042190551757812
0.0010173320770263672
0.0011553764343261719
0.0010061264038085938
0.0006823539733886719
0.0020155906677246094
0.0005223751068115234
0.0
0.0
0.004381418228149414
0.0010149478912353516
0.0010039806365966797
0.002007722854614258
0.0010056495666503906
0.0018467903137207031
0.001010894775390625
0.002048492431640625
0.0010051727294921875
0.001111745834350586
0.0020110607147216797
0.0010044574737548828
0.0010056495666503906
0.0010056495666503906
0.001285552978515625
0.0020291805267333984
0.0010099411010742188
0.0
0.0
0.0
0.0
0.006571769714355469
0.001005411148071289
0.0010051727294921875
0.0010042190551757812
0.0012252330780029297
0.0010046958923339844
0.0010039806365966797
0.0010039806365966797
0.0022487640380859375
0.0013976097106933594
0.0017840862274169922
0.000797271728515625
0.0
0.0
0.004944562911987305
0.0014538764953613281
0.0
0.0
0.0
0.005451679229736328
0.0016107559204101562
0.0
0.0
0.0
0.004719972610473633
0.0009191036224365234
0.0
0.0
0.0
0.0
0.0066912174224853516
0.0012922286987304688
0.0
0.0
0.0
0.0
0.0
0.0
0.0
0.0
0.0
0.012055397033691406
0.0006673336029052734
0.0
0.0
0.0
0.0
0.0
0.0
0.0
0.0
0.0
0.013064861297607422
0.0006339550018310547
0.0
0.0
0.0
0.0
0.0
0.0
0.0
0.0
0.0
0.0
0.0
0.0
0.0151519775390625
0.0
0.0
0.0
0.0
0.0
0.0
0.0
0.0
0.0
0.0
0.0
0.0
0.015715837478637695
0.0
0.0
0.0
0.0
0.0
0.0
0.0
0.0
0.0
0.0
0.0
0.0
0.01604747772216797
0.0
0.0
0.0
0.0
0.0
0.0
0.0
0.0
0.0
0.0
0.0
0.0
0.01597309112548828
0.0
0.0
0.0
0.0
0.0
0.0
0.0
0.0
0.0
0.0
0.0
0.0
0.0
0.01612377166748047
0.0
0.0
0.0
0.0
0.0
0.0
0.0
0.0
0.0
0.0
0.0
0.0
0.015817642211914062
0.0
0.0
0.0
0.0
0.0
0.0
0.0
0.0
0.0
0.0
0.0
0.0
0.0
0.016080617904663086
0.0
0.0
0.0
0.0
0.0
0.0
0.0
0.0
0.0
0.0
0.0
0.0
0.015889883041381836
0.0
0.0
0.0
0.004591703414916992
0.0011396408081054688
0.0019135475158691406
0.0
0.0
0.004638195037841797
0.0005745887756347656
0.0
0.0
0.0
0.0
0.0
0.0
0.0
0.0
0.0
0.0
0.0
0.014785289764404297
0.0
0.0
0.0
0.0
0.0
0.0
0.0
0.0
0.011777400970458984
0.0
0.0
0.0
0.0
0.006642818450927734
0.0009181499481201172
0.0007221698760986328
0.0010592937469482422
0.001836538314819336
0.0
0.0
0.0
0.0
0.0
0.0
0.0
0.0
0.0
0.0
0.015139341354370117
0.0013666152954101562
0.0014715194702148438
0.0014526844024658203
0.0012125968933105469
0.0010046958923339844
0.002132415771484375
0.0012090206146240234
0.0
0.0
0.0
0.005144357681274414
0.0
0.0
0.0
0.0
0.0071446895599365234
0.0013153553009033203
0.0010044574737548828
0.0017018318176269531
0.0
0.0
0.0
0.0
0.0
0.0
0.0
0.0
0.0
0.0
0.0
0.014969825744628906
0.0
0.0
0.0
0.0
0.0
0.00785064697265625
0.0010106563568115234
0.0018377304077148438
0.0011031627655029297
0.0010051727294921875
0.000934600830078125
0.0
0.0
0.0
0.0
0.0
0.0
0.0
0.0
0.0
0.0
0.0
0.015020132064819336
0.0
0.0
0.0
0.0
0.0
0.0
0.0
0.0
0.0
0.0
0.0
0.016082286834716797
0.0
0.0
0.0
0.0
0.0
0.0
0.0
0.0
0.0
0.0
0.0
0.0
0.016088008880615234
0.0
0.002668142318725586
0.001010894775390625
0.0018498897552490234
0.0010106563568115234
0.0006306171417236328
0.0
0.0
0.0
0.0
0.0
0.0
0.0
0.0
0.0
0.0
0.0
0.015193700790405273
0.0020418167114257812
0.0
0.0
0.0
0.0
0.0
0.0
0.0
0.0
0.0
0.0
0.0
0.0
0.0
0.015998125076293945
0.0
0.0
0.0
0.0
0.0
0.0
0.0
0.0
0.0
0.0
0.0
0.0
0.015799522399902344
0.0
0.0
0.0
0.0
0.0
0.0
0.0
0.0
0.0
0.0
0.0
0.015001058578491211
0.0
0.0
0.0
0.0
0.0
0.0
0.0
0.0
0.0
0.0
0.01395416259765625
0.0
0.0
0.0
0.0
0.0
0.0
0.0
0.0