0.007604837417602539
0.003819704055786133
0.003200054168701172
0.0037856101989746094
0.0013475418090820312
0.006666421890258789
0.003006458282470703
0.003988981246948242
0.004311084747314453
0.0025823116302490234
0.0
0.007019758224487305
0.004871845245361328
0.004273653030395508
0.003695964813232422
0.003348112106323242
0.004701137542724609
0.003359556198120117
0.0035643577575683594
0.0030159950256347656
0.0030841827392578125
0.0
0.009244918823242188
0.0035707950592041016
0.00127410888671875
0.00668787956237793
0.003622770309448242
0.004404306411743164
0.0032525062561035156
0.004460811614990234
0.004019498825073242
0.001104593276977539
0.005980730056762695
0.004052877426147461
0.0028667449951171875
0.0034847259521484375
0.004380941390991211
0.0038590431213378906
0.004448652267456055
0.003339052200317383
0.0029993057250976562
0.0
0.009619712829589844
0.0036962032318115234
0.0030341148376464844
0.003941535949707031
0.0025174617767333984
0.005533695220947266
0.0030002593994140625
0.0026807785034179688
0.0
0.0065958499908447266
0.006602287292480469
0.003173351287841797
0.0036935806274414062
0.003138303756713867
0.003006458282470703
0.003531932830810547
0.004992485046386719
0.0030448436737060547
0.004306316375732422
0.0030150413513183594
0.0025589466094970703
0.0025854110717773438
0.004328489303588867
0.0034821033477783203
0.0031752586364746094
0.0032701492309570312
0.004221916198730469
0.0028748512268066406
0.0
0.006774425506591797
0.0054492950439453125
0.0014846324920654297
0.0065267086029052734
0.003186941146850586
0.003352642059326172
0.003918886184692383
0.002969026565551758
0.004761695861816406
0.0022237300872802734
0.005265474319458008
0.001636505126953125
0.006468296051025391
0.0005338191986083984
0.006991386413574219
0.0034568309783935547
0.0040400028228759766
0.0031690597534179688
0.003346681594848633
0.002686023712158203
0.002174854278564453
0.00635838508605957
0.0004444122314453125
0.006516218185424805
0.003310680389404297
0.004182577133178711
0.0035827159881591797
0.0033888816833496094
0.0
0.007231950759887695
0.0
0.006867170333862305
0.006317138671875
0.00052642822265625
0.00684046745300293
0.003284454345703125
0.0038204193115234375
0.0
0.007383823394775391
0.00452876091003418
0.004837751388549805
0.003537893295288086
0.004165172576904297
0.0033392906188964844
0.00423121452331543
0.002851247787475586
0.0
0.006989955902099609
0.0050508975982666016
0.001844644546508789
0.0065500736236572266
0.0003867149353027344
0.006941318511962891
0.003289937973022461
0.003676176071166992
0.0037212371826171875
0.003153085708618164
0.004465818405151367
0.002700328826904297
0.005156755447387695
0.0015835762023925781
0.006524324417114258
0.0006172657012939453
0.006819009780883789
0.0026407241821289062
0.004277467727661133
0.0
0.007105112075805664
0.0
0.00866556167602539
0.0030336380004882812
0.0024607181549072266
0.006624460220336914
0.003093242645263672
0.004003763198852539
0.004099369049072266
0.002882719039916992
0.0
0.006891965866088867
0.005379199981689453
0.0016169548034667969
0.0069425106048583984
0.0
0.00716400146484375
0.0
0.006771087646484375
0.0
0.007230281829833984
0.0047147274017333984
0.001994609832763672
0.006476879119873047
0.0006661415100097656
0.006751060485839844
0.0028352737426757812
0.004606723785400391
0.004020214080810547
0.002549886703491211
0.004965543746948242
0.001986980438232422
0.006420612335205078
0.002657651901245117
0.004705905914306641
0.0
0.007150173187255859
0.0038063526153564453
0.003123760223388672
0.004496574401855469
0.002449512481689453
0.0
0.006951570510864258
0.006386280059814453
0.002798795700073242
0.004695415496826172
0.0033714771270751953
0.0038166046142578125
0.004004001617431641
0.003017902374267578
0.0
0.00675201416015625
0.0
0.007355928421020508
0.006121397018432617
0.0007300376892089844
0.0058858394622802734
0.004388570785522461
0.0034499168395996094
0.004090547561645508
0.002701997756958008
0.004744291305541992
0.0021665096282958984
0.005518436431884766
0.0027534961700439453
0.0039751529693603516
0.0025594234466552734
0.004332542419433594
0.003878355026245117
0.002938508987426758
0.004908084869384766
0.0022046566009521484
0.0
0.006994962692260742
0.0055692195892333984
0.0005283355712890625
0.006910085678100586
0.0038449764251708984
0.005146503448486328
0.00031566619873046875
0.007208108901977539
0.0030045509338378906
0.0018858909606933594
0.006015777587890625
0.004004955291748047
0.003916025161743164
0.003259420394897461
0.0036783218383789062
0.004042148590087891
0.002830982208251953
0.004747629165649414
0.0022733211517333984
0.006006717681884766
0.003165721893310547
0.004835605621337891
0.0007922649383544922
0.00820016860961914
0.0022077560424804688
0.003432035446166992
0.004445075988769531
0.0013661384582519531
0.006593942642211914
0.003470897674560547
0.003484964370727539
0.004932403564453125
0.002621889114379883
0.00534367561340332
0.002982616424560547
0.004466056823730469
0.0015077590942382812
0.005427122116088867
0.004500627517700195
0.002518892288208008
0.006499052047729492
0.003004312515258789
0.0042765140533447266
0.0034589767456054688
0.0033321380615234375
0.0044782161712646484
0.002847909927368164
0.005425691604614258
0.0032777786254882812
0.003751039505004883
0.0010004043579101562
0.007022380828857422
0.004966259002685547
0.003939151763916016
0.003009319305419922
0.003070354461669922
0.004232645034790039
0.0033664703369140625
0.003243684768676758
0.004518985748291016
0.0034635066986083984
0.003007650375366211
0.0031337738037109375
0.003361940383911133
0.004088878631591797
0.0028307437896728516
0.0048236846923828125
0.0010097026824951172
0.0056781768798828125
0.0012578964233398438
0.006887197494506836
0.0
0.0070531368255615234
0.0041904449462890625
0.0037369728088378906
0.0035445690155029297
0.00244140625
0.005682468414306641
0.0
0.006981372833251953
0.003597736358642578
0.004462242126464844
0.0030105113983154297
0.0028066635131835938
0.0
0.009632110595703125
0.003028392791748047
0.004671573638916016
0.0037543773651123047
0.0035390853881835938
0.004393100738525391
0.0031135082244873047
0.0038983821868896484
0.004021883010864258
0.0019826889038085938
0.0
0.0071108341217041016
0.006068706512451172
0.003042459487915039
0.00440526008605957
0.0035309791564941406
0.0034575462341308594
0.004110574722290039
0.0028629302978515625
0.0
0.0068624019622802734
0.005385160446166992
0.0017554759979248047
0.006201982498168945
0.0
0.006788969039916992
0.0013759136199951172
0.005722522735595703
0.0033104419708251953
0.0038611888885498047
0.0
0.008903741836547852
0.00421595573425293
0.001016378402709961
0.006516218185424805
0.001020669937133789
0.006298065185546875
0.0031294822692871094
0.004087686538696289
0.0
0.003747224807739258
0.004009723663330078
0.0023415088653564453
0.005924224853515625
0.0010058879852294922
0.005916118621826172
0.0010094642639160156
0.0062673091888427734
0.0032181739807128906
0.004363536834716797
0.003976106643676758
0.003082275390625
0.004877567291259766
0.002196788787841797
0.004750251770019531
0.0033347606658935547
0.004277706146240234
0.0030803680419921875
0.004487752914428711
0.0033614635467529297
0.004457950592041016
0.003990650177001953
0.003947019577026367
0.0045583248138427734
0.003283977508544922
0.0032689571380615234
0.00485539436340332
0.0022809505462646484
0.005863666534423828
0.004420280456542969
0.0038886070251464844
0.004332304000854492
0.004368782043457031
0.0040111541748046875
0.00318145751953125
0.004450082778930664
0.0010089874267578125
0.006135702133178711
0.0036695003509521484
0.004461050033569336
0.0030298233032226562
0.0034716129302978516
0.003729104995727539
0.00423431396484375
0.00394892692565918
0.002495288848876953
0.005827665328979492
0.0010094642639160156
0.0066411495208740234
0.0
0.00719904899597168
0.0
0.003099203109741211
0.004953861236572266
0.002059459686279297
0.004879951477050781
0.0020492076873779297
0.006024837493896484
0.0010075569152832031
0.005833864212036133
0.0036406517028808594
0.0044629573822021484
0.003864288330078125
0.003078460693359375
0.004861116409301758
0.002120494842529297
0.0048143863677978516
0.002171039581298828
0.005991935729980469
0.0031404495239257812
0.004583597183227539
0.0027816295623779297
0.00422358512878418
0.003884553909301758
0.0023131370544433594
0.00565338134765625
0.0023262500762939453
0.00562286376953125
0.00119781494140625
0.005781650543212891
0.0032968521118164062
0.004802703857421875
0.0
0.00690007209777832
0.003999471664428711
0.00325775146484375
0.004652738571166992
0.002145051956176758
0.005239009857177734
0.0020360946655273438
0.005650997161865234
0.0010068416595458984
0.006196498870849609
0.0
0.006998538970947266
0.0040187835693359375
0.0022411346435546875
0.005658388137817383
0.0020046234130859375
0.005000114440917969
0.0020592212677001953
0.006083011627197266
0.0010080337524414062
0.0066950321197509766
0.0
0.007025480270385742
0.0040318965911865234
0.003404378890991211
0.0035033226013183594
0.0030052661895751953
0.0048828125
0.002004384994506836
0.0062525272369384766
0.0010077953338623047
0.006690025329589844
0.0
0.007018089294433594
0.003216981887817383
0.00433802604675293
0.0042798519134521484
0.004009246826171875
0.004335641860961914
0.003012418746948242
0.003568410873413086
0.0
0.0045735836029052734
0.004585742950439453
0.003148317337036133
0.0039055347442626953
0.004010915756225586
0.0034236907958984375
0.003969430923461914
0.004275798797607422
0.003938198089599609
0.0020356178283691406
0.006029844284057617
0.003296375274658203
0.004019021987915039
0.0032546520233154297
0.0044062137603759766
0.0034813880920410156
0.0035135746002197266
0.004703044891357422
0.002021312713623047
0.006040334701538086
0.0034885406494140625
0.00372314453125
0.004012346267700195
0.003480195999145508
0.0051364898681640625
0.0035581588745117188
0.003416776657104492
0.0015590190887451172
0.005445718765258789
0.0032672882080078125
0.004541635513305664
0.0032134056091308594
0.004029273986816406
0.003309011459350586
0.004044532775878906
0.0037980079650878906
0.003053426742553711
0.00392460823059082
0.0032973289489746094
0.0021758079528808594
0.0
0.009204626083374023
0.0033986568450927734
0.004572153091430664
0.004922151565551758
0.001003265380859375
0.0060040950775146484
0.0032629966735839844
0.0046384334564208984
0.003987789154052734
0.0037937164306640625
0.0030066967010498047
0.004248619079589844
0.0048847198486328125
0.0033409595489501953
0.004490852355957031
0.0027136802673339844
0.00431060791015625
0.003985881805419922
0.0030159950256347656
0.00395655632019043
0.003147602081298828
0.0048139095306396484
0.0020041465759277344
0.0060503482818603516
0.003330230712890625
0.004660606384277344
0.002727508544921875
0.004187345504760742
0.0038909912109375
0.003068208694458008
0.004899740219116211
0.003122091293334961
0.004888296127319336
0.003214597702026367
0.004731655120849609
0.0
0.0074269771575927734
0.0035486221313476562
0.0033752918243408203
0.004561424255371094
0.0012285709381103516
0.006761074066162109
0.0010838508605957031
0.0059108734130859375
0.0010595321655273438
0.006695270538330078
0.004220008850097656
0.0022389888763427734
0.005603313446044922
0.0020296573638916016
0.006062746047973633
0.0010187625885009766
0.005833864212036133
0.0025920867919921875
0.0043489933013916016
0.0039882659912109375
0.003160238265991211
0.004975318908691406
0.0020465850830078125
0.0047566890716552734
0.002305269241333008
0.0056209564208984375
0.0033485889434814453
0.0046079158782958984
0.0004837512969970703
0.002359151840209961
0.0055942535400390625
0.002196788787841797
0.00577235221862793
0.0015819072723388672
0.005419254302978516
0.003070831298828125
0.004789829254150391
0.0
0.00706934928894043
0.002995729446411133
0.003018617630004883
0.004982948303222656
0.002167940139770508
0.005028963088989258
0.00222015380859375
0.0053899288177490234
0.0010123252868652344
0.0061016082763671875
0.0010082721710205078
0.006081342697143555
0.0028715133666992188
0.0038683414459228516
0.0048558712005615234
0.0030090808868408203
0.005217075347900391
0.0034012794494628906
0.003412485122680664
0.0010006427764892578
0.006966114044189453
0.0
0.003286600112915039
0.004601001739501953
0.002147197723388672
0.005753993988037109
0.0012140274047851562
0.006055593490600586
0.0010089874267578125
0.006714582443237305
0.002899646759033203
0.00416111946105957
0.0035424232482910156
0.0033349990844726562
0.004938840866088867
0.002050638198852539
0.005082845687866211
0.0010020732879638672
0.005908489227294922
0.0010328292846679688
0.006108999252319336
0.0033483505249023438
0.004483222961425781
0.0038688182830810547
0.002190113067626953
0.0057964324951171875
0.0023293495178222656
0.004974842071533203
0.002004861831665039
0.005529165267944336
0.001009225845336914
0.00609278678894043
0.0035147666931152344
0.004384279251098633
0.0
0.003309965133666992
0.004689693450927734
0.002010345458984375
0.004975080490112305
0.002251863479614258
0.0056726932525634766
0.0013704299926757812
0.005736351013183594
0.0033316612243652344
0.004531145095825195
0.003898143768310547
0.00425410270690918
0.00311279296875
0.004356861114501953
0.003709077835083008
0.003598928451538086
0.0038919448852539062
0.001920938491821289
0.006114959716796875
0.0033164024353027344
0.0013990402221679688
0.0066318511962890625
0.0
0.007084369659423828
0.0
0.006837606430053711
0.004326581954956055
0.0026786327362060547
0.0
0.007052183151245117
0.005133867263793945
0.0019659996032714844
0.006184577941894531
0.0009636878967285156
0.006680011749267578
0.0
0.00690770149230957
0.0
0.007094383239746094
0.0
0.0069065093994140625
0.005210399627685547
0.004700183868408203
0.0035200119018554688
0.0030367374420166016
0.0043103694915771484
0.0033600330352783203
0.003628969192504883
0.0
0.006995439529418945
0.0
0.007091045379638672
0.0062139034271240234
0.003075122833251953
0.0044476985931396484
0.0033631324768066406
0.0034329891204833984
0.004354000091552734
0.002734661102294922
0.00484776496887207
0.002100706100463867
0.005544424057006836
0.0004477500915527344
0.007017374038696289
0.0029764175415039062
0.0039899349212646484
0.0
0.00835108757019043
0.003687143325805664
0.004467010498046875
0.0040438175201416016
0.002704143524169922
0.00467991828918457
0.0032501220703125
0.003712892532348633
0.004235744476318359
0.003063201904296875
0.004391670227050781
0.002138853073120117
0.0
0.0005340576171875
0.006963491439819336
0.0
0.007050514221191406
0.0
0.006958723068237305
0.004368305206298828
0.0026161670684814453
0.0
0.006928443908691406
0.0063707828521728516
0.0010149478912353516
0.006629228591918945
0.003401517868041992
0.0035173892974853516
0.004179954528808594
0.004531145095825195
0.0026357173919677734
0.0026085376739501953
0.006335020065307617
0.0005834102630615234
0.0068683624267578125
0.0032682418823242188
0.003748655319213867
0.0
0.006981372833251953
0.004514455795288086
0.0025229454040527344
0.0
0.007306575775146484
0.0
0.0010197162628173828
0.005889415740966797
0.0009706020355224609
0.0072174072265625
0.0
0.006735563278198242
0.0
0.008353233337402344
0.004298686981201172
0.0013010501861572266
0.006559610366821289
0.002909421920776367
0.005630016326904297
0.003030061721801758
0.0024590492248535156
0.0049784183502197266
0.0017118453979492188
0.005527496337890625
0.0036056041717529297
0.0047953128814697266
0.0029249191284179688
0.004118204116821289
0.0037560462951660156
0.003134012222290039
0.0048139095306396484
0.002580404281616211
0.0048563480377197266
0.0017900466918945312
0.006463289260864258
0.0005462169647216797
0.006865262985229492
0.003240823745727539
0.0037496089935302734
0.00428462028503418
0.0026972293853759766
0.004723548889160156
0.0022382736206054688
0.005480289459228516
0.0014579296112060547
0.00616145133972168
0.0037288665771484375
0.004107236862182617
0.0
0.006937980651855469
0.003784656524658203
0.0032989978790283203
0.004546403884887695
0.0022554397583007812
0.005187511444091797
0.0037987232208251953
0.00443720817565918
0.0005197525024414062
0.006150484085083008
0.0
0.00681304931640625
0.0036215782165527344
0.003404855728149414
0.0042035579681396484
0.0027174949645996094
0.004975557327270508
0.0020046234130859375
0.0054090023040771484
0.0016565322875976562
0.007009029388427734
0.0027925968170166016
0.004405021667480469
0.0028581619262695312
0.005364894866943359
0.003016948699951172
0.00286865234375
0.00466465950012207
0.003816366195678711
0.004526853561401367
0.00048828125
0.006816387176513672
0.0031604766845703125
0.003879547119140625
0.003599882125854492
0.0032820701599121094
0.004127025604248047
0.0028600692749023438
0.004990577697753906
0.0024106502532958984
0.00509190559387207
0.0014243125915527344
0.00648951530456543
0.002740621566772461
0.0042705535888671875
0.003464221954345703
0.003469228744506836
0.004347324371337891
0.002742767333984375
0.00481724739074707
0.0019385814666748047
0.00653839111328125
0.0034666061401367188
0.004038333892822266
0.0026657581329345703
0.004519224166870117
0.0034754276275634766
0.003225088119506836
0.004351377487182617
0.0029921531677246094
0.0048410892486572266
0.001760721206665039
0.006415367126464844
0.0005755424499511719
0.006958723068237305
0.003486156463623047
0.0034210681915283203
0.004151582717895508
0.002912282943725586
0.00489354133605957
0.0020711421966552734
0.0
0.007405996322631836
0.005864858627319336
0.0011148452758789062
0.006834983825683594
0.0
0.008156538009643555
0.0013668537139892578
0.006603240966796875
0.0030214786529541016
0.0013988018035888672
0.0064351558685302734
0.003416776657104492
0.004492998123168945
0.0
0.007055997848510742
0.0061206817626953125
0.0005152225494384766
0.0067234039306640625
0.0
0.007048130035400391
0.0
0.006958723068237305
0.0
0.007390499114990234
0.0
0.006618499755859375
0.0
0.0067996978759765625
0.006965160369873047
0.0
0.006911516189575195
0.0
0.007265567779541016
0.0
0.008643627166748047
0.0025637149810791016
0.0025186538696289062
0.0
0.006824970245361328
0.0
0.007279396057128906
0.0069010257720947266
0.0026788711547851562
0.00434565544128418
0.0034279823303222656
0.0032155513763427734
0.004266977310180664
0.002688169479370117
0.0
0.007242441177368164
0.005263566970825195
0.0018095970153808594
0.0061609745025634766
0.0006272792816162109
0.00693202018737793
0.0
0.007022857666015625
0.004338502883911133
0.004843711853027344
0.0004825592041015625
0.00661015510559082
0.0031898021697998047
0.0037071704864501953
0.004581451416015625
0.0034682750701904297
0.0034313201904296875
0.0
0.007133007049560547
0.0
0.007118940353393555
0.005051136016845703
0.0016336441040039062
0.00618433952331543
0.0010974407196044922
0.006745338439941406
0.0034286975860595703
0.003396272659301758
0.0043408870697021484
0.002607583999633789
0.0051343441009521484
0.0018491744995117188
0.00649714469909668
0.0007777214050292969
0.005892753601074219
0.003460407257080078
0.0044651031494140625
0.0
0.007242679595947266
0.0031175613403320312
0.0022783279418945312
0.0
0.00699615478515625
0.0
0.0068683624267578125
0.007079601287841797
0.0033075809478759766
0.0034728050231933594
0.004245281219482422
0.002699613571166992
0.0
0.007043600082397461
0.0064203739166259766
0.0010142326354980469
0.0065190792083740234
0.0
0.006909608840942383
0.0
0.007092475891113281
0.004557371139526367
0.002470254898071289
0.00518488883972168
0.004341602325439453
0.003477334976196289
0.0042705535888671875
0.0036020278930664062
0.002797365188598633
0.00404047966003418
0.0039980411529541016
0.0031585693359375
0.0046274662017822266
0.002035856246948242
0.005320310592651367
0.0015478134155273438
0.0065708160400390625
0.002928018569946289
0.003771543502807617
0.003589153289794922
0.00419926643371582
0.0036287307739257812
0.003174304962158203
0.004404306411743164
0.002726316452026367
0.005155801773071289
0.001760721206665039
0.005464315414428711
0.002622365951538086
0.004880189895629883
0.0027322769165039062
0.0043451786041259766
0.0
0.008759021759033203
0.0026497840881347656
0.0028846263885498047