0.005273580551147461
0.005347490310668945
0.003447294235229492
0.000469207763671875
0.006712436676025391
0.004404306411743164
0.004416942596435547
0.004007101058959961
0.0005030632019042969
0.007536172866821289
0.0038330554962158203
0.004712104797363281
0.003022432327270508
0.002114534378051758
0.006222724914550781
0.0033638477325439453
0.0037109851837158203
0.004490375518798828
0.002888202667236328
0.00654911994934082
0.0035686492919921875
0.00467681884765625
0.0030019283294677734
0.0028443336486816406
0.004858732223510742
0.0050220489501953125
0.003761768341064453
0.0005781650543212891
0.006748199462890625
0.004136800765991211
0.004881858825683594
0.004003286361694336
0.0031325817108154297
0.004312992095947266
0.0031769275665283203
0.005167722702026367
0.00400543212890625
0.0037691593170166016
0.002103567123413086
0.003063678741455078
0.006918668746948242
0.0
0.007051706314086914
0.004509925842285156
0.004331111907958984
0.00468897819519043
0.0035843849182128906
0.0033423900604248047
0.0
0.008408308029174805
0.004425048828125
0.0039484500885009766
0.004441976547241211
0.003494739532470703
0.0035631656646728516
0.005177021026611328
0.004004716873168945
0.004525184631347656
0.002384185791015625
0.004734992980957031
0.0032777786254882812
0.004614353179931641
0.0033025741577148438
0.0017843246459960938
0.006944894790649414
0.0
0.006550312042236328
0.0045948028564453125
0.0028400421142578125
0.005356550216674805
0.003051280975341797
0.004160404205322266
0.0039055347442626953
0.0031938552856445312
0.004825592041015625
0.0020537376403808594
0.006556272506713867
0.0
0.006968259811401367
0.004201173782348633
0.00279998779296875
0.00669550895690918
0.004011631011962891
0.0031812191009521484
0.0038907527923583984
0.0030879974365234375
0.0
0.006986141204833984
0.006574392318725586
0.000415802001953125
0.0069065093994140625
0.004226207733154297
0.0029184818267822266
0.006498813629150391
0.0028581619262695312
0.0043451786041259766
0.003996849060058594
0.0030384063720703125
0.004951953887939453
0.002042055130004883
0.00653839111328125
0.003278017044067383
0.004096508026123047
0.0043392181396484375
0.0026328563690185547
0.0066721439361572266
0.0032341480255126953
0.004674673080444336
0.0035550594329833984
0.0025506019592285156
0.005251884460449219
0.0018868446350097656
0.006676673889160156
0.003139495849609375
0.0040624141693115234
0.00412750244140625
0.0028760433197021484
0.005113124847412109
0.004007816314697266
0.004482269287109375
0.0
0.00691986083984375
0.004807472229003906
0.0025691986083984375
0.0053942203521728516
0.0015621185302734375
0.007151603698730469
0.0033707618713378906
0.0036344528198242188
0.004549503326416016
0.002283811569213867
0.006493568420410156
0.0040972232818603516
0.0038404464721679688
0.0
0.008580207824707031
0.003126859664916992
0.005456447601318359
0.0035996437072753906
0.0
0.006695985794067383
0.00493168830871582
0.004208564758300781
0.004548311233520508
0.0
0.006907939910888672
0.0046045780181884766
0.0023148059844970703
0.005411386489868164
0.0
0.0073316097259521484
0.0038132667541503906
0.003371715545654297
0.004725456237792969
0.00415492057800293
0.004829883575439453
0.0031023025512695312
0.004479646682739258
0.003915071487426758
0.002566814422607422
0.0064465999603271484
0.002946138381958008
0.004384517669677734
0.003975629806518555
0.0030117034912109375
0.0048062801361083984
0.002074003219604492
0.006967782974243164
0.0
0.006966829299926758
0.004195451736450195
0.002832651138305664
0.0066683292388916016
0.0004031658172607422
0.00677800178527832
0.004201650619506836
0.0029058456420898438
0.0050508975982666016
0.004225730895996094
0.004359722137451172
0.0
0.007730007171630859
0.003740072250366211
0.0053102970123291016
0.00426030158996582
0.0029387474060058594
0.004054546356201172
0.0041866302490234375
0.003072500228881836
0.004834175109863281
0.0018372535705566406
0.006947994232177734
0.0
0.007098197937011719
0.004481077194213867
0.0023331642150878906
0.00703883171081543
0.0027360916137695312
0.004191398620605469
0.003948211669921875
0.003429889678955078
0.0044858455657958984
0.0020537376403808594
0.006913661956787109
0.0
0.008519887924194336
0.0017919540405273438
0.005368709564208984
0.0037927627563476562
0.0015149116516113281
0.006944179534912109
0.0032722949981689453
0.0033652782440185547
0.0048291683197021484
0.0024542808532714844
0.006742954254150391
0.0
0.007146596908569336
0.003971576690673828
0.0031766891479492188
0.004843950271606445
0.0019197463989257812
0.0070917606353759766
0.0
0.006522655487060547
0.0047681331634521484
0.002238035202026367
0.005456447601318359
0.0014057159423828125
0.007302999496459961
0.003722667694091797
0.003433704376220703
0.004610300064086914
0.004876852035522461
0.004052162170410156
0.0032618045806884766
0.003912925720214844
0.004158735275268555
0.0029783248901367188
0.005065441131591797
0.004133701324462891
0.004300832748413086
0.0034728050231933594
0.0038275718688964844
0.004352092742919922
0.0024917125701904297
0.006770610809326172
0.0
0.007231712341308594
0.0035653114318847656
0.003526449203491211
0.004477500915527344
0.002353191375732422
0.006940364837646484
0.002859830856323242
0.005537986755371094
0.0014913082122802734
0.005972146987915039
0.0033829212188720703
0.0028009414672851562
0.004235982894897461
0.004506587982177734
0.0026297569274902344
0.0
0.00038743019104003906
0.007065534591674805
0.004425764083862305
0.002315998077392578
0.004821300506591797
0.0020987987518310547
0.006900787353515625
0.0
0.006620883941650391
0.0044097900390625
0.0029001235961914062
0.005446195602416992
0.00034618377685546875
0.00672602653503418
0.004004240036010742
0.0032033920288085938
0.004769325256347656
0.002428293228149414
0.0063343048095703125
0.0040302276611328125
0.0033800601959228516
0.00406956672668457
0.002610921859741211
0.005587339401245117
0.0
0.0072324275970458984
0.0042645931243896484
0.0026841163635253906
0.0
0.00921630859375
0.0048215389251708984
0.0
0.006879568099975586
0.004426002502441406
0.0026040077209472656
0.006699323654174805
0.0
0.007257938385009766
0.004019975662231445
0.0027971267700195312
0.005368709564208984
0.004769325256347656
0.003576993942260742
0.00438380241394043
0.0021529197692871094
0.004832267761230469
0.002296924591064453
0.0066411495208740234
0.0028214454650878906
0.004093170166015625
0.00433802604675293
0.0025806427001953125
0.0053369998931884766
0.0038802623748779297
0.0047779083251953125
0.003603696823120117
0.005342245101928711
0.0028378963470458984
0.002156496047973633
0.006982564926147461
0.0
0.006602287292480469
0.004820108413696289
0.0024406909942626953
0.006685018539428711
0.0005269050598144531
0.006902933120727539
0.0036728382110595703
0.004855632781982422
0.0019257068634033203
0.003131866455078125
0.007062435150146484
0.0
0.0071141719818115234
0.0040283203125
0.0028772354125976562
0.005335569381713867
0.002822399139404297
0.004492759704589844
0.0
0.006994485855102539
0.004858732223510742
0.0021562576293945312
0.006561279296875
0.0026857852935791016
0.003951311111450195
0.004322528839111328
0.0029802322387695312
0.006596803665161133
0.002966165542602539
0.004436016082763672
0.003354787826538086
0.005272388458251953
0.0035064220428466797
0.0015494823455810547
0.0067822933197021484
0.0
0.006941080093383789
0.004094839096069336
0.0029556751251220703
0.005050182342529297
0.0014874935150146484
0.006984710693359375
0.0
0.007349491119384766
0.004318714141845703
0.0022759437561035156
0.0
0.007317304611206055
0.0070095062255859375
0.0
0.0070226192474365234
0.004599332809448242
0.0024635791778564453
0.0065402984619140625
0.0003466606140136719
0.006884574890136719
0.003763914108276367
0.004773616790771484
0.002604246139526367
0.004124641418457031
0.005186319351196289
0.0006718635559082031
0.006712913513183594
0.003945827484130859
0.002918720245361328
0.005198955535888672
0.001844644546508789
0.006856203079223633
0.0
0.007027387619018555
0.004502773284912109
0.0025000572204589844
0.006744861602783203
0.002773761749267578
0.004876375198364258
0.003350496292114258
0.0033364295959472656
0.0052356719970703125
0.0
0.007329463958740234
0.0031418800354003906
0.0056836605072021484
0.003337383270263672
0.0015151500701904297
0.0068128108978271484
0.0007257461547851562
0.006344318389892578
0.004620075225830078
0.0026273727416992188
0.005304813385009766
0.0015778541564941406
0.0067098140716552734
0.004084110260009766
0.0032548904418945312
0.0047490596771240234
0.002154111862182617
0.006579875946044922
0.0004749298095703125
0.006501436233520508
0.0
0.0075531005859375
0.0065042972564697266
0.0
0.007326364517211914
0.0037436485290527344
0.003096342086791992
0.004838705062866211
0.004810333251953125
0.003998756408691406
0.0
0.006762981414794922
0.004329681396484375
0.0024259090423583984
0.005532503128051758
0.0
0.0070383548736572266
0.003758668899536133
0.0034360885620117188
0.004598140716552734
0.002038240432739258
0.007070779800415039
0.0
0.007159709930419922
0.00405120849609375
0.0030536651611328125
0.004910469055175781
0.0019526481628417969
0.006624460220336914
0.0
0.006781578063964844
0.0019736289978027344
0.005205869674682617
0.004217624664306641
0.0034012794494628906
0.004190206527709961
0.003771066665649414
0.0031397342681884766
0.00483250617980957
0.0024046897888183594
0.00661778450012207
0.0025205612182617188
0.004320383071899414
0.004230976104736328
0.002769947052001953
0.005311727523803711
0.00033664703369140625
0.006966352462768555
0.0
0.006697893142700195
0.004756927490234375
0.002434253692626953
0.0066814422607421875
0.0003490447998046875
0.007031440734863281
0.0038847923278808594
0.003103494644165039
0.004834413528442383
0.005044221878051758
0.0036330223083496094
0.003233194351196289
0.0036923885345458984
0.0
0.007336854934692383
0.0055141448974609375
0.00038886070251464844
0.006844758987426758
0.0038361549377441406
0.0031135082244873047
0.0
0.007071256637573242
0.006523609161376953
0.0027947425842285156
0.004174470901489258
0.004097700119018555
0.0028908252716064453
0.005532503128051758
0.0004673004150390625
0.0068852901458740234
0.0
0.007203102111816406
0.00483393669128418
0.004912853240966797
0.0036041736602783203
0.0048024654388427734
0.002583742141723633
0.004862308502197266
0.0020720958709716797
0.006923198699951172
0.0
0.006651401519775391
0.004436016082763672
0.0033533573150634766
0.0
0.0063936710357666016
0.006959438323974609
0.0
0.007020473480224609
0.004356861114501953
0.0022792816162109375
0.005658626556396484
0.0030303001403808594
0.004274845123291016
0.0034761428833007812
0.0032701492309570312
0.005064487457275391
0.0022134780883789062
0.006533384323120117
0.0
0.007677793502807617
0.003533601760864258
0.002885580062866211
0.005177021026611328
0.001661062240600586
0.007100105285644531
0.003366708755493164
0.0031757354736328125
0.005120754241943359
0.0017676353454589844
0.00726008415222168
0.0027959346771240234
0.004340648651123047
0.0039234161376953125
0.0025539398193359375
0.005411386489868164
0.00188446044921875
0.0067598819732666016
0.0
0.00727391242980957
0.004761457443237305
0.0020647048950195312
0.006672859191894531
0.003713846206665039
0.0038826465606689453
0.0044252872467041016
0.0016388893127441406
0.005402565002441406
0.0003497600555419922
0.006953716278076172
0.0041561126708984375
0.0028944015502929688
0.005105018615722656
0.0017809867858886719
0.006936550140380859
0.0
0.006982564926147461
0.004467964172363281
0.0025053024291992188
0.005412578582763672
0.0004341602325439453
0.006808042526245117
0.003595590591430664
0.0031642913818359375
0.004820346832275391
0.0022966861724853516
0.006662845611572266
0.002816915512084961
0.00412440299987793
0.004156589508056641
0.004489421844482422
0.001977682113647461
0.003489255905151367
0.006703615188598633
0.003725767135620117
0.0030744075775146484
0.004861593246459961
0.0024039745330810547
0.0069158077239990234
0.0
0.006537199020385742
0.004738330841064453
0.0022525787353515625
0.005597829818725586
0.0016608238220214844
0.007063865661621094
0.0035016536712646484
0.0032117366790771484
0.0048980712890625
0.0021886825561523438
0.006705760955810547
0.0005061626434326172
0.008564472198486328
0.0019183158874511719
0.005285739898681641
0.0036792755126953125
0.0036945343017578125
0.004511833190917969
0.0
0.006941795349121094
0.004827976226806641
0.002214670181274414
0.006631374359130859
0.0
0.006532192230224609
0.004399299621582031
0.002995014190673828
0.005366325378417969
0.0004394054412841797
0.0071315765380859375
0.0
0.006951808929443359
0.0
0.006945371627807617
0.006364345550537109
0.0006096363067626953
0.0074002742767333984
0.0015687942504882812
0.00724339485168457
0.002861499786376953
0.004704475402832031
0.0034911632537841797
0.0008504390716552734
0.006751537322998047
0.0044765472412109375
0.002235889434814453
0.006578207015991211
0.0029959678649902344
0.004275798797607422
0.004216432571411133
0.0024797916412353516
0.0
0.007265329360961914
0.00711369514465332
0.0
0.006602048873901367
0.004862546920776367
0.002452373504638672
0.0
0.009651660919189453
0.004277467727661133
0.004241228103637695
0.005308389663696289
0.004273414611816406
0.0040283203125
0.002666950225830078
0.004475116729736328
0.0029032230377197266
0.0
0.006862640380859375
0.007131814956665039
0.0
0.006821870803833008
0.004485368728637695
0.0024216175079345703
0.006680965423583984
0.0
0.0068399906158447266
0.0
0.007070779800415039
0.00518035888671875
0.00421452522277832
0.004356861114501953
0.0
0.006879568099975586
0.0
0.007230520248413086
0.00664520263671875
0.0
0.0
0.0
0.008012533187866211
0.0038487911224365234
0.0019655227661132812
0.005796670913696289
0.0
0.00727534294128418
0.0
0.0074481964111328125
0.0
0.006482601165771484
0.0
0.006709575653076172
0.007264614105224609
0.0
0.0066051483154296875
0.0050029754638671875
0.002348661422729492
0.006922245025634766
0.0029282569885253906
0.003985404968261719
0.004318714141845703
0.002283811569213867
0.00690770149230957
0.0005490779876708984
0.00837564468383789
0.0014278888702392578
0.006676912307739258
0.004052877426147461
0.003071308135986328
0.004113912582397461
0.004172325134277344
0.002427339553833008
0.007143735885620117
0.0
0.007307529449462891
0.003904104232788086
0.0031957626342773438
0.0
0.009027481079101562
0.0046122074127197266
0.0037539005279541016
0.0029404163360595703
0.005155324935913086
0.0020596981048583984
0.006630897521972656
0.0032644271850585938
0.0037178993225097656
0.004743337631225586
0.002508401870727539
0.0067138671875
0.0008819103240966797
0.0069959163665771484
0.0030510425567626953
0.0029938220977783203
0.005340576171875
0.004022359848022461
0.004591464996337891
0.003658294677734375
0.0032320022583007812
0.004943370819091797
0.0023374557495117188
0.006617307662963867
0.0004718303680419922
0.0064487457275390625
0.004776716232299805
0.002683401107788086
0.006604194641113281
0.0
0.007151603698730469
0.003972053527832031
0.0030412673950195312
0.006715297698974609
0.0007174015045166016
0.006468296051025391
0.002999544143676758
0.005823612213134766
0.005017995834350586
0.0
0.007065534591674805
0.00448155403137207
0.0024929046630859375
0.0066339969635009766
0.0030517578125
0.004167079925537109
0.0
0.0066983699798583984
0.0055124759674072266
0.0003650188446044922
0.006612300872802734
0.004008769989013672
0.0030007362365722656
0.005158901214599609
0.002149820327758789
0.00693511962890625
0.0028078556060791016
0.003811359405517578
0.004824161529541016
0.0020928382873535156
0.006997823715209961
0.004323482513427734
0.0026514530181884766
0.0
0.007322072982788086
0.005457162857055664
0.0004096031188964844
0.006967306137084961
0.0037043094635009766
0.003644227981567383
0.004384040832519531
0.004280805587768555
0.004823923110961914
0.0
0.006639957427978516
0.00479578971862793
0.0023660659790039062
0.006966590881347656
0.0
0.006952524185180664
0.004352092742919922
0.0027093887329101562
0.006543159484863281
0.0
0.009015083312988281
0.0014927387237548828
0.0064928531646728516
0.004125356674194336
0.003166675567626953
0.004013776779174805
0.004441022872924805
0.0023479461669921875
0.006806612014770508
0.0
0.007165431976318359
0.004153728485107422
0.0030417442321777344
0.005037546157836914
0.0
0.007337331771850586
0.0037093162536621094
0.003809213638305664
0.004322052001953125
0.0017681121826171875
0.007205963134765625
0.0028285980224609375
0.003828763961791992
0.0047528743743896484
0.002221345901489258
0.007050991058349609
0.0
0.007893800735473633
0.002969026565551758
0.0033195018768310547
0.0066111087799072266
0.003167390823364258
0.004176139831542969
0.003983259201049805
0.0026221275329589844
0.00567626953125
0.00032782554626464844
0.006963491439819336
0.003906965255737305
0.003156900405883789
0.004848480224609375
0.0021295547485351562
0.006872653961181641
0.0029845237731933594
0.004035234451293945
0.004494905471801758
0.0024352073669433594
0.006744384765625
0.0033037662506103516
0.005330562591552734
0.0013883113861083984
0.006830692291259766
0.004016399383544922
0.002588510513305664
0.004193544387817383
0.004371166229248047
0.002645254135131836
0.00526738166809082
0.0003979206085205078
0.006809711456298828
0.0038909912109375
0.0032262802124023438
0.004853963851928711
0.0021021366119384766
0.006976127624511719
0.0030884742736816406
0.003823518753051758
0.004590511322021484
0.0023391246795654297
0.0065958499908447266
0.0005483627319335938
0.007865190505981445
0.003148317337036133
0.0034682750701904297
0.0059511661529541016
0.00032329559326171875
0.007557392120361328
0.0028939247131347656
0.0034325122833251953
0.0050334930419921875
0.0015711784362792969
0.007001399993896484
0.0034558773040771484
0.003514528274536133
0.004947662353515625
0.002458333969116211
0.006474733352661133
0.00327301025390625
0.004007101058959961
0.004336833953857422
0.002382993698120117
0.0070590972900390625
0.0027511119842529297
0.004358530044555664
0.004159688949584961
0.002953052520751953
0.006896495819091797
0.0
0.00875091552734375
0.0014383792877197266
0.006356954574584961
0.003995656967163086
0.0027549266815185547
0.003802061080932617
0.004559040069580078
0.002473592758178711
0.006702423095703125
0.0
0.0067996978759765625
0.004625558853149414
0.002353191375732422
0.007142543792724609
0.0
0.007073163986206055
0.003990888595581055
0.003006458282470703
0.005284309387207031
0.0017495155334472656
0.006887197494506836
0.004102945327758789
0.002973318099975586
0.0
0.009066104888916016
0.004792928695678711
0.0
0.008849620819091797
0.0019080638885498047
0.0029163360595703125
0.007208108901977539
0.0
0.00698542594909668
0.00452733039855957
0.002027273178100586
0.0069963932037353516
0.0
0.00732111930847168
0.004315376281738281
0.002300739288330078
0.005626678466796875
0.0029757022857666016
0.0043528079986572266
0.0037729740142822266
0.002996206283569336
0.005224704742431641
0.0019366741180419922
0.006578922271728516
0.004313945770263672
0.0047588348388671875
0.0048520565032958984
0.004242420196533203
0.005116462707519531
0.00354766845703125
0.004011392593383789
0.004011869430541992
0.00601959228515625
0.0037500858306884766
0.0040132999420166016
0.0040130615234375
0.00575566291809082
0.003565549850463867
0.00200653076171875
0.007901906967163086
0.002005338668823242
0.0044023990631103516
0.0
0.0
0.011687517166137695
0.0
0.0
0.0
0.015662431716918945
0.0
0.0
0.0
0.019601821899414062
0.0026977062225341797
0.0
0.0
0.010173797607421875
0.006974458694458008
0.0038857460021972656
0.0031299591064453125
0.005074024200439453
0.004283905029296875
0.004540205001831055
0.0
0.006957292556762695
0.004776716232299805
0.0
0.009269475936889648
0.0043697357177734375
0.003128528594970703
0.0041656494140625
0.0