0.005113840103149414
0.004208564758300781
0.002590179443359375
0.0026178359985351562
0.002593994140625
0.0026006698608398438
0.0026159286499023438
0.0025908946990966797
0.002624988555908203
0.0026404857635498047
0.0026242733001708984
0.0026073455810546875
0.002628803253173828
0.0026273727416992188
0.002611875534057617
0.002622365951538086
0.002625703811645508
0.002643585205078125
0.0026183128356933594
0.002622365951538086
0.0026226043701171875
0.0026094913482666016
0.0026214122772216797
0.0026237964630126953
0.0026209354400634766
0.002607107162475586
0.002628326416015625
0.0026171207427978516
0.0026187896728515625
0.0026259422302246094
0.002611398696899414
0.002598285675048828
0.002626180648803711
0.00261688232421875
0.002606630325317383
0.0026166439056396484
0.0026128292083740234
0.002623319625854492
0.0026204586029052734
0.002613544464111328
0.0026373863220214844
0.0025849342346191406
0.002624034881591797
0.0026464462280273438
0.0025997161865234375
0.0026581287384033203
0.002620697021484375
0.0025899410247802734
0.0026493072509765625
0.0026264190673828125
0.002591371536254883
0.002648591995239258
0.002584218978881836
0.002651691436767578
0.002591848373413086
0.0026421546936035156
0.002598285675048828
0.0026426315307617188
0.0026001930236816406
0.0026412010192871094
0.002600431442260742
0.0026209354400634766
0.0026497840881347656
0.0025527477264404297
0.0026602745056152344
0.002633810043334961
0.002613067626953125
0.0026488304138183594
0.0026254653930664062
0.0025954246520996094
0.0026662349700927734
0.0025730133056640625
0.002619028091430664
0.002661466598510742
0.0025789737701416016
0.0026025772094726562
0.0030312538146972656
0.0019648075103759766
0.002635478973388672
0.002671480178833008
0.0026051998138427734
0.002586841583251953
0.002652883529663086
0.002597808837890625
0.0026230812072753906
0.002640247344970703
0.002633333206176758
0.002657651901245117
0.002598285675048828
0.002611398696899414
0.001394510269165039
0.0008785724639892578
0.0010209083557128906
0.0009236335754394531
0.0008642673492431641
0.0026521682739257812
0.0025887489318847656
0.0026247501373291016
0.0026390552520751953
0.0026276111602783203
0.0026552677154541016
0.002598285675048828
0.002641916275024414
0.0026102066040039062
0.002640962600708008
0.0026051998138427734
0.00261688232421875
0.002617359161376953
0.0026345252990722656
0.002619504928588867
0.002591371536254883
0.002628326416015625
0.0026803016662597656
0.0025739669799804688
0.002607583999633789
0.0026116371154785156
0.002643585205078125
0.002672910690307617
0.002599954605102539
0.002577543258666992
0.0026404857635498047
0.0026175975799560547
0.002609729766845703
0.0026521682739257812
0.0025870800018310547
0.002657651901245117
0.0025908946990966797
0.002629518508911133
0.0026335716247558594
0.002624988555908203
0.0026226043701171875
0.0026230812072753906
0.0026175975799560547
0.00262451171875
0.0026810169219970703
0.0025954246520996094
0.0026531219482421875
0.002599000930786133
0.002643585205078125
0.002625703811645508
0.002648591995239258
0.0025970935821533203
0.002639293670654297
0.0025985240936279297
0.002617359161376953
0.0026578903198242188
0.002617359161376953
0.0026264190673828125
0.002629995346069336
0.0026128292083740234
0.0026192665100097656
0.0026116371154785156
0.002617359161376953
0.0026564598083496094
0.0026094913482666016
0.002653837203979492
0.0023818016052246094
0.002621173858642578
0.002610445022583008
0.0026123523712158203
0.002632617950439453
0.002615690231323242
0.0026667118072509766
0.0025970935821533203
0.002611875534057617
0.0026090145111083984
0.002618074417114258
0.0026412010192871094
0.0026330947875976562
0.0026264190673828125
0.0026183128356933594
0.0026459693908691406
0.0026226043701171875
0.002589702606201172
0.0026540756225585938
0.0025930404663085938
0.0026488304138183594
0.002627849578857422
0.0026216506958007812
0.0026314258575439453
0.002635478973388672
0.002649068832397461
0.002632617950439453
0.002652406692504883
0.0026214122772216797
0.002649545669555664
0.0026006698608398438
0.0026133060455322266
0.0026159286499023438
0.0026268959045410156
0.002615213394165039
0.0026397705078125
0.00262451171875
0.0026235580444335938
0.0026116371154785156
0.002685070037841797
0.002607583999633789
0.0026154518127441406
0.002641439437866211
0.002621889114379883
0.0026290416717529297
0.0026175975799560547
0.0026226043701171875
0.00261688232421875
0.00263214111328125
0.0026254653930664062
0.002640962600708008
0.0026514530181884766
0.0025968551635742188
0.002627849578857422
0.0026350021362304688
0.002635955810546875
0.002629518508911133
0.002621173858642578
0.0026199817657470703
0.0026216506958007812
0.002622842788696289
0.0026671886444091797
0.002592802047729492
0.0026264190673828125
0.002622365951538086
0.002645254135131836
0.002626657485961914
0.00261688232421875
0.0026388168334960938
0.002617359161376953
0.002609729766845703
0.0026192665100097656
0.0026204586029052734
0.0026552677154541016
0.0025708675384521484
0.0026197433471679688
0.0025908946990966797
0.0026051998138427734
0.0026073455810546875
0.0026178359985351562
0.0026481151580810547
0.002622365951538086
0.0026175975799560547
0.002656221389770508
0.0025899410247802734
0.0026221275329589844
0.0026366710662841797
0.0025844573974609375
0.002628326416015625
0.0026166439056396484
0.0026216506958007812
0.002621889114379883
0.002623319625854492
0.002628326416015625
0.0026092529296875
0.002617359161376953
0.002648591995239258
0.0026235580444335938
0.0026230812072753906
0.002654552459716797
0.002611398696899414
0.0026404857635498047
0.002628326416015625
0.002641916275024414
0.0026328563690185547
0.0026175975799560547
0.0026276111602783203
0.002615213394165039
0.002626180648803711
0.0026149749755859375
0.0026159286499023438
0.002643108367919922
0.002621889114379883
0.002613544464111328
0.0026092529296875
0.0026404857635498047
0.0026476383209228516
0.002627849578857422
0.0026483535766601562
0.0026175975799560547
0.0026154518127441406
0.002630472183227539
0.002675771713256836
0.0025751590728759766
0.002629995346069336
0.0026230812072753906
0.0026454925537109375
0.0026175975799560547
0.002618551254272461
0.0026276111602783203
0.002596616744995117
0.002622842788696289
0.0026311874389648438
0.0026276111602783203
0.002619028091430664
0.0026192665100097656
0.002628803253173828
0.002646207809448242
0.002615213394165039
0.002628803253173828
0.0026214122772216797
0.0026466846466064453
0.0026192665100097656
0.002628326416015625
0.0026242733001708984
0.002610445022583008
0.002604246139526367
0.00261688232421875
0.0026171207427978516
0.002622842788696289
0.002605438232421875
0.002622365951538086
0.0026247501373291016
0.002599477767944336
0.002573728561401367
0.0026311874389648438
0.0026421546936035156
0.0026471614837646484
0.002614259719848633
0.0026259422302246094
0.002627849578857422
0.002642393112182617
0.0026209354400634766
0.002607107162475586
0.0026497840881347656
0.002615690231323242
0.0026216506958007812
0.002616405487060547
0.0026149749755859375
0.00262451171875
0.0026259422302246094
0.002624988555908203
0.002645730972290039
0.002622365951538086
0.002623319625854492
0.0026264190673828125
0.0026557445526123047
0.0026443004608154297
0.002630949020385742
0.002624034881591797
0.002629518508911133
0.002629995346069336
0.002606630325317383
0.002615213394165039
0.002661466598510742
0.0025718212127685547
0.0026121139526367188
0.0026493072509765625
0.0026330947875976562
0.0025949478149414062
0.002618551254272461
0.002639293670654297
0.0026051998138427734
0.002619028091430664
0.002611875534057617
0.002607107162475586
0.0026464462280273438
0.002625703811645508
0.002629518508911133
0.0026388168334960938
0.0010945796966552734
0.001001119613647461
0.0026350021362304688
0.002614259719848633
0.0026252269744873047
0.0026504993438720703
0.002623319625854492
0.0026426315307617188
0.0026276111602783203
0.0025899410247802734
0.0026350021362304688
0.0026290416717529297
0.002621889114379883
0.0026242733001708984
0.0026197433471679688
0.0026268959045410156
0.0026140213012695312
0.002621173858642578
0.0026242733001708984
0.002656221389770508
0.0026175975799560547
0.002658367156982422
0.0025823116302490234
0.002617359161376953
0.0026216506958007812
0.002610445022583008
0.002636432647705078
0.002619028091430664
0.0026438236236572266
0.0025768280029296875
0.0026073455810546875
0.0026144981384277344
0.002652883529663086
0.0026345252990722656
0.002629518508911133
0.002623319625854492
0.0026476383209228516
0.0026216506958007812
0.0026264190673828125
0.0026216506958007812
0.0026199817657470703
0.002628326416015625
0.0026247501373291016
0.0026149749755859375
0.002628326416015625
0.002624988555908203
0.002618551254272461
0.0026247501373291016
0.002593994140625
0.0026438236236572266
0.002662181854248047
0.002603292465209961
0.0026586055755615234
0.002584218978881836
0.0026199817657470703
0.002618551254272461
0.0026323795318603516
0.0026280879974365234
0.0026237964630126953
0.0026323795318603516
0.002625703811645508
0.002626657485961914
0.0026187896728515625
0.0026140213012695312
0.002585172653198242
0.002616405487060547
0.0026154518127441406
0.0026259422302246094
0.002617359161376953
0.002618551254272461
0.002621173858642578
0.002620697021484375
0.0026259422302246094
0.002619504928588867
0.002631664276123047
0.0026247501373291016
0.002624988555908203
0.002621173858642578
0.0026221275329589844
0.002584695816040039
0.002625703811645508
0.002622365951538086
0.0025823116302490234
0.0026183128356933594
0.0026519298553466797
0.0026209354400634766
0.002639293670654297
0.002635955810546875
0.0026226043701171875
0.0026178359985351562
0.002623319625854492
0.00262451171875
0.0026242733001708984
0.002622842788696289
0.0026383399963378906
0.0026514530181884766
0.002618551254272461
0.0026183128356933594
0.0026199817657470703
0.0025975704193115234
0.002624034881591797
0.002613067626953125
0.002662181854248047
0.0025641918182373047
0.0026285648345947266
0.002602100372314453
0.002642393112182617
0.0026314258575439453
0.0026159286499023438
0.0026514530181884766
0.002621173858642578
0.0026273727416992188
0.002623319625854492
0.0026175975799560547
0.0026221275329589844
0.0026221275329589844
0.0026466846466064453
0.002618551254272461
0.0026471614837646484
0.0026192665100097656
0.002614259719848633
0.002624988555908203
0.002584695816040039
0.002646207809448242
0.0026199817657470703
0.002629995346069336
0.0026187896728515625
0.0026497840881347656
0.0026226043701171875
0.0026187896728515625
0.0026285648345947266
0.002618551254272461
0.0014238357543945312
0.0009050369262695312
0.0007493495941162109
0.0007727146148681641
0.0010139942169189453
0.0033338069915771484
0.002610921859741211
0.0026140213012695312
0.002650737762451172
0.002615213394165039
0.0026133060455322266
0.0026297569274902344
0.0026357173919677734
0.0026183128356933594
0.0026209354400634766
0.002614736557006836
0.0026209354400634766
0.0026330947875976562
0.002623319625854492
0.0026247501373291016
0.002637147903442383
0.0026030540466308594
0.002637147903442383
0.002627134323120117
0.0026166439056396484
0.0026247501373291016
0.002647876739501953
0.0026018619537353516
0.0026314258575439453
0.002621889114379883
0.0026471614837646484
0.002625703811645508
0.002622365951538086
0.0026276111602783203
0.002624988555908203
0.0026171207427978516
0.0026323795318603516
0.0026268959045410156
0.0026159286499023438
0.002638101577758789
0.0026319026947021484
0.002624034881591797
0.002616405487060547
0.0026178359985351562
0.0026082992553710938
0.0026204586029052734
0.002604961395263672
0.0026178359985351562
0.0026433467864990234
0.002615690231323242
0.0026133060455322266
0.002626180648803711
0.002577066421508789
0.002614259719848633
0.002618074417114258
0.0026192665100097656
0.0026252269744873047
0.0026187896728515625
0.002623319625854492
0.002624988555908203
0.002620220184326172
0.0026328563690185547
0.002618551254272461
0.002615690231323242
0.002623319625854492
0.0026276111602783203
0.0026454925537109375
0.0026209354400634766
0.0026235580444335938
0.002624988555908203
0.0026252269744873047
0.002615690231323242
0.0026307106018066406
0.002620220184326172
0.0026192665100097656
0.002604961395263672
0.002625703811645508
0.0026330947875976562
0.00262451171875
0.0026216506958007812
0.002618074417114258
0.002619028091430664
0.0026128292083740234
0.0026161670684814453
0.0026235580444335938
0.002610445022583008
0.0026412010192871094
0.0026204586029052734
0.0026171207427978516
0.002622365951538086
0.002628803253173828
0.002636432647705078
0.0026314258575439453
0.002654552459716797
0.0026187896728515625
0.002619504928588867
0.0026259422302246094
0.00261688232421875
0.0026187896728515625
0.0026311874389648438
0.002619504928588867
0.002646923065185547
0.002618551254272461
0.0026307106018066406
0.002628803253173828
0.0026466846466064453
0.0026509761810302734
0.002627134323120117
0.002644777297973633
0.0026166439056396484
0.002621173858642578
0.002620697021484375
0.002627849578857422
0.0026214122772216797
0.002626657485961914
0.002623319625854492
0.002633810043334961
0.002629518508911133
0.0026166439056396484
0.002621889114379883
0.002641916275024414
0.002616405487060547
0.002628326416015625
0.0026404857635498047
0.0026230812072753906
0.0026092529296875
0.0026035308837890625
0.0026433467864990234
0.0025815963745117188
0.0026276111602783203
0.002617359161376953
0.0026438236236572266
0.0026290416717529297
0.0026121139526367188
0.0026273727416992188
0.0026154518127441406
0.0026161670684814453
0.0026171207427978516
0.002628803253173828
0.002627849578857422
0.00261688232421875
0.002621889114379883
0.0026216506958007812
0.002612590789794922
0.0026175975799560547
0.002627134323120117
0.0026412010192871094
0.0026199817657470703
0.0026149749755859375
0.002629995346069336
0.002627134323120117
0.0026161670684814453
0.0026350021362304688
0.002622842788696289
0.002615690231323242
0.002621173858642578
0.00262451171875
0.0026073455810546875
0.0026199817657470703
0.002609729766845703
0.002624988555908203
0.002622842788696289
0.002579212188720703
0.0026144981384277344
0.002626657485961914
0.0026204586029052734
0.0026290416717529297
0.0026476383209228516
0.002624988555908203
0.002638578414916992
0.002622365951538086
0.002617359161376953
0.002621889114379883
0.0026302337646484375
0.0026106834411621094
0.002624988555908203
0.002624034881591797
0.0026824474334716797
0.002584695816040039
0.00261688232421875
0.0026237964630126953
0.002650022506713867
0.0026082992553710938
0.0026187896728515625
0.002593517303466797
0.0026242733001708984
0.002608060836791992
0.002614736557006836
0.0026476383209228516
0.002622365951538086
0.002620697021484375
0.002628326416015625
0.0026404857635498047
0.002619028091430664
0.002619028091430664
0.002620697021484375
0.0026175975799560547
0.0026209354400634766
0.0026226043701171875
0.00262451171875
0.002624034881591797
0.002598285675048828
0.0026090145111083984
0.0026137828826904297
0.0025877952575683594
0.0026216506958007812
0.002618551254272461
0.002645254135131836
0.002628326416015625
0.002615213394165039
0.002623319625854492
0.002623319625854492
0.0026242733001708984
0.0025908946990966797
0.0026237964630126953
0.002613067626953125
0.002618551254272461
0.002623319625854492
0.0026192665100097656
0.002627849578857422
0.002617359161376953
0.0026297569274902344
0.002615213394165039
0.0026557445526123047
0.0026268959045410156
0.0026247501373291016
0.0026214122772216797
0.0026450157165527344
0.002652883529663086
0.002634763717651367
0.0026557445526123047
0.002608060836791992
0.002613544464111328
0.0026106834411621094
0.0026161670684814453
0.002616405487060547
0.002623319625854492
0.0026137828826904297
0.002647876739501953
0.0026149749755859375
0.0026259422302246094
0.002607583999633789
0.0026426315307617188
0.0026373863220214844
0.0026314258575439453
0.002648591995239258
0.0026221275329589844
0.0026214122772216797
0.002621889114379883
0.0025942325592041016
0.002616405487060547
0.0026328563690185547
0.0026204586029052734
0.0026481151580810547
0.002617359161376953
0.0026161670684814453
0.0026314258575439453
0.002641916275024414
0.0026187896728515625
0.00262451171875
0.0026302337646484375
0.002604246139526367
0.0026149749755859375
0.0026061534881591797
0.0025904178619384766
0.002648591995239258
0.001146078109741211
0.0009903907775878906
0.002620220184326172
0.0026373863220214844
0.002614736557006836
0.0026373863220214844
0.002627134323120117
0.002624988555908203
0.002621889114379883
0.002627134323120117
0.002650022506713867
0.002629518508911133
0.0026204586029052734
0.0026094913482666016
0.0026264190673828125
0.002587556838989258
0.0026187896728515625
0.0026099681854248047
0.0026323795318603516
0.002625703811645508
0.002610921859741211
0.002622842788696289
0.002624034881591797
0.002628803253173828
0.0026159286499023438
0.0026230812072753906
0.0026426315307617188
0.0026302337646484375
0.002643585205078125
0.0026311874389648438
0.0026133060455322266
0.00262451171875
0.002642393112182617
0.0026493072509765625
0.002627849578857422
0.002620697021484375
0.002645730972290039
0.0026192665100097656
0.002626657485961914
0.0026235580444335938
0.0026247501373291016
0.0026314258575439453
0.0026187896728515625
0.002610921859741211
0.002622842788696289
0.002622365951538086
0.0026137828826904297
0.0026199817657470703
0.002612590789794922
0.002582550048828125
0.002626657485961914
0.002638101577758789
0.002621889114379883
0.0026154518127441406
0.002621173858642578
0.002626657485961914
0.002628803253173828
0.002628803253173828
0.0026197433471679688
0.0026476383209228516
0.0026209354400634766
0.0026328563690185547
0.002625703811645508
0.0026221275329589844
0.002630949020385742
0.002629518508911133
0.0026209354400634766
0.0026226043701171875
0.0026175975799560547
0.0026187896728515625
0.002631664276123047
0.002624034881591797
0.00262451171875
0.0026252269744873047
0.0026481151580810547
0.0026252269744873047
0.0026230812072753906
0.002622365951538086
0.00261688232421875
0.0026259422302246094
0.002628803253173828
0.002620697021484375
0.0026357173919677734
0.0026259422302246094
0.0026063919067382812
0.0026199817657470703
0.0026390552520751953
0.0026471614837646484
0.002620697021484375
0.0026051998138427734
0.0026535987854003906
0.0025954246520996094
0.0026237964630126953
0.0026226043701171875
0.0026443004608154297
0.0025811195373535156
0.002624988555908203
0.0026247501373291016
0.002627849578857422
0.002621889114379883
0.002628803253173828
0.002620697021484375
0.0026252269744873047
0.002630472183227539
0.0026128292083740234
0.002639293670654297
0.0026543140411376953
0.0026242733001708984
0.0026159286499023438
0.0025904178619384766
0.002622842788696289
0.002625703811645508
0.0026273727416992188
0.0026175975799560547
0.0026361942291259766
0.0026197433471679688
0.0026400089263916016
0.0026247501373291016
0.002644062042236328
0.002627134323120117
0.002604961395263672
0.0026204586029052734
0.002641439437866211
0.002635478973388672
0.002613544464111328
0.002629995346069336
0.0026175975799560547
0.002638101577758789
0.0026280879974365234
0.0026166439056396484
0.00263214111328125
0.002615213394165039
0.0015256404876708984
0.0008606910705566406
0.0008492469787597656
0.0008463859558105469
0.0009441375732421875
0.0008697509765625
0.0026175975799560547
0.0026171207427978516
0.0026247501373291016
0.002651214599609375
0.0026209354400634766
0.0026302337646484375
0.0026264190673828125
0.0026383399963378906
0.0026197433471679688
0.002618074417114258
0.0026226043701171875
0.002623319625854492
0.002626180648803711
0.002623319625854492
0.002626180648803711
0.002635955810546875
0.002631664276123047
0.0026373863220214844
0.0026175975799560547
0.0026216506958007812
0.0026276111602783203
0.0026426315307617188
0.002611875534057617
0.0026247501373291016
0.002622365951538086
0.0026433467864990234
0.0026175975799560547
0.0026090145111083984
0.0026259422302246094
0.0026149749755859375
0.0026133060455322266
0.002629995346069336
0.0026235580444335938
0.002590179443359375
0.002616405487060547
0.0026352405548095703
0.0026183128356933594
0.002617359161376953
0.002621173858642578
0.0026133060455322266
0.0026192665100097656
0.002622842788696289
0.0026230812072753906
0.002645254135131836
0.002631664276123047
0.0026061534881591797
0.0026264190673828125
0.0026204586029052734
0.0026235580444335938
0.0026319026947021484
0.0026144981384277344
0.002624034881591797
0.0026590824127197266
0.002586841583251953
0.002620220184326172
0.0026178359985351562
0.0026237964630126953
0.002617359161376953
0.0026216506958007812
0.0026009082794189453
0.002625703811645508
0.002644777297973633
0.0026128292083740234
0.0036988258361816406
0.003816366195678711
0.002613067626953125
0.002629518508911133
0.002620220184326172
0.0026166439056396484
0.002599954605102539
0.002622842788696289
0.0026416778564453125
0.0026237964630126953
0.0026159286499023438
0.0026175975799560547
0.002619504928588867
0.002627134323120117
0.002615690231323242
0.002626657485961914
0.002622842788696289
0.002643108367919922
0.0026214122772216797
0.0026178359985351562
0.0026292800903320312
0.002638578414916992
0.0026378631591796875
0.0026350021362304688
0.002635478973388672
0.0026259422302246094
0.0026199817657470703
0.0026237964630126953
0.0026171207427978516
0.0026175975799560547
0.0026335716247558594
0.002623319625854492
0.002642393112182617
0.0026226043701171875
0.0026175975799560547
0.0026197433471679688
0.0026421546936035156
0.002650022506713867
0.0026161670684814453
0.002643108367919922
0.0026187896728515625
0.0026235580444335938
0.0026123523712158203
0.002622842788696289
0.002758502960205078