0.003881692886352539
0.003857135772705078
0.004303932189941406
0.004076480865478516
0.004906654357910156
0.0038576126098632812
0.004903554916381836
0.004000186920166016
0.005135297775268555
0.004967689514160156
0.008619308471679688
0.0065343379974365234
0.0043582916259765625
0.006602287292480469
0.0051212310791015625
0.005667448043823242
0.004792451858520508
0.004470348358154297
0.005080223083496094
0.004624128341674805
0.004999637603759766
0.003579854965209961
0.005834817886352539
0.003802776336669922
0.004864215850830078
0.005415678024291992
0.004709482192993164
0.004773378372192383
0.005090475082397461
0.004001617431640625
0.005107879638671875
0.004849910736083984
0.0041768550872802734
0.004381656646728516
0.005483865737915039
0.004130840301513672
0.003829479217529297
0.0050051212310791016
0.004382610321044922
0.0041959285736083984
0.0056209564208984375
0.005006313323974609
0.004184246063232422
0.004971742630004883
0.004542112350463867
0.004980325698852539
0.0040760040283203125
0.005516767501831055
0.004167795181274414
0.004454851150512695
0.00472569465637207
0.0039017200469970703
0.004068613052368164
0.0035674571990966797
0.0047991275787353516
0.005118131637573242
0.00545501708984375
0.004276752471923828
0.004327535629272461
0.00574183464050293
0.004079103469848633
0.004624843597412109
0.004923105239868164
0.0058498382568359375
0.0030832290649414062
0.004705905914306641
0.005155086517333984
0.004021167755126953
0.0046024322509765625
0.004585981369018555
0.0037806034088134766
0.004155635833740234
0.004602909088134766
0.004198551177978516
0.004956245422363281
0.005079030990600586
0.003796100616455078
0.004087686538696289
0.004719257354736328
0.004158973693847656
0.004942893981933594
0.004174232482910156
0.004126787185668945
0.004685401916503906
0.004457235336303711
0.004370689392089844
0.003521442413330078
0.0046596527099609375
0.004929304122924805
0.004118919372558594
0.004406929016113281
0.004051923751831055
0.003937959671020508
0.004483222961425781
0.004019498825073242
0.0046765804290771484
0.003857135772705078
0.004534721374511719
0.0044023990631103516
0.005014896392822266
0.004058122634887695
0.0036935806274414062
0.005021810531616211
0.003868579864501953
0.004952669143676758
0.003881692886352539
0.005092620849609375
0.004083395004272461
0.005130290985107422
0.0009899139404296875
0.007880926132202148
0.0038728713989257812
0.005270957946777344
0.0040013790130615234
0.004081010818481445
0.003559112548828125
0.005006551742553711
0.004065990447998047
0.004141092300415039
0.003951311111450195
0.0040435791015625
0.00385284423828125
0.004129171371459961
0.005238771438598633
0.004570722579956055
0.004825592041015625
0.004326581954956055
0.004422426223754883
0.004499673843383789
0.0040721893310546875
0.00410008430480957
0.004129171371459961
0.00588226318359375
0.005208730697631836
0.004316568374633789
0.004200935363769531
0.004542350769042969
0.003563404083251953
0.005477190017700195
0.003024578094482422
0.0033881664276123047
0.004535675048828125
0.004748344421386719
0.00464940071105957
0.003976106643676758
0.004225730895996094
0.004494428634643555
0.004178047180175781
0.005036354064941406
0.0040171146392822266
0.004863739013671875
0.004268646240234375
0.003816843032836914
0.004826545715332031
0.003453969955444336
0.004776716232299805
0.004080295562744141
0.004007577896118164
0.004553079605102539
0.003400087356567383
0.005091190338134766
0.005545616149902344
0.004218339920043945
0.0041353702545166016
0.004937410354614258
0.004826068878173828
0.005888700485229492
0.004858732223510742
0.00498199462890625
0.004079341888427734
0.005380153656005859
0.003281116485595703
0.005375862121582031
0.004756927490234375
0.0050563812255859375
0.003534555435180664
0.0037512779235839844
0.003567218780517578
0.006212711334228516
0.00511932373046875
0.002013683319091797
0.006646633148193359
0.004771709442138672
0.004938602447509766
0.004362821578979492
0.004923343658447266
0.003387451171875
0.0056684017181396484
0.0042150020599365234
0.004863739013671875
0.004544496536254883
0.0019464492797851562
0.007500171661376953
0.004239320755004883
0.004836320877075195
0.0039463043212890625
0.004652261734008789
0.00518035888671875
0.004990577697753906
0.004195213317871094
0.004824161529541016
0.0049326419830322266
0.004028797149658203
0.0052640438079833984
0.0035746097564697266
0.005311250686645508
0.004794597625732422
0.0045680999755859375
0.004260063171386719
0.0051424503326416016
0.005062580108642578
0.004378318786621094
0.004942655563354492
0.00444793701171875
0.0042994022369384766
0.0051081180572509766
0.004726409912109375
0.003999948501586914
0.0047147274017333984
0.0043048858642578125
0.0051920413970947266
0.008284330368041992
0.004014253616333008
0.004716157913208008
0.004251956939697266
0.0046651363372802734
0.0048198699951171875
0.004901885986328125
0.005071163177490234
0.001957416534423828
0.003388643264770508
0.004208564758300781
0.004995584487915039
0.004519462585449219
0.004700660705566406
0.004572868347167969
0.004800319671630859
0.004033088684082031
0.005121707916259766
0.0046231746673583984
0.004072427749633789
0.004964351654052734
0.005280494689941406
0.004012346267700195
0.0058057308197021484
0.0038344860076904297
0.003032684326171875
0.004870176315307617
0.004723310470581055
0.0031609535217285156
0.006055355072021484
0.0046465396881103516
0.0030181407928466797
0.0062618255615234375
0.00442957878112793
0.0030281543731689453
0.006366729736328125
0.004490375518798828
0.0050144195556640625
0.004690647125244141
0.004369497299194336
0.005047321319580078
0.004624843597412109
0.005799531936645508
0.004423618316650391
0.005121946334838867
0.00476837158203125
0.004695415496826172
0.00531458854675293
0.004458189010620117
0.004945516586303711
0.004897356033325195
0.00433349609375
0.004103660583496094
0.00532984733581543
0.0041735172271728516
0.00545501708984375
0.004346132278442383
0.004518032073974609
0.005076169967651367
0.00339508056640625
0.006563663482666016
0.003832578659057617
0.005020618438720703
0.003996849060058594
0.0049631595611572266
0.0040094852447509766
0.004957675933837891
0.004625797271728516
0.0046498775482177734
0.0042111873626708984
0.004475116729736328
0.00594019889831543
0.00446772575378418
0.0035979747772216797
0.0057375431060791016
0.0046122074127197266
0.0035963058471679688
0.00594329833984375
0.003998279571533203
0.0
0.009183406829833984
0.006106376647949219
0.003770112991333008
0.005185604095458984
0.0057790279388427734
0.004349708557128906
0.0046579837799072266
0.004985809326171875
0.0041086673736572266
0.003153085708618164
0.00539088249206543
0.0049114227294921875
0.005322694778442383
0.004561424255371094
0.004081249237060547
0.004797697067260742
0.004404783248901367
0.004552364349365234
0.0052111148834228516
0.0040590763092041016
0.004688739776611328
0.004938364028930664
0.0026636123657226562
0.007361412048339844
0.001424551010131836
0.008368253707885742
0.005053997039794922
0.0034067630767822266
0.004858970642089844
0.005053043365478516
0.003258943557739258
0.0038251876831054688
0.0076122283935546875
0.003782510757446289
0.004468202590942383
0.006244659423828125
0.0024728775024414062
0.00572514533996582
0.0035817623138427734
0.0
0.004452228546142578
0.004521846771240234
0.0011641979217529297
0.00729823112487793
0.0035219192504882812
0.0033502578735351562
0.0
0.009987115859985352
0.004501819610595703
0.0
0.005579948425292969
0.0
0.011699914932250977
0.0
0.008143901824951172
0.004133462905883789
0.0049266815185546875
0.003888845443725586
0.004014730453491211
0.005071878433227539
0.003751039505004883
0.0042302608489990234
0.00402522087097168
0.0044553279876708984
0.005258083343505859
0.003386259078979492
0.005034446716308594
0.015891313552856445
0.005436420440673828
0.002000093460083008
0.006551265716552734
0.004210472106933594
0.004854679107666016
0.005458831787109375
0.003571748733520508
0.0033102035522460938
0.007558584213256836
0.0017859935760498047
0.007196903228759766
0.0
0.0
0.0
0.01688385009765625
0.004010677337646484
0.004009723663330078
0.004009246826171875
0.002004861831665039
0.005845308303833008
0.0
0.009541749954223633
0.003867626190185547
0.0037462711334228516
0.005749702453613281
0.0040090084075927734
0.0040090084075927734
0.0040090084075927734
0.003481149673461914
0.0020051002502441406
0.0
0.0
0.015673160552978516
0.003957271575927734
0.0
0.0
0.0
0.04221749305725098
0.004011392593383789
0.004392385482788086
0.00523686408996582
0.0043182373046875
0.0011363029479980469
0.008795976638793945
0.0006806850433349609
0.0041425228118896484
0.0029861927032470703
0.006537199020385742
0.004684925079345703
0.00220489501953125
0.006989955902099609
0.0
0.0
0.014684200286865234
0.0012176036834716797
0.006134510040283203
0.006785392761230469
0.0011990070343017578
0.008444070816040039
0.004242420196533203
0.002760648727416992
0.00689387321472168
0.004353046417236328
0.003130674362182617
0.006391048431396484
0.004825115203857422
0.0015463829040527344
0.0073719024658203125
0.006075143814086914
0.0038356781005859375
0.0035331249237060547
0.005801200866699219
0.0048983097076416016
0.0009524822235107422
0.007001638412475586
0.0
0.0010120868682861328
0.006138324737548828
0.0
0.0014455318450927734
0.007422924041748047
0.002811908721923828
0.0036509037017822266
0.006370067596435547
0.004047870635986328
0.0031702518463134766
0.0068264007568359375
0.0
0.007050991058349609
0.007733821868896484
0.002287149429321289
0.003648042678833008
0.0075528621673583984
0.0
0.006367683410644531
0.006411075592041016
0.004213809967041016
0.0032775402069091797
0.007228851318359375
0.0
0.006487369537353516
0.007698535919189453
0.002813577651977539
0.005946636199951172
0.004730224609375
0.0
0.006695985794067383
0.0073125362396240234
0.0
0.007037639617919922
0.006852388381958008
0.0032553672790527344
0.003801584243774414
0.007068157196044922
0.0
0.009603261947631836
0.004460334777832031
0.004068851470947266
0.0028374195098876953
0.006165742874145508
0.0006749629974365234
0.006600618362426758
0.0064830780029296875
0.0043909549713134766
0.005301713943481445
0.003912210464477539
0.0034470558166503906
0.004457235336303711
0.00597691535949707
0.001199483871459961
0.0069315433502197266
0.005824565887451172
0.003948211669921875
0.004035234451293945
0.0059163570404052734
0.0007135868072509766
0.008613348007202148
0.0049648284912109375
0.0013179779052734375
0.0071256160736083984
0.005161762237548828
0.0009226799011230469
0.009110212326049805
0.0018913745880126953
0.006788969039916992
0.0027303695678710938
0.0
0.004362821578979492
0.00477290153503418
0.004050493240356445
0.0009241104125976562
0.006515026092529297
0.006452322006225586
0.0008928775787353516
0.0
0.0
0.01612234115600586
0.005682945251464844
0.004843711853027344
0.004047393798828125
0.006026744842529297
0.0042917728424072266
0.0021865367889404297
0.0064160823822021484
0.005558013916015625
0.0010905265808105469
0.006055355072021484
0.0025374889373779297
0.0
0.013193368911743164
0.004468202590942383
0.004584074020385742
0.003131389617919922
0.006375312805175781
0.001041412353515625
0.005671262741088867
0.00603938102722168
0.004618644714355469
0.004477262496948242
0.004731893539428711
0.002007007598876953
0.005920886993408203
0.0069713592529296875
0.0
0.0
0.013883829116821289
0.004034280776977539
0.002006053924560547
0.006914854049682617
0.002890348434448242
0.0051686763763427734
0.006932735443115234
0.0
0.010087966918945312
0.0038483142852783203
0.0024712085723876953
0.004457235336303711
0.0
0.004012107849121094
0.0027589797973632812
0.00700688362121582
0.0
0.006282806396484375
0.007246255874633789
0.0
0.009053230285644531
0.0047490596771240234
0.004416227340698242
0.0015947818756103516
0.00854349136352539
0.0
0.0
0.01380014419555664
0.0
0.00728917121887207
0.004118680953979492
0.0035805702209472656
0.0
0.00949859619140625
0.0
0.0073130130767822266
0.007870674133300781
0.0
0.005408763885498047
0.006646394729614258
0.0
0.010535717010498047
0.0
0.0
0.0
0.015677928924560547
0.005300045013427734
0.0063304901123046875
0.004010915756225586
0.002006053924560547
0.0
0.011258840560913086
0.0
0.010962486267089844
0.0030040740966796875
0.0
0.006852149963378906
0.007040500640869141
0.0
0.009499311447143555
0.004370689392089844
0.005109310150146484
0.0018208026885986328
0.007132053375244141
0.0
0.0
0.015655040740966797
0.003715991973876953
0.004906892776489258
0.0035364627838134766
0.0
0.006819009780883789
0.0
0.011911153793334961
0.005756855010986328
0.004615306854248047
0.004034996032714844
0.004863262176513672
0.0
0.0
0.014071464538574219
0.002005338668823242
0.0
0.008467435836791992
0.007094621658325195
0.0
0.007360935211181641
0.0
0.0
0.0158231258392334
0.0
0.0
0.015132665634155273
0.0
0.0
0.0
0.018877506256103516
0.0022590160369873047
0.0
0.0
0.015634775161743164
0.0032837390899658203
0.0033414363861083984
0.0
0.007227659225463867
0.006929874420166016
0.004012584686279297
0.002483844757080078
0.0
0.0
0.017560720443725586
0.00433659553527832
0.004426240921020508
0.001943349838256836
0.0070035457611083984
0.003768444061279297
0.003131866455078125
0.0072994232177734375
0.0
0.008884191513061523
0.005500316619873047
0.004291057586669922
0.002863168716430664
0.0061185359954833984
0.0
0.007228374481201172
0.006663084030151367
0.0
0.009534597396850586
0.0052378177642822266
0.0
0.007364749908447266
0.0064160823822021484
0.0
0.007371187210083008
0.006270885467529297
0.0006124973297119141
0.006432056427001953
0.006884098052978516
0.0
0.007403135299682617
0.006609678268432617
0.0031232833862304688
0.005777835845947266
0.0049479007720947266
0.0
0.006984233856201172
0.006936788558959961
0.0
0.006968259811401367
0.006948232650756836
0.0
0.006981372833251953
0.00708460807800293
0.0035674571990966797
0.005818605422973633
0.0040988922119140625
0.0010464191436767578
0.006744861602783203
0.00652003288269043
0.0
0.006994485855102539
0.0068759918212890625
0.0
0.007559299468994141
0.006569862365722656
0.0034275054931640625
0.0033431053161621094
0.006944894790649414
0.003359079360961914
0.003920555114746094
0.006692647933959961
0.0028722286224365234
0.004108905792236328
0.006626129150390625
0.004843950271606445
0.0020470619201660156
0.007312297821044922
0.0
0.006498575210571289
0.007193326950073242
0.0037980079650878906
0.0030672550201416016
0.00693202018737793
0.0
0.006947040557861328
0.007170677185058594
0.0
0.0092620849609375
0.00450587272644043
0.0
0.006960630416870117
0.0068705081939697266
0.0
0.007455348968505859
0.006894111633300781
0.0005326271057128906
0.006844043731689453
0.006539106369018555
0.004092693328857422
0.0053217411041259766
0.004225730895996094
0.0007562637329101562
0.007016897201538086
0.006483554840087891
0.0004837512969970703
0.005950927734375
0.007506608963012695
0.0006208419799804688
0.006026029586791992
0.0062634944915771484
0.0043523311614990234
0.003351449966430664
0.006706714630126953
0.0
0.007153511047363281
0.006235599517822266
0.0006413459777832031
0.007161855697631836
0.0061321258544921875
0.0008294582366943359
0.006750583648681641
0.0063326358795166016
0.001703023910522461
0.006009578704833984
0.0063970088958740234
0.0006265640258789062
0.006795406341552734
0.0
0.006891965866088867
0.007057666778564453
0.006320953369140625
0.0006253719329833984
0.008392333984375
0.005070686340332031
0.001013040542602539
0.006410837173461914
0.0065822601318359375
0.0006501674652099609
0.006684780120849609
0.006360530853271484
0.004713773727416992
0.004649162292480469
0.005060434341430664
0.0
0.007234811782836914
0.0063250064849853516
0.0006608963012695312
0.006859779357910156
0.0062596797943115234
0.0007059574127197266
0.00688481330871582
0.006348848342895508
0.0008823871612548828
0.00661778450012207
0.007427215576171875
0.002757549285888672
0.003899097442626953
0.006783962249755859
0.0022995471954345703
0.004852294921875
0.0
0.008335590362548828
0.0
0.005643367767333984
0.006196260452270508
0.0007505416870117188
0.006801128387451172
0.0069997310638427734
0.0
0.007077217102050781
0.006748199462890625
0.004010677337646484
0.0031287670135498047
0.006970405578613281
0.0
0.007110595703125
0.006210803985595703
0.0010113716125488281
0.008219718933105469
0.004628658294677734
0.0009744167327880859
0.006700038909912109
0.006283283233642578
0.004632711410522461
0.00481724739074707
0.004451274871826172
0.0050640106201171875
0.0025844573974609375
0.0062313079833984375
0.005285739898681641
0.002247333526611328
0.006518125534057617
0.0005021095275878906
0.007020473480224609
0.006301403045654297
0.0010097026824951172
0.006579875946044922
0.006357431411743164
0.000713348388671875
0.006918430328369141
0.006272315979003906
0.004260540008544922
0.0040509700775146484
0.005682468414306641
0.001856088638305664
0.007569313049316406
0.0044345855712890625
0.004636049270629883
0.004439830780029297
0.004880189895629883
0.001985311508178711
0.0074520111083984375
0.0
0.006582736968994141
0.006958723068237305
0.004903316497802734
0.0021495819091796875
0.006806850433349609
0.0
0.0071184635162353516
0.00675511360168457
0.0
0.0074007511138916016
0.0065381526947021484
0.002101898193359375
0.002297639846801758
0.0061435699462890625
0.0015070438385009766
0.008392810821533203
0.004912614822387695
0.004129648208618164
0.001779317855834961
0.00792551040649414
0.0
0.00654911994934082
0.0072896480560302734
0.004746675491333008
0.0019488334655761719
0.006620883941650391
0.0
0.007341623306274414
0.00651860237121582
0.0
0.007062435150146484
0.00698089599609375
0.0
0.00890040397644043
0.0051691532135009766
0.004033803939819336
0.005032539367675781
0.004353523254394531
0.005735158920288086
0.0009703636169433594
0.00652313232421875
0.006363868713378906
0.0006346702575683594
0.00681614875793457
0.0
0.011225461959838867
0.002893209457397461
0.0
0.006850242614746094
0.0071065425872802734
0.006306648254394531
0.0005714893341064453
0.007071256637573242
0.0
0.002887725830078125
0.00604701042175293
0.004982709884643555
0.0011813640594482422
0.007900476455688477
0.0020644664764404297
0.007246732711791992
0.0030193328857421875
0.0
0.007033348083496094
0.0069391727447509766
0.0
0.006810426712036133
0.007309675216674805
0.0
0.006811857223510742
0.0070226192474365234
0.0
0.007096529006958008
0.006882667541503906
0.0
0.0008761882781982422
0.006985187530517578
0.0
0.010154962539672852
0.0035352706909179688
0.0
0.00675511360168457
0.006792545318603516
0.0
0.007258176803588867
0.0069217681884765625
0.0
0.006756782531738281
0.00723576545715332
0.0
0.00915074348449707
0.0050506591796875
0.0
0.006599903106689453
0.006840705871582031
0.0
0.007266521453857422
0.007432222366333008
0.0
0.006372928619384766
0.007770538330078125
0.0029261112213134766
0.0033712387084960938
0.007093191146850586
0.004243373870849609
0.006086826324462891
0.0035676956176757812
0.0
0.006798505783081055
0.007183074951171875
0.0
0.007082700729370117
0.0071985721588134766
0.004492282867431641
0.002485036849975586
0.006593465805053711
0.0029354095458984375
0.006381034851074219
0.004689693450927734
0.004015207290649414
0.0028488636016845703
0.0069637298583984375
0.00437617301940918
0.005250453948974609
0.0043375492095947266
0.0
0.008477449417114258
0.005342960357666016
0.0
0.006867408752441406
0.006990909576416016
0.0