0.3938
0.3145
0.3139
0.3147
0.3146
0.3148
0.3139
0.3147
0.3138
0.3142
0.3146
0.3139
0.3132
0.3906
0.3150
0.3157
0.3152
0.3144
0.3162
0.3154
0.3892
0.3883
0.3147
0.3143
0.3139
0.3145
0.3142
0.3150
0.3140
0.3148
0.3144
0.3147
0.3140
0.3137
0.3141
0.3140
0.3141
0.3149
0.3142
0.3140
0.3158
0.3165
0.3162
0.3160
0.3163
0.3149
0.3141
0.3143
0.3145
0.3142
0.3141
0.3148
0.3178
0.3156
0.3142
0.3146
0.3151
0.3152
0.3147
0.3153
0.3152
0.3156
0.3176
0.3160
0.3159
0.3148
0.3154
0.3151
0.3149
0.3157
0.3161
0.3152
0.3150
0.3148
0.3151
0.3157
0.3156
0.3152
0.3151
0.3160
0.3159
0.3167
0.3155
0.3148
0.3163
0.3958
0.3168
0.3947
0.3938
0.3917
0.3937
0.4038
0.4059
0.3222
0.4004
0.4000
0.3973
0.4005
0.3973
0.4033
0.3178
0.3158
0.3144
0.3161
0.3166
0.3156
0.3928
0.3923
0.3915
0.3909
0.3907
0.3920
0.3912
0.3149
0.3921
0.3912
0.3899
0.3905
0.3920
0.3928
0.3157
0.3909
0.3147
0.3949
0.3918
0.3895
0.3911
0.3985
0.3951
0.5518
0.3948
0.3929
0.3943
0.3922
0.3916
0.3911
0.3918
0.3158
0.3946
0.3929
0.3937
0.3937
0.3918
0.3915
0.3909
0.3910
0.3952
0.3922
0.3917
0.3897
0.3924
0.3917
0.3902
0.3909
0.3903
0.3903
0.3923
0.3914
0.3938
0.3915
0.3928
0.3908
0.3907
0.3916
0.3905
0.3934
0.3897
0.3902
0.3909
0.3910
0.3921
0.3935
0.3981
0.3957
0.3961
0.3191
0.3957
0.3960
0.3954
0.3945
0.3944
0.3925
0.3913
0.3920
0.3913
0.3918
0.3919
0.3936
0.3894
0.3907
0.3895
0.3909
0.3940
0.3898
0.3913
0.4018
0.3932
0.3910
0.3905
0.3917
0.3904
0.3910
0.3913
0.3907
0.3906
0.3921
0.3906
0.3891
0.3897
0.3932
0.3909
0.3910
0.3939
0.3907
0.3924
0.3919
0.3891
0.3917
0.3925
0.4031
0.3940
0.3935
0.3981
0.3930
0.3969
0.3957
0.3952
0.3979
0.3959
0.3989
0.3992
0.3992
0.3989
0.4061
0.4008
0.3992
0.3992
0.3962
0.3970
0.3987
0.3995
0.3977
0.4012
0.4011
0.4031
0.4531
0.4837
0.4757
0.5076
1.0436
1.0915
1.0669
1.0413
1.0655
0.7232
1.0782
1.0422
1.0682
1.0183
1.0875
1.0384
1.0404
1.0475
0.7198
0.7086
1.0554
1.1017
1.0971
1.0499
1.0432
1.0405
1.0825
1.0480
1.0694
1.0917
0.7248
1.0137
0.7187
1.1023
1.0788
1.0604
1.0778
0.7197
1.0656
1.0679
1.0646
1.0582
1.0640
1.0503
0.7213
0.7184
0.7178
0.7220
0.7183
1.1177
1.0621
1.0954
1.1064
0.3980
1.0644
1.0431
1.0661
1.0629
1.0569
1.1120
1.0901
1.0676
1.0804
1.0722
1.0646
1.0744
1.0841
1.0939
1.0754
0.7147
0.7182
0.7192
1.2475
1.0547
0.7186
1.1100
1.0632
1.0433
1.0718
1.0797
1.0864
1.0670
0.7166
1.0638
1.0213
1.0865
0.7213
0.7186
1.1041
1.0676
1.0411
1.0621
1.0743
1.0771
0.7198
1.0769
1.0800
1.0882
1.1069
1.0960
1.1039
0.4017
0.5443
1.0868
0.7184
0.7159
1.1029
1.0965
1.0754
0.7140
0.7203
1.0700
1.1052
0.7193
1.0874
1.1079
1.0821
0.7179
1.1189
0.7172
0.7211
1.0688
0.7213
0.7189
0.7205
0.7188
1.0809
0.7109
0.7209
0.7178
0.7195
0.7182
0.7191
1.0805
0.7109
0.7167
0.7192
0.7152
0.7166
0.7175
0.7199
1.1194
1.0861
0.7221
0.7168
0.7213
0.7180
0.7177
0.7209
0.7166
1.1107
0.7100
0.7211
0.7142
0.7175
0.7193
0.7205
0.7181
0.7213
0.7187
0.7179
0.7191
0.7178
0.7171
0.7123
0.7205
0.7177
0.7136
0.7041
0.7142
0.3959
0.3603
0.7190
0.7148
0.7182
0.7202
0.7190
0.7167
0.7198
0.7161
0.7216
0.7224
0.7228
0.7230
0.7204
0.7187
0.7190
0.7181
0.7181
0.7193
0.7172
0.7157
0.7179
0.7168
1.0776
0.7178
0.7192
0.7166
0.7191
0.7079
0.7174
0.7193
1.0860
1.0446
0.7212
0.7096
0.7190
0.7159
0.7180
0.7191
0.7165
0.7182
0.7198
0.7186
0.7176
0.7162
0.7140
0.7175
0.7160
0.7161
0.7209
0.7181
0.7184
0.7202
0.7184
0.7191
0.7207
0.7175
0.7224
0.7248
1.0972
0.7191
0.7168
0.7194
0.7191
0.7179
0.7199
0.7173
0.7154
0.7201
1.0949
0.7170
1.1062
0.7188
0.7147
0.7212
1.0947
0.7176
0.7197
0.7284
0.7247
0.7257
0.7253
0.7242
1.1214
0.7224
0.7214
0.7261
0.7252
0.7233
0.7261
0.7255
0.7226
0.7228
1.0584
0.7235
0.7246
0.7201
0.7193
1.1111
1.0650
1.0862
1.0905
0.7260
0.7240
0.7254
0.7251
0.7224
0.7245
0.7251
0.7257
0.7250
0.7263
0.7251
0.7227
0.7252
0.7262
0.7228
0.7252
0.7255
0.7246
0.7227
0.7247
0.7254
0.7241
0.7247
0.7256
0.7260
1.0785
1.0877
0.7250
0.7249
0.7251
0.7246
0.7252
0.7225
0.7260
0.7247
0.7213
0.7258
0.7248
0.7235
0.7264
0.7251
0.7254
0.7260
1.0877
0.7251
0.7221
0.7177
0.7157
0.7224
0.7266
0.7148
0.7254
0.7233
0.7206
0.7224
0.7257
0.8458
0.7256
0.7214
1.1113
0.7270
0.7264
0.7256
0.7211
0.7210
0.7218
0.7218
0.7214
0.7255
0.7211
0.7265
1.0574
0.7227
0.7248
1.1159
1.0890
0.7182
0.7235
0.7260
0.7250
0.7236
0.7243
0.7206
0.7227
0.7201
1.0961
1.0706
0.7207
1.0949
1.0767
0.7209
1.0558
1.0638
0.7215
0.7189
0.7249
0.7231
0.7199
0.7255
0.7145
0.7249
0.7230
0.7188
1.1069
0.7222
0.7246
0.7215
0.7168
0.7212
0.7248
0.7223
0.7212
0.7187
0.7187
0.7180
0.7091
0.7142
0.7142
0.7122
0.7095
0.5646
0.4500
0.7006
0.7053
0.7072
0.6999
0.7013
0.5503
0.3159
0.3160
0.3156
0.3185
0.3150
0.3155
0.3157
0.3152
0.3145
0.3153
0.3146
0.3147
0.3158
0.3152
0.3143
0.3148
0.3149
0.3147
0.3178
0.4027
0.4008
0.4023
0.4015
0.4018
0.3192
0.3953
0.3199
0.3185
0.3156
0.3161
0.3162
0.3171
0.3165
0.3159
0.3162
0.3172
0.3160
0.3992
0.3981
0.3172
0.3152
0.3162
0.3157
0.3169
0.3155
0.3160
0.3167
0.3157
0.3174
0.3184
0.3190
0.3180
0.3196
0.3183
0.3161
0.3170
0.3175
0.3212
0.3999
0.3188
0.3209
0.3188
0.3165
0.3218
0.3173
0.3177
0.3151
0.3179
0.3146
0.3171
0.3947
0.3954
0.3153
0.3162
0.3158
0.3173
0.3988
0.3970
0.3159
0.3960
0.3151
0.3174
0.3943
0.3163
0.3188
0.3152
0.3182
0.3150
0.3171
0.3158
0.3173
0.3159
0.3171
0.3176
0.3192
0.3165
0.3185
0.4027
0.3209
0.3181
0.3196
0.3171
0.4029
0.3166
0.3169
0.3962
0.3940
0.3156
0.3156
0.3999
0.3974
0.3167
0.3151
0.3164
0.3153
0.3157
0.3150
0.3167
0.3155
0.3168
0.3189
0.3158
0.3155
0.3168
0.3152
0.3171
0.3155
0.3158
0.3949
0.3158
0.3170
0.3155
0.3154
0.3156
0.3166
0.3166
0.3164
0.3149
0.3160
0.3150
0.3156
0.3151
0.3172
0.3146
0.3154
0.3157
0.3161
0.3165
0.3193
0.3161
0.3167
0.3149
0.3184
0.3147
0.3160
0.3150
0.3162
0.3156
0.4005
0.3181
0.3961
0.3152
0.3970
0.3183
0.3151
0.3166
0.3153
0.3172
0.4542
0.3186
0.3147
0.3166
0.3153
0.3174
0.3146
0.3164
0.3156
0.3172
0.3155
0.3173
0.3148
0.3176
0.3161
0.3182
0.3150
0.3169
0.3146
0.3177
0.3150
0.3178
0.3147
0.3195
0.3152
0.3169
0.3159
0.3172
0.3155
0.3168
0.3159
0.3172
0.3178
0.3153
0.3155
0.3151
0.3163
0.3158
0.3160
0.3174
0.3161
0.3159
0.3162
0.3161
0.3157
0.3157
0.3155
0.3166
0.3164
0.3164
0.3159
0.3169
0.3154
0.3166
0.3163
0.3163
0.3151
0.3160
0.3152
0.3153
0.3155
0.3170
0.3150
0.3161
0.3969
0.4009
0.3151
0.3164
0.3155
0.3162
0.3151
0.3161
0.3143
0.3155
0.3146
0.3153
0.3162
0.3156
0.3151
0.3158
0.3158
0.3152
0.3165
0.3155
0.3153
0.3156
0.3166
0.3157
0.3157
0.3974
0.3953
0.3159
0.3160
0.3952
0.3966
0.3150
0.3151
0.3166
0.3160
0.3160
0.3162
0.3160
0.3156
0.3156
0.3155
0.3161
0.3155
0.3168
0.3156
0.3158
0.3157
0.3161
0.3150
0.3162
0.3154
0.3152
0.3159
0.3166
0.3152
0.3165
0.3147
0.3168
0.3149
0.3161
0.3147
0.3166
0.3150
0.3158
0.3148
0.3154
0.3147
0.3157
0.3150
0.3155
0.3145
0.3159
0.3148
0.3152
0.3158
0.3153
0.3158
0.3158
0.3165
0.3153
0.3157
0.3148
0.3158
0.3143
0.3158
0.3143
0.3153
0.3154
0.3150
0.3147
0.3170
0.3148
0.3150
0.3146
0.3151
0.3151
0.3150
0.3155
0.3150
0.3156
0.3148
0.3165
0.3169
0.3174
0.3154
0.3154
0.3151
0.3156
0.3146
0.3164
0.3145
0.3159
0.3148
0.3156
0.3141
0.3152
0.3146
0.3155
0.3144
0.3155
0.3149
0.3150