0.3984
0.3148
0.3163
0.3157
0.3153
0.3155
0.3179
0.3148
0.4069
0.4048
0.4007
0.4022
0.3150
0.3157
0.3148
0.3160
0.3146
0.3161
0.4038
0.4020
0.4010
0.3993
0.4003
0.3153
0.4064
0.4041
0.3147
0.3157
0.3151
0.3165
0.3157
0.3163
0.3158
0.3174
0.3158
0.3164
0.3158
0.3164
0.3168
0.3169
0.3149
0.3167
0.3154
0.3166
0.3157
0.3162
0.3154
0.3161
0.3152
0.3152
0.3162
0.3161
0.3162
0.3163
0.3160
0.3150
0.3172
0.3189
0.3154
0.3159
0.4043
0.4020
0.4012
0.4033
0.4055
0.4051
0.4043
0.4064
0.4015
0.4018
0.4013
0.4015
0.4049
0.4031
0.4036
0.4052
0.4026
0.4038
0.4001
0.4017
0.4009
0.4018
0.4031
0.4071
0.3189
0.4007
0.3996
0.4027
0.4056
0.4070
0.4054
0.4040
0.4036
0.4011
0.4010
0.4024
0.4019
0.4056
0.4094
0.4024
0.4017
0.4006
0.4033
0.4058
0.4063
0.4056
0.4043
0.3154
0.4059
0.4063
0.4045
0.4031
0.4023
0.4058
0.4053
0.4034
0.4030
0.4018
0.4046
0.3156
0.3169
0.3161
0.4026
0.3174
0.3152
0.4044
0.4018
0.4023
0.4030
0.4039
0.3199
0.4040
0.4029
0.4031
0.4021
0.4024
0.4029
0.4030
0.4073
0.4053
0.4041
0.4020
0.5756
0.4036
0.3976
0.3969
0.4028
0.4029
0.4031
0.4014
0.3171
0.3936
0.3992
0.3937
0.3925
0.4023
0.3950
0.3959
0.4026
0.4033
0.3975
0.4029
0.4031
0.4032
0.4043
0.4045
0.4089
0.4134
0.4072
0.4072
0.4055
0.4018
0.4022
0.3972
0.3991
0.4052
0.4043
0.4057
0.4051
0.4222
0.4061
0.4061
0.4056
0.3162
0.4059
0.4089
0.4043
0.4047
0.4029
0.3170
0.3174
0.4093
0.4072
0.4044
0.4034
0.4039
0.3174
0.4052
0.3160
0.4086
0.4054
0.3169
0.4085
0.4068
0.4033
0.3153
0.4070
0.4037
0.4182
0.4080
0.4039
0.4039
0.4034
0.4027
0.4046
0.4113
0.4026
0.4070
0.4045
0.4037
0.4069
0.4081
0.4053
0.4021
0.4014
0.4015
0.4049
0.3181
0.4034
0.4008
0.3996
0.3162
0.4063
0.4032
0.4003
0.4013
0.4022
0.3163
0.4040
0.4057
0.3174
0.4053
0.4045
0.4023
0.3167
0.4063
0.4046
0.4025
0.4040
0.4015
0.4020
0.4006
0.4021
0.3177
0.4046
0.3163
0.4024
0.3167
0.4017
0.4040
0.4037
0.4054
0.3170
0.4073
0.4066
0.4104
0.4019
0.4083
0.4077
0.4065
0.4015
0.4043
0.4012
0.3160
0.4106
0.4067
0.4061
0.4107
0.4020
0.3170
0.4045
0.4104
0.4066
0.4023
0.4031
0.3181
0.4079
0.4012
0.4067
0.4011
0.3184
0.3177
0.4038
0.4058
0.4008
0.4040
0.4038
0.3158
0.4047
0.4052
0.4017
0.4013
0.4009
0.4047
0.4025
0.4020
0.4039
0.4033
0.4045
0.4040
0.4036
0.4048
0.4056
0.4054
0.4048
0.3172
0.4039
0.4074
0.4071
0.3167
0.4053
0.4076
0.4043
0.3156
0.3173
0.4030
0.4016
0.3183
0.4059
0.5672
0.4105
0.4056
0.4083
0.4107
0.4017
0.3978
0.4168
0.3959
0.3993
0.4023
0.4072
0.4566
0.4873
0.4745
0.5395
1.0230
1.1045
1.0607
1.1178
0.7199
1.1130
1.1275
1.1208
1.0800
1.1288
1.1208
1.0728
1.0977
1.1136
1.0918
1.0708
1.1101
1.1080
1.0574
0.7218
0.7081
0.7220
0.7231
1.0419
1.0828
0.7196
1.1125
1.0625
0.7182
1.0735
0.7209
1.1109
0.7175
0.7202
0.7203
0.7213
1.1186
0.7212
0.7209
0.7181
0.7183
1.1150
1.0632
1.1244
0.7184
0.7188
1.0513
0.7192
1.1278
1.1162
0.7196
0.7200
0.7185
1.1097
0.7204
1.0810
0.7193
0.7150
0.7184
1.0979
0.7169
0.7138
0.7190
0.7174
0.7182
0.7172
1.0419
1.1249
0.7221
0.7179
0.7152
0.7187
0.7172
0.7210
0.7186
0.7189
0.7190
1.0675
0.8553
0.3178
0.9321
1.1040
0.7185
0.7185
1.0927
0.7197
0.7181
0.7185
0.7176
0.7153
0.7191
0.7188
1.1202
0.7180
0.7184
1.0701
0.7123
0.7195
0.7192
1.0812
1.0908
0.7199
1.1108
1.0651
1.0843
1.1228
1.1188
1.0605
1.1257
0.7208
1.1080
1.0999
0.7193
0.7175
0.7189
0.7169
0.7184
0.7154
1.1168
0.7221
0.7186
1.0951
0.7205
0.7195
1.0870
0.7221
0.7178
1.1085
1.1009
0.7180
0.7182
0.7179
0.7208
0.7234
1.0455
0.7197
0.7143
0.7173
0.7190
1.1044
0.7186
1.0902
0.7116
0.7189
0.7225
0.7184
0.7179
0.7207
0.7170
0.7166
0.7176
0.7185
0.7137
0.7184
0.7145
0.7175
0.7184
0.7171
0.7184
0.7183
0.7119
0.7182
0.7188
0.7175
0.7208
0.7190
0.7146
0.7189
0.7188
1.0745
0.7144
0.4177
0.3174
0.6120
0.7129
0.7190
0.7205
0.7186
0.7190
0.7176
0.7127
0.7194
0.7154
0.7170
0.7172
0.7183
0.7172
0.7189
0.7179
0.7177
0.7189
0.7180
0.7220
0.7171
0.7185
0.7186
0.7140
0.7196
0.7184
0.7191
0.7208
0.7176
1.0877
0.7194
0.7080
0.7177
0.8490
0.7161
0.7181
0.7190
0.7187
0.7170
0.7165
0.7180
1.1173
0.7195
0.7186
0.7170
0.7167
0.7171
0.7187
0.7178
0.7174
0.7215
0.7167
0.7186
0.7171
0.7185
0.7192
0.7171
0.7143
0.7181
0.7175
0.7175
0.7187
1.0893
0.7138
0.7189
0.7182
0.7187
0.7170
0.7175
0.7174
0.7185
0.7190
0.7196
0.7186
0.7196
0.7133
0.7185
0.7172
0.7166
0.7190
0.7162
0.7131
0.7168
0.7170
0.7210
0.7170
0.7160
0.7159
0.7181
0.7184
0.7167
0.7185
0.7173
0.7127
0.7173
0.7188
0.7185
0.7154
0.7182
0.7174
0.7189
0.7186
0.7167
0.7186
0.7169
0.7154
0.7186
0.7174
0.7186
0.7139
0.7102
0.7116
0.7179
0.7175
0.7183
0.7186
0.7175
0.7170
0.7184
0.7172
0.7182
0.7170
0.7183
0.7221
0.7171
0.7197
0.7188
0.7179
0.7183
0.7189
0.7180
0.7149
0.7185
0.7187
0.7187
0.7207
0.7178
0.7203
0.7166
0.7169
1.0980
0.7199
0.7197
0.7184
0.7173
0.7208
0.7185
0.7175
0.7171
0.7177
0.7187
0.7171
0.7178
0.7185
0.7207
0.7184
0.7190
0.7173
0.7173
0.7165
0.7173
0.7171
0.7155
0.7175
0.7193
0.7167
0.7179
0.7173
0.7187
0.7154
0.7171
0.7161
0.7186
0.7176
1.0927
0.7211
1.1112
0.7153
0.7182
0.7186
0.7183
0.7178
0.7153
0.7170
0.7173
0.7189
0.7188
0.7172
0.7192
0.7137
0.7178
0.7188
0.7159
0.7169
0.7154
0.7170
0.7185
0.7192
0.7206
0.7163
0.7166
0.7183
0.7173
0.7187
0.7195
0.7174
0.7153
0.7176
0.7184
0.7140
1.0970
0.7178
0.7187
0.7196
0.7172
0.7185
0.7166
0.7132
0.7177
0.7187
0.7140
0.7102
1.0255
0.7198
0.7177
0.7184
0.7186
0.7165
0.7178
0.7187
1.1152
0.7176
0.7170
0.7209
0.7177
0.7169
1.1110
0.7189
0.7178
0.7176
0.7177
0.7183
0.7187
0.7180
0.7192
0.7199
0.7176
0.7197
0.7185
0.7165
0.7193
0.7190
0.7184
0.7174
1.1075
0.7184
0.7168
0.7167
0.7165
0.7174
0.7187
0.7188
1.0853
0.7172
0.7186
0.7189
0.7206
0.7184
0.7170
1.1049
0.7198
0.7174
0.7185
0.7164
0.7148
0.7178
0.7170
0.7185
0.7209
0.7192
0.7147
0.7173
0.7188
0.7187
0.7190
0.7177
0.7131
0.7185
0.7167
0.7188
0.7172
0.7152
1.1172
0.7148
0.7191
0.7172
0.7176
0.7127
0.7213
0.7185
0.7191
0.7183
0.7166
1.1169
0.7210
0.7210
0.7235
0.7164
0.7173
0.7193
0.7192
0.7193
0.7173
0.7141
0.7188
0.7176
0.7185
0.7175
0.7182
0.7150
0.7139
1.1001
0.7193
0.7183
0.7219
0.7201
0.7139
0.7083
0.7122
0.5015
0.4849
0.7098
0.7142
0.7055
0.7085
0.7097
0.7023
0.7105
0.7104
0.7004
0.8178
0.5179
0.3158
0.3161
0.3171
0.3180
0.3185
0.3223
0.3177
0.3240
0.3688
0.3666
0.3691
0.3677
0.3693
0.3689
0.3673
0.3669
0.3680
0.3645
0.3703
0.3718
0.3700
0.3695
0.3695
0.3707
0.3700
0.3710
0.3696
0.4193
0.7179
0.7174
0.7176
0.7192
0.7194
0.7138
0.7186
0.7190
0.7186
0.7186
1.1211
0.7176
0.7183
0.7187
1.0540
0.7194
0.7185
0.7191
0.7190
0.7194
0.7193
0.7182
0.7205
0.7208
0.7196
0.7175
1.0205
0.7216
0.7154
0.7195
0.7187
0.7184
0.7191
0.7169
0.7180
0.7192
0.7190
0.7191
0.7195
0.7189
0.7153
0.7195
0.7195
0.7189
0.7190
0.7195
0.7176
0.7205
0.7185
0.7192
0.7189
0.7191
0.7103
0.7189
0.7182
0.7206
0.7234
0.7224
0.7091
0.7193
0.7194
0.7176
0.7190
0.7194
0.7100
0.7188
0.7188
0.7190
0.7174
0.7191
0.7140
0.7189
0.7192
0.7176
0.7176
0.7187
0.7154
0.7186
0.7190
0.7190
0.7185
0.7176
0.7145
0.7175
0.7152
0.7192
0.7182
0.7189
0.7175
0.7182
0.7174
0.7189
0.7187
0.7192
0.7142
0.7184
0.7183
0.7170
0.7178
0.7177
0.7107
0.7174
0.7239
0.7212
0.7187
0.7187
0.7137
0.7182
0.7174
0.7157
0.7112
0.7132