0.4271
0.3161
0.3166
0.3916
0.3936
0.3914
0.3918
0.3906
0.3152
0.3141
0.3149
0.3154
0.3152
0.3143
0.3154
0.3144
0.3988
0.3949
0.3939
0.3928
0.3942
0.3956
0.3995
0.3982
0.3939
0.3162
0.4429
0.3159
0.3161
0.3164
0.3159
0.3171
0.3152
0.3151
0.3157
0.3152
0.3159
0.3146
0.3167
0.3148
0.3170
0.3147
0.3163
0.3152
0.3176
0.3144
0.3171
0.3145
0.3172
0.3149
0.3181
0.3150
0.3161
0.3148
0.3176
0.3141
0.3167
0.3143
0.3158
0.3147
0.3169
0.3150
0.3168
0.3148
0.3158
0.3152
0.3160
0.3144
0.3153
0.3158
0.3154
0.3162
0.3158
0.3998
0.3989
0.3986
0.4000
0.3988
0.3997
0.3999
0.3984
0.3959
0.4000
0.3989
0.4003
0.3993
0.3985
0.3994
0.3996
0.4012
0.3980
0.4023
0.3178
0.3147
0.3171
0.3154
0.3999
0.3986
0.3987
0.3970
0.3991
0.3172
0.3953
0.3955
0.3961
0.3964
0.3968
0.3962
0.3948
0.3942
0.3925
0.3920
0.3967
0.3968
0.4029
0.3999
0.3986
0.3958
0.3967
0.3981
0.3980
0.3964
0.3949
0.3943
0.3945
0.3955
0.3961
0.3979
0.3975
0.3989
0.3985
0.3988
0.3999
0.4005
0.3989
0.3999
0.3997
0.3987
0.3997
0.3966
0.3982
0.3967
0.3993
0.3997
0.3994
0.3973
0.3963
0.3968
0.3988
0.3995
0.3980
0.3964
0.3990
0.3995
0.3954
0.3977
0.3986
0.3965
0.3972
0.3972
0.3964
0.3961
0.3939
0.3940
0.3945
0.3926
0.3940
0.3904
0.3935
0.3933
0.3959
0.3984
0.3963
0.3961
0.5602
0.3951
0.3928
0.3966
0.3964
0.3949
0.3978
0.3967
0.3959
0.3976
0.3957
0.3948
0.3946
0.3942
0.3964
0.3983
0.3992
0.3990
0.3982
0.3998
0.3985
0.3990
0.3987
0.3992
0.3998
0.3972
0.3986
0.3974
0.3963
0.3952
0.3163
0.3959
0.3961
0.3944
0.3952
0.3940
0.3926
0.3937
0.3958
0.3962
0.3968
0.3957
0.3942
0.3935
0.3965
0.3941
0.3961
0.3978
0.3968
0.3950
0.3934
0.3948
0.3152
0.3961
0.3951
0.3161
0.3939
0.3961
0.3956
0.3948
0.3938
0.3929
0.3938
0.3157
0.3949
0.3978
0.3946
0.3964
0.3945
0.3956
0.3969
0.3962
0.3966
0.3962
0.3928
0.3930
0.3939
0.3947
0.3161
0.3146
0.3158
0.3155
0.3947
0.3157
0.3154
0.3152
0.3154
0.3152
0.3154
0.3940
0.3938
0.3150
0.3156
0.3154
0.3148
0.3158
0.3151
0.3152
0.3147
0.3156
0.3149
0.3154
0.3142
0.3164
0.3142
0.3941
0.3155
0.3151
0.3147
0.3158
0.3148
0.3153
0.3146
0.3159
0.3146
0.3164
0.3152
0.3158
0.3162
0.3158
0.3142
0.3156
0.3149
0.3154
0.3149
0.3159
0.3176
0.3170
0.3153
0.3160
0.3185
0.3190
0.3154
0.3178
0.3154
0.3182
0.3149
0.3184
0.3156
0.3176
0.3171
0.3171
0.3158
0.3167
0.3165
0.3162
0.3162
0.3159
0.3164
0.3163
0.3165
0.3156
0.3156
0.3169
0.3158
0.3160
0.3159
0.3166
0.3161
0.3999
0.3165
0.3954
0.3162
0.3171
0.3158
0.3173
0.3161
0.3160
0.3162
0.3159
0.3153
0.3187
0.3163
0.3156
0.3159
0.3164
0.3154
0.3163
0.3160
0.3158
0.3153
0.3160
0.3155
0.3163
0.3160
0.3969
0.3185
0.3164
0.3178
0.3157
0.3160
0.3950
0.3146
0.3172
0.3153
0.3962
0.3982
0.3935
0.3937
0.3150
0.3944
0.3164
0.3155
0.3161
0.3163
0.3159
0.3155
0.3161
0.3166
0.3157
0.3157
0.3163
0.3153
0.3155
0.3165
0.3155
0.3158
0.3164
0.3161
0.3164
0.3166
0.3164
0.3170
0.3201
0.3167
0.3193
0.3160
0.3189
0.3155
0.3171
0.3153
0.3158
0.3152
0.3178
0.3147
0.3180
0.3168
0.3169
0.3163
0.3170
0.3158
0.3155
0.3157
0.3162
0.3154
0.3171
0.3965
0.3152
0.3181
0.3153
0.3160
0.3154
0.3181
0.3154
0.3991
0.3180
0.3148
0.3178
0.3158
0.3179
0.3959
0.3150
0.3180
0.3151
0.3162
0.3151
0.3173
0.3152
0.3170
0.3145
0.3173
0.3938
0.3947
0.3157
0.3153
0.3158
0.3159
0.3163
0.3953
0.3153
0.3166
0.3955
0.3155
0.3970
0.3163
0.3153
0.3170
0.3149
0.3164
0.3155
0.3156
0.3156
0.3964
0.3174
0.3159
0.3159
0.3161
0.3166
0.3982
0.3166
0.3162
0.4698
0.3173
0.3163
0.3149
0.3151
0.3156
0.3150
0.3154
0.3153
0.3968
0.3162
0.3147
0.3169
0.3166
0.4004
0.3956
0.3175
0.3158
0.3172
0.3145
0.3169
0.3945
0.3150
0.3161
0.3144
0.3165
0.3154
0.3164
0.3151
0.3159
0.3971
0.3159
0.3161
0.3157
0.3153
0.3165
0.3155
0.3154
0.3165
0.3171
0.3161
0.3170
0.3159
0.3154
0.3179
0.3156
0.3958
0.3151
0.3176
0.3946
0.3960
0.3163
0.3172
0.3963
0.3155
0.3999
0.3980
0.3163
0.3151
0.3160
0.3967
0.3168
0.3954
0.3149
0.3179
0.3150
0.3190
0.3164
0.3169
0.3158
0.3169
0.3162
0.3979
0.3164
0.3952
0.3152
0.3184
0.3154
0.3175
0.3146
0.3181
0.3146
0.3174
0.3157
0.3172
0.3159
0.3175
0.3153
0.3164
0.3162
0.3161
0.3958
0.3156
0.3182
0.3154
0.3183
0.3152
0.3179
0.3160
0.4012
0.3173
0.3170
0.3160
0.3151
0.3171
0.3177
0.3155
0.3176
0.3155
0.3157
0.3150
0.3162
0.3152
0.3162
0.3158
0.3154
0.3158
0.3172
0.3156
0.3166
0.3163
0.3163
0.3155
0.3165
0.3157
0.3161
0.3156
0.3161
0.3160
0.3161
0.3157
0.3183
0.3969
0.3164
0.3167
0.3984
0.3165
0.3162
0.3159
0.3168
0.3157
0.3159
0.3163
0.3162
0.3169
0.3178
0.3155
0.3165
0.3159
0.3165
0.3153
0.3186
0.3151
0.3159
0.3152
0.3164
0.3150
0.3158
0.3154
0.3155
0.3154
0.3159
0.3987
0.3173
0.3167
0.3160
0.3157
0.3163
0.3169
0.3159
0.3964
0.3920
0.3970
0.3157
0.3922
0.3157
0.3157
0.3156
0.3181
0.3170
0.3997
0.3157
0.3156
0.3155
0.3160
0.3180
0.3151
0.3148
0.3151
0.3953
0.3158
0.3157
0.3181
0.3179
0.3170
0.3160
0.3178
0.3162
0.3990
0.3188
0.3172
0.3152
0.3160
0.3160
0.3978
0.3167
0.3999
0.3167
0.3175
0.3153
0.3159
0.3160
0.3152
0.3169
0.3172
0.3168
0.3159
0.3145
0.3161
0.3157
0.3165
0.3158
0.3159
0.3160
0.3150
0.3166
0.3175
0.3158
0.3169
0.3153
0.3154
0.3163
0.3156
0.3158
0.3158
0.3161
0.3154
0.3168
0.4520
0.3155
0.3155
0.3155
0.3153
0.3160
0.3154
0.3165
0.3159
0.3164
0.3154
0.3155
0.3152
0.3162
0.3159
0.3175
0.3159
0.3174
0.3159
0.3162
0.3153
0.3166
0.3171
0.3163
0.3160
0.3159
0.3154
0.3165
0.3156
0.3160
0.3156
0.3165
0.3157
0.3171
0.3159
0.3160
0.3156
0.3172
0.3158
0.3160
0.3157
0.3162
0.3151
0.3172
0.3158
0.3165
0.3166
0.3171
0.3160
0.3163
0.3154
0.3174
0.3167
0.3150
0.3154
0.3156
0.3159
0.3167
0.3158
0.3166
0.3156
0.3162
0.3161
0.3166
0.3146
0.3171
0.3149
0.3170