1.8204
1.4370
1.4213
1.4157
1.0211
1.0247
1.0190
1.4424
1.4116
1.4216
1.4243
1.4222
1.4370
1.4447
1.4320
1.4252
1.4244
1.4235
1.4461
1.4450
1.0185
1.0254
1.0183
1.0217
1.0221
1.0210
1.0186
1.0231
1.0199
1.0201
1.0189
1.0229
1.0140
1.0082
0.6952
0.6883
1.0176
1.0219
1.0213
1.0219
1.0207
1.0168
1.0179
1.4517
1.4393
1.4143
1.4197
1.4195
1.4220
1.4448
1.4490
1.4226
1.4227
1.4223
1.4245
1.4481
1.4487
1.0207
1.4480
1.4114
1.0209
1.4229
1.4199
1.4207
1.4240
1.0235
1.0223
1.0220
1.0175
1.0196
1.0179
1.0202
1.0250
1.0254
1.0245
1.0217
1.0262
1.0271
1.0218
1.0190
1.0258
1.0253
1.0203
1.0232
1.0209
1.0240
1.0261
1.0252
1.0243
1.0176
1.0194
1.0188
1.0245
1.0107
1.0089
0.5028
0.8580
1.0176
1.4250
1.4438
1.4440
1.4279
1.4410
1.4069
1.4244
1.4422
1.4468
1.4282
1.4352
1.4300
1.0222
1.4139
1.4228
1.4396
1.4444
1.4293
1.4281
1.3767
1.4204
1.4228
1.4427
1.4423
1.4262
1.4235
1.4205
1.4236
1.4451
1.4498
1.4226
1.4207
1.4252
1.4238
1.4468
1.4462
1.4225
1.4171
1.4231
1.4295
1.4422
1.4036
1.4255
1.4234
1.4426
1.4529
1.4129
1.4227
1.4217
1.4174
1.4497
1.4381
1.4274
1.4245
1.4233
1.4227
1.4452
1.4443
1.4263
1.4232
1.4260
1.4200
1.4472
1.4422
1.4296
1.4179
1.4227
1.4292
1.4416
1.4424
1.4276
1.4269
1.4218
1.4254
1.4478
1.4404
1.4307
1.4237
1.4195
1.4253
1.4420
1.4479
1.4225
1.4059
1.4359
1.4428
1.4280
1.5595
1.4332
1.4116
1.4236
1.4228
1.4196
1.4364
1.4521
1.4271
1.4243
1.4205
1.4252
1.4419
1.4466
1.4266
1.4272
1.4003
1.4259
1.4198
1.4458
1.4460
1.4248
1.4221
1.4257
1.4221
1.4405
1.4421
1.4125
1.4210
1.4209
1.4206
1.4367
1.4471
1.4272
1.4266
1.0224
1.4141
1.4260
1.4202
1.4132
0.9915
1.3761
1.3710
1.3986
1.3799
0.5678
0.5808
0.5685
0.5760
0.5663
0.6614
0.6665
1.4263
1.4112
1.4299
1.4283
1.4218
1.4526
1.4011
1.3727
1.4436
1.4439
1.4361
1.4410
1.4236
1.3823
1.4237
1.4427
1.4558
1.4417
1.4550
1.4505
1.3854
1.4215
1.4108
1.4356
1.4419
1.4455
1.4542
1.4230
1.4114
1.4148
1.4359
1.0199
1.0222
1.4104
1.4435
1.4318
1.4417
1.4472
1.4136
1.4124
1.4125
1.0175
1.4162
1.3490
1.0215
1.0177
1.0216
1.4414
1.3855
1.4300
1.0191
0.9570
1.2309
1.0230
1.0202
1.0187
1.0230
1.0193
1.0218
1.0214
1.0188
1.0216
1.0246
1.0224
1.0203
1.0200
1.0224
1.0206
1.4426
1.4407
1.4431
1.4562
1.0195
1.4199
1.4257
1.4438
1.4450
1.4464
1.4679
1.4499
1.0217
1.0210
1.4451
1.0210
1.0196
1.0205
1.0215
1.0175
1.0204
1.0189
1.0211
1.0203
1.0202
1.0197
1.0165
1.0219
1.0207
1.0208
1.0208
1.0197
1.0230
1.0207
1.0215
1.0214
1.0215
1.0205
1.0233
1.0212
1.0197
1.0211
1.0197
1.0211
1.0206
1.0223
1.0165
1.0213
1.0202
1.0194
1.0224
1.0208
1.0204
1.0202
1.0188
1.0161
1.0160
1.0167
0.9382
0.4583
0.9665
1.0205
1.0218
1.0200
1.0214
1.0128
1.0217
1.0218
1.0197
1.0204
1.0213
1.0207
1.0230
1.0172
1.0213
1.0210
1.0207
1.0209
1.0212
1.0214
1.1319
1.0215
1.0221
1.0185
1.0216
1.0215
1.0208
1.0198
1.0203
1.0207
1.0201
1.0202
1.0210
1.0217
1.0203
1.0218
1.0207
1.0210
1.0247
1.0166
1.0199
1.0123
1.0214
1.0202
1.0208
1.0209
1.0228
1.0209
1.0213
1.0231
1.0203
1.0198
1.0209
1.0197