1.4428
1.0315
1.0280
1.4307
1.0295
1.4419
1.4554
1.4741
1.4477
1.4521
1.7352
1.4623
1.0233
1.0223
1.0253
1.0244
1.0271
1.0232
1.4489
1.4283
1.4310
1.4252
1.4640
1.0218
1.4369
1.4347
1.0261
1.4653
1.4611
1.0241
1.0277
1.0252
1.0275
1.0293
1.0219
1.0263
1.0259
1.0291
1.0210
1.0263
1.0261
1.0260
1.4351
1.4242
0.7699
1.4019
1.4040
1.0147
1.4066
1.0098
0.7810
0.5803
0.5688
0.4610
0.4612
0.4788
0.5304
0.6780
0.6812
1.4476
1.0281
1.0266
1.4561
1.4783
1.4601
1.4642
1.3893
1.3571
1.4489
1.4574
1.4692
1.4491
1.0245
1.4496
1.4210
1.4300
1.4708
1.4549
1.4565
1.4503
1.4464
1.4631
1.4786
1.4593
1.4619
1.4247
1.3975
1.4301
1.4398
1.0256
1.4622
1.4141
1.4529
1.4301
1.4301
1.4571
1.4587
1.4418
1.4591
1.4705
1.4556
1.4634
1.4615
1.4703
1.4589
1.3641
1.2822
1.0362
1.4543
1.4534
1.4671
1.4577
1.4588
1.4456
1.4735
1.4676
1.4774
1.4734
1.4625
1.4315
1.4345
1.4323
1.4407
1.4562
1.4596
1.4555
1.4529
1.4456
1.4501
1.4556
1.4643
1.4536
1.4463
1.4360
1.4174
1.4111
1.4566
1.4604
1.4530
1.4516
1.4539
1.4613
1.4609
1.4364
1.4332
1.4362
1.4171
1.4643
1.4570
1.4570
1.4530
1.4585
1.4321
0.7855
1.2075
1.4628
1.4381
1.4328
1.4344
1.4385
1.4506
1.4616
1.4711
1.4589
1.4463
1.4493
1.4692
1.4658
1.4331
1.4391
1.4055
1.4380
1.4497
1.4422
1.4615
1.4571
1.4477
1.4688
1.4550
1.4347
1.4271
1.4360
1.4401
1.4538
1.4638
1.4618
1.4612
1.4673
1.4608
1.4614
1.4593
1.4518
1.4639
1.4666
1.4662
1.4229
1.4420
1.4614
1.4240
1.4343
0.6707
1.3344
1.4576
1.4687
1.4546
1.4469
1.4651
1.4257
1.4319
1.0247
1.4575
1.4618
1.4607
1.4627
1.4643
1.4481
1.4544
1.4334
1.3899
1.0232
1.4613
1.4602
1.6095
1.4115
1.4622
1.4589
1.4551
1.4579
1.4579
1.4586
1.4604
1.4678
1.4669
1.4526
1.4327
1.4343
1.4368
1.4246
1.0259
1.4596
1.0191
1.0237
1.4587
1.4635
1.0243
1.4186
1.4319
1.0230
1.4415
1.0104
1.4213
1.4337
1.4573
1.4606
1.4577
1.4630
1.0231
1.4375
1.3911
1.4448
1.4600
1.4616
1.4493
1.4643
1.4635
1.0225
1.0239
1.0252
1.0256
1.4382
1.0240
1.0246
1.0273
1.0249
1.4492
1.0230
1.0216
1.0252
1.0230
1.0223
1.4513
1.0256
1.0230
1.0249
1.0217
1.0254
1.0223
1.0223
1.0252
1.4483
1.4508
1.4471
1.0222
1.4322
1.4322
1.4468
1.0202
1.0212
1.0234
1.0241
1.4302
1.0245
1.0223
1.0156
1.0215
1.0235
1.0253
1.0249
1.0220
1.0234
1.0238
1.0220
1.0120
1.0101
1.0217
1.0251
1.0241
1.0192
1.0215
1.0230
1.0209
1.0221
1.0200
1.0210
1.0173
1.0246
1.0218
1.0238
1.0254
1.0240
1.0237
1.0206
1.0221
1.0213
1.0243
1.0213
1.0254
1.0246
1.0215
1.0227
1.0212
1.0223
1.0228
1.0253
1.0245
1.0250
1.0222
1.0230
1.0150
1.0200
1.0229
1.0198
1.0183
1.0245
1.0235
1.0226
1.0225
1.0203
1.0222
1.0254
1.0188
1.0235
1.0224
1.0220
1.0246
1.0236
1.0201
1.0231
1.0177
1.0232
1.0228
1.0224
1.0221
1.0202
1.0254
1.0250
1.0225
1.0227
1.0200
1.0197
1.0225
1.0211
1.0201
1.0241
1.0243
1.0213
1.0230
1.0244
1.0230
1.0242
1.0181
1.0202
1.0239
1.0225
1.0159
0.8731
0.7857
1.0104
1.0125
1.0114