0.5682
0.4591
0.4562
0.4629
0.5743
0.6704
1.4186
1.4264
1.4418
1.4301
1.4305
1.3903
1.3396
1.4751
1.4295
1.4412
1.0211
1.0214
1.0160
1.0201
1.0199
1.0244
1.0245
1.0235
1.0211
1.0199
1.0214
1.0261
1.0231
1.0193
1.0254
1.0240
1.0220
1.0211
1.0223
1.0212
1.0231
1.0206
1.0212
1.0271
1.4437
1.4435
1.0234
1.0235
1.0205
1.4547
1.4396
1.0217
1.4167
1.4473
1.4463
1.0246
1.0234
1.0214
1.0229
1.0252
1.0208
1.0227
1.0140
1.0246
1.0261
1.0224
1.0243
1.0223
1.0223
1.0231
1.0284
1.0252
1.0228
1.0144
1.0245
1.0225
1.3893
1.4258
1.0302
1.4467
1.4470
1.4492
1.4483
1.4568
1.4278
1.4274
1.4342
1.4131
1.4468
1.4570
1.4598
1.4564
1.4548
1.4648
1.4540
1.4388
1.4316
1.4283
1.4390
1.4565
1.4554
1.4484
1.4634
1.4639
1.4511
1.4550
1.4626
1.4631
1.4240
1.4373
1.4331
1.4160
1.4600
1.4425
1.4524
1.4574
1.4504
1.4578
1.4534
1.3980
1.4120
1.4299
1.4677
1.4315
1.1115
0.5939
1.4549
1.4713
1.4621
1.4637
1.4285
1.4307
1.4305
1.4350
1.4530
1.4652
1.4609
1.4421
1.4591
1.4548
1.4661
1.4573
1.4292
1.4469
1.4240
1.4381
1.4382
1.4720
1.4437
1.4605
1.4546
1.4552
1.4645
1.4553
1.4636
1.4366
1.4378
1.4212
1.4484
1.4417
1.4637
1.4655
1.4517
1.4594
1.4598
1.4547
1.4566
1.4691
1.4827
1.4643
1.3704
1.3970
1.4535
1.4630
1.4449
1.4685
1.4518
1.4612
1.4584
1.4299
1.4271
1.4364
1.4363
1.4549
1.4476
1.4591
1.4658
1.4593
1.4540
1.4646
1.4620
1.4590
1.4586
1.4324
1.0282
1.4398
1.4673
1.4594
1.4604
1.4587
1.4539
1.4511
1.4559
1.4669
1.4644
1.4287
1.4308
1.4336
1.4534
1.4311
1.4733
1.4728
1.4607
1.4464
1.4558
1.0233
1.4363
1.4358
1.4438
1.4490
1.4536
1.4569
1.4520
1.4595
1.4602
1.4635
1.0264
1.4304
1.4420
1.4573
1.4546
1.4586
1.4777
1.4571
1.4601
1.4472
1.4654
1.4214
1.4371
1.4451
1.6369
1.0241
1.4464
1.4317
1.0257
1.0270
1.4545
1.4394
1.0231
1.0192
1.0242
1.0253
1.0254
1.0251
1.4172
1.4591
1.4546
1.4508
1.4549
1.4576
1.0223
1.0233
1.4480
1.4648
1.4541
1.0229
1.0263
1.0253
1.0269
1.0231
1.0282
1.0150
0.9660
1.0107
1.4120
1.0155
1.4134
1.3923
0.9594
0.5820
0.4592
0.4644
0.5656
0.5917
0.5316
0.5331
0.6906
1.4487
1.0257
1.0234
1.0255
1.4387
1.4385
1.0235
1.0243
1.0248
1.0248
1.4456
1.0219
1.0260
1.4518
1.0229
1.0258
1.0255
1.0253
1.0244
1.0257
1.4532
1.4514
1.4547
1.4119
1.4342
1.4268
1.0228
1.4390
1.0235
1.4638
1.0227
1.0210
1.0220
1.0228
1.0255
1.4567
1.4301
1.4271
1.4471
1.0250
1.0244
1.4534
1.4564
1.0237
1.4466
1.0214
1.0310
1.0264
1.0238
1.0229
1.0199
1.0266
1.0249
1.0244
1.0226
1.0232
1.0266
1.0245
1.0199
1.0089
0.7072
0.7407
1.0250
1.0234
1.0273
1.0261
1.0214
1.0237
1.0231
1.0252
1.0200
1.4436
1.4224
1.0223
1.4414
1.0261
1.0210
1.0284
1.0249
1.0249
1.0246
1.4653
1.0244
1.0263
1.4410
1.0232
1.0227
1.0262
1.0261
1.0252
1.0252
1.0236
1.0264
1.0259
1.0253
1.0266
1.0255
1.0247
1.0224
1.0234
1.0237
1.0258
1.0197
1.0238
1.0247
1.4401
1.0244
1.0250
1.0238
1.0216
1.0248
1.4465
1.0215
1.0252
1.4299
1.0253
1.0212
1.0256
1.0258
1.4455
1.4526
1.0219
1.4558
1.0233
1.3594
1.0240
1.0217
1.0089
0.6614
1.0060
1.4226
1.4373
1.0238
1.0245
1.0256
1.0250
1.0193
1.0249
1.0236
1.0242
1.0249
1.0249
1.0231
1.0247
1.0269
1.0238
1.0253
1.0249
1.0213
1.0245
1.0244
1.0278
1.0255
1.0209
1.0248
1.0231
1.0209
1.0225
1.0273
1.1488
1.0245
1.0240
1.0249
1.0301
1.0250
1.0216
1.0256
1.0193
1.4401
1.0249
1.0256
1.0262
1.0211
1.0240
1.0239
1.0258
1.0244
1.0241
1.0268
1.0227
1.0221
1.0239
1.0244
1.0253
1.0231
1.0218
1.0242
1.0249
1.0256
1.0265
1.4283
1.0244
1.0231
1.0250
1.4656
1.0263
1.0279
1.0244
1.3240
1.0085
0.7293
0.8127
1.0259
1.0235
1.0239
1.0243
1.0258
1.0250
1.0258
1.0251
1.0272
1.0206
1.0279
1.0281
1.0235
1.0267
1.0251
1.0200
1.0256
1.0249
1.0232
1.0260
1.0247
1.0291
1.0262
1.0251
1.0240
1.0244
1.0257
1.0247
1.0260
1.0250
1.0252
1.0249
1.0262
1.0285
1.0249
1.0261
1.0231
1.0254
1.0258
1.0189
1.0279
1.0255
1.0219
1.0224
1.0251
1.0224
1.0270
1.0225
1.0236
1.0237
1.0244
1.0248
1.0252
1.0285
1.0275
1.0282
1.0256
1.4344
1.0218
1.0256
1.0307
1.0258
1.4475
1.0254
1.0254
1.0257
1.0258
1.0259
1.0236
1.0253
1.0246
1.0263
1.0156
1.0132
1.0255
1.0264
1.0222
1.0271
1.4492
1.0242
1.4781
1.0261
1.0255
1.0260
1.0259
1.0255
1.0250
1.0267
1.0254
1.0273
1.0250
1.0253
1.0260
1.0275
1.0274
1.0248
1.0261
1.0285
1.0234
1.0249
1.0258
1.0194
1.0258
1.0266
1.0231
1.0262
1.0247
1.0253
1.0247
1.0233
1.0268
1.0281
1.0228
1.0259
1.0254
1.0260
1.0245
1.0250
1.0211
1.0258
1.0249
1.0264
1.0225
1.0244
1.0228
1.4684
1.0234
1.0250
1.0256
1.0254
1.0236
1.0274
1.0234
1.0237
1.0274
1.4595
1.0249
1.0263
1.0262
1.0273
1.0261
1.4705
1.0262
1.3785
1.0132
1.0261
1.0263
1.0264
1.0261
1.0273
1.0233
1.0230
1.0267
1.0212
1.0231
1.0274
1.0273
1.0244
1.0262
1.4381
1.0262
1.4180
1.0254
1.0246
1.0269
1.4344
1.0246
1.0217
1.0267
1.0236
1.0252
1.0213
1.0269
1.0268
1.0259
1.0236
1.0263
1.0267
1.0241
1.0272
1.0264
1.0243
1.0271
1.0259
1.0257
1.0259
1.4730
1.0241
1.0244
1.0253
1.0157
1.0238
1.4590
1.0237
1.0247
1.0263
1.0235
1.0250
1.0260
1.0207
1.0240
1.0274
1.0249
1.0252
1.0274
1.0227
1.0184
1.0239
1.0257
1.0260
1.0225
1.0275
1.4368
1.0234
1.0236
1.0113
0.6328
1.0108
1.0083
1.4014
1.4074
1.0047
0.8080
0.5676
0.4601
0.4648
0.6107
0.4902
0.5298
0.5326
0.5309
0.6824
0.5316
0.6241
1.0228
1.0257
1.0229
1.0263
1.0239
1.0257
1.0247
1.0252
1.0237
1.0229
1.0231
1.0248
1.0246
1.0219
1.0239
1.0256
1.0246
1.0257
1.0272
1.0257
1.0262
1.0250
1.0278
1.0227
1.0249
1.0227
1.0249
1.0229
1.0225
1.0232
1.0214
1.0243
1.0247
1.0238
1.0249
1.0272
1.0259
1.0279
1.0241
1.0232
1.0273
1.0247
1.0253
1.0258
1.4140
1.0262
1.0264
1.0239
1.0245
1.0254
1.0299
1.0267
1.0248
1.0235
1.0240
1.0250
1.0249
1.0233
1.0235
1.0269
1.0237
1.0244
1.0266
1.0246
1.0253
1.0265
1.0250
1.0245
1.0235
1.0237
1.0275
1.0251
1.0269
1.0192
1.0149
0.6314
0.8428
1.0246
1.0275
1.0247
1.0250
1.0205
1.0276
1.0261
1.0251
1.0233
1.0270
1.0240
1.0235
1.0249
1.0255
1.0253
1.0246
1.0251
1.0253
1.0241
1.0255
1.0244
1.0185
1.0264
1.0252
1.0250
1.0240
1.0268
1.0254
1.0256
1.0232
1.0244
1.0224
1.0253
1.0233
1.0274
1.0255
1.0240
1.0279
1.0222
1.0258
1.0237
1.0229
1.0227
1.0261
1.0250
1.0201
1.0249
1.0246
1.0244
1.0223
1.0259
1.0249
1.0246
1.0236
1.0228
1.0251
1.0169
1.0263
1.0256
1.0215
1.0219
1.0217
1.0235
1.0255
1.0257
1.0213
1.0265