1.4305
1.4429
1.0210
1.0209
1.4223
1.4405
1.4461
1.4446
1.0214
1.4237
1.4139
1.4402
1.4386
1.4260
1.4111
1.1564
0.7849
1.4227
1.4326
1.4350
1.4463
1.4449
1.0194
1.4159
1.4298
1.0184
1.4199
1.0198
1.0196
1.0211
1.0213
1.0197
1.0202
1.0209
1.0204
1.0210
1.0208
1.0208
1.0222
1.0216
1.0225
1.0233
1.0199
1.0221
1.0200
1.0224
1.0217
1.0176
1.0198
1.0140
1.0223
1.0192
1.0214
1.0231
1.0204
1.0201
1.0182
1.0202
1.0206
1.0207
1.0189
1.0204
1.0217
1.0210
1.0207
1.0235
1.0208
1.0262
1.0227
1.0198
1.0221
1.0181
1.0209
1.0213
1.0196
1.0206
1.0186
1.0211
1.0195
1.4176
1.4406
1.4460
1.4394
1.4515
1.4192
1.3832
1.4337
1.4247
0.6579
1.3599
1.4458
1.4465
1.4289
1.4169
1.4181
1.4055
1.4483
1.4371
1.4451
1.4392
1.4571
1.4191
1.3709
1.4348
1.4423
1.4471
1.4467
1.4514
1.4592
1.4290
1.4144
1.4191
1.4551
1.4458
1.4502
1.4671
1.4502
1.4552
1.4500
1.4256
1.4315
1.4259
1.4470
1.4424
1.4552
1.4450
1.4548
1.4530
1.4542
1.4759
1.4849
1.4576
1.4672
1.4828
1.4402
1.4548
1.3006
1.0342
1.4570
1.4409
1.4510
1.4432
1.4639
1.4768
1.4691
1.4631
1.4233
1.4385
1.4231
1.4223
1.4552
1.4494
1.4476
1.4559
1.4457
1.4490
1.4433
1.4313
1.4354
1.4284
1.4421
1.4560
1.4522
1.4515
1.4517
1.4602
1.4560
1.4408
1.4132
1.4190
1.4343
1.4433
1.4485
1.4515
1.4549
1.4458
1.4182
1.4374
1.4290
1.4259
1.4397
1.4605
1.3755
1.4299
1.4246
1.4260
1.4449
1.4347
1.4503
1.4393
1.4619
1.4520
1.4441
1.4471
1.4186
1.4407
1.4303
1.4290
1.4492
1.4555
1.4503
1.4458
1.4545
1.4572
1.4517
1.4502
1.4327
1.4216
1.4280
1.4466
1.0194
1.0222
1.4164
1.4523
1.4348
1.4563
1.4473
1.4426
1.3988
1.4382
1.4313
1.0202
1.4444
1.4664
1.0221
1.0181
1.4447
1.0179
1.4208
1.0186
1.0245
1.0245
1.0198
1.0190
1.4206
1.4395
1.0191
1.4136
1.0255
1.4199
1.0224
1.4508
1.4569
1.0212
1.0255
1.4504
1.4471
1.4427
1.4517
1.0206
1.4209
1.4389
1.4540
1.4487
1.4427
1.4462
1.0196
1.4349
1.4233
1.4588
1.0157
1.4266
1.4259
1.4298
1.4238
1.4390
1.0247
1.4129
1.4237
1.0245
1.4528
1.0240
1.0223
1.0224
1.4461
1.0226
1.0233
1.4499
1.4461
1.0251
1.4296
1.0181
1.4423
1.4463
1.4488
1.0222
1.4056
1.0227
1.0243
1.0276
1.0262
1.0248
1.3723
1.4134
1.4236
0.6467
1.3358
1.0144
1.4045
1.4065
1.0163
1.0072
0.4633
0.6003
0.5870
0.5754
0.6405
0.6736
1.4338
1.4212
1.4308
1.0256
1.0249
1.4006
1.0219
1.4581
1.4088
1.3727
1.4555
1.4334
1.4535
1.0216
1.0207
1.4500
1.0205
1.0219
1.0205
1.0209
1.3725
1.4028
1.0183
1.4290
1.3863
1.4131
1.4474
1.4496
1.0229
1.0211
1.4590
1.4546
1.4459
1.4554
1.4437
1.0205
1.0237
1.5122
1.0211
1.4484
1.0207
1.4356
1.4312
1.4448
1.4423
1.0202
1.0208
1.4336
1.4470
1.4448
1.4609
1.0209
1.4162
1.3870
1.4041
0.5483
1.4171
1.0188
1.4529
1.4432
1.4427
1.4538
1.0210
1.0236
1.4574
1.0211
1.0212
1.0212
1.0253
1.4297
1.0153
1.0201
1.0201
1.0204
1.4335
1.0221
1.0218
1.4447
1.0258
1.0223
1.4541
1.0237
1.0183
1.0220
1.0214
1.0267
1.0210
1.4529
1.0255
1.0236
1.0229
1.4626
1.4651
1.0234
1.4323
1.0222
1.4489
1.0263
1.0210
1.0222
1.0234
1.0179
1.0194
1.0227
1.0236
1.0249
1.0276
1.0215
1.0203
1.0237
1.0227
1.0248
1.0255
1.0217
1.0217
1.0231
1.0208
1.0262
1.0227
1.0193
1.0206
1.0226
1.4197
1.0202
1.0065
0.7817
0.4887
1.0207
1.0243
1.0206
1.0142
1.0206
1.0213
1.4364
1.4518
1.0220
1.4227
1.0239
1.0222
1.4487
1.0247
1.0172
1.0242
1.0215
1.0224
1.0224
1.0207
1.4543
1.0193
1.0208
1.0205
1.0188
1.0240
1.4374
1.0201
1.4563
1.0249
1.0201
1.0208
1.4350
1.4218
1.0212
1.0239
1.0231
1.4375
1.0242
1.0234
1.4202
1.0214
1.0209
1.0218
1.0241
1.0205
1.0139
1.0204
1.0215
1.0245
1.0233
1.0225
1.0225
1.0220
1.0251
1.0209
1.0194
1.4314
1.0213
1.0210
1.0197
1.4430
1.0202
1.0240
1.0177
1.0222
1.0193
1.0218
1.0235
1.3791
1.0102
1.0162
1.0231
1.0252
1.0181
1.0229
1.0222
1.0214
1.0231
1.0203
1.0186
1.0228
1.0197
1.0248
1.0233
1.0212
1.0213
1.0216
1.0249
1.0235
1.0209
1.0207
1.0214
1.0218
1.0207
1.0191
1.0206
1.0193
1.0258
1.0214
1.0212
1.0151
1.0210
1.0240
1.0218
1.0210
1.0241
1.0220
1.0227
1.0250
1.0239
1.0258
1.0231
1.0299
1.0322
1.0292
1.0297
1.0249
1.0256
1.0232
1.0213
1.0234
1.0259
1.0276
1.0268
1.0240
1.0299
1.0234
1.0311
1.0212
1.0275
1.0291
1.0232
1.0243
1.0365
1.0287
1.0279
1.0296
1.0263
1.0337
1.0278
1.0253
1.0282
1.0282
1.0280
1.0273
1.0281
1.0298
1.0300
1.0250
1.0274
1.0198
1.0129
1.0218
1.0191
1.0231
1.0259
1.0280
1.0260
1.0284
1.0237
1.0258
1.0288
1.0262
1.0312
1.0234
1.0275
1.0300
1.0299