0.7174
0.7387
0.5444
0.5427
0.5385
0.5464
0.5457
0.5362
0.5402
0.5410
0.5357
0.5405
0.5344
0.5507
0.5372
0.5417
0.5368
0.5368
0.7252
0.5388
0.5450
0.5463
0.5390
0.5438
0.6911
0.5363
0.5443
0.5438
0.5410
0.5367
0.5342
0.5441
0.5351
0.5394
0.7275
0.6899
0.6938
0.5402
0.5344
0.5419
0.5382
0.5350
0.5415
0.7036
0.5379
0.5455
0.6991
0.5363
0.7071
0.5384
0.7239
0.7028
0.7032
0.6974
0.5439
0.5362
0.5372
0.7079
0.7061
0.7178
0.5448
0.5506
0.5386
0.7036
0.7007
0.7107
0.7024
0.6991
0.6976
0.6992
0.6932
0.7032
0.5370
0.5385
0.6831
0.7038
0.5359
0.5355
0.5493
0.6998
0.7006
0.6916
0.6941
0.5411
0.5460
0.5358
0.7085
0.7134
0.7068
0.7068
0.7179
0.6955
0.5390
0.5514
0.5383
0.5364
0.5440
0.5354
0.5477
0.5370
0.5384
0.5400
0.5366
0.7112
0.7140
0.6956
0.5375
0.6931
0.6931
0.7043
0.5368
0.5498
0.5366
0.5348
0.5481
0.7183
0.6959
0.6955
0.5535
0.5375
0.5391
0.5508
0.5524
0.7172
0.5414
0.5342
0.5482
0.6951
0.7200
0.6979
0.7019
0.7195
0.6998
0.5401
0.5399
0.5455
0.5387
0.6957
0.7045
0.6990
0.5375
0.5382
0.5397
0.5411
0.5377
0.7228
0.7232
0.5400
0.5387
0.5391
0.7113
0.7107
0.5442
0.5421
0.5479
0.5456
0.5354
0.7167
0.8858
0.5427
0.5356
0.7069
0.7201
0.7104
0.5370
0.5454
0.5383
0.7176
0.5469
0.5348
0.5414
0.5353
0.5365
0.5478
0.7132
0.5354
0.7025
0.7080
0.7029
0.5526
0.5357
0.5382
0.5393
0.5376
0.5439
0.5426
0.5498
0.5362
0.5435
0.5415
0.5371
0.5416
0.5350
0.5356
0.5367
0.5384
0.5407
0.5391
0.5602
0.5370
0.5358
0.5412
0.5408
0.5386
0.5401
0.5414
0.5482
0.5474
0.5477
0.5510
0.5397
0.5447
0.5478
0.5474
0.5365
0.5355
0.5348
0.5373
0.5361
0.5441
0.5361
0.5345
0.5363
0.5456
0.5403
0.5401
0.5496
0.5394
0.5427
0.5489
0.5509
0.7210
0.7021
0.7107
0.6945
0.6866
0.6926
0.6892
0.6968
0.7040
0.7053
0.6908
0.7212
0.6947
0.6981
0.7049
0.6913
0.7007
0.7045
0.7007
0.7002
0.6902
0.7020
0.7017
0.7020
0.6991
0.7017
0.7040
0.6970
0.6947
0.6953
0.7020
0.6942
0.6922
0.7069
0.7100
0.6954
0.6958
0.7014
0.6952
0.7088
0.7073
0.7033
0.7008
0.7099
0.6988
0.6976
0.6859
0.6943
0.7054
0.5351
0.5395
0.5365
0.7104
0.7291
0.6924
0.7003
0.6942
0.7055
0.6929
0.7116
0.7067
0.5406
0.5392
0.7208
0.7071
0.7026
0.7015
0.6991
0.5377
0.7063
0.7098
0.6965
0.6916
0.7019
0.6835
0.7076
0.7239
0.7016
0.6997
0.6975
0.6953
0.7063
0.7082
0.7068
0.6897
0.6978
0.6875
0.6971
0.5373
0.5359
0.7206
0.7083
0.5377
0.5389
0.7180
0.7118
0.7040
0.5348
0.5408
0.5413
0.7658
0.5392
0.6927
0.5467
0.7099
0.5458
0.5393
0.5389
0.7003
0.7001
0.6908
0.5359
0.5348
0.5498
0.5426
0.5434
0.6980
0.7080
0.6987
0.6788
0.6876
0.6950
0.6915
0.6907
0.7111
0.7108
0.7130
0.6924
0.5404
0.6997
0.7339
0.7121
0.6978
0.7127
0.7041
0.7035
0.6960
0.7018
0.6811
0.6864
0.6939
0.7040
0.6935
0.5520
0.5391
0.7086
0.7175
0.7134
0.5352
0.5354
0.5365
0.6963
0.5372
0.5502
0.6951
0.6919
0.7111
0.7106
0.7004
0.6938
0.7047
0.5426
0.5612
0.6966
0.5388
0.5434
0.5342
0.6890
0.7024
0.5384
0.7099
0.7018
0.7061
0.7004
0.5372
0.7068
0.7008
0.7212
0.5429
0.6947
0.6905
0.5352
0.5355
0.5409
0.6949
0.6948
0.6866
0.5400
0.6825
0.6893
0.5354
0.5387
0.5457
0.7012
0.5381
0.5373
0.5352
0.7057
0.5491
0.5369
0.5375
0.5484
0.5446
0.7145
0.6924
0.5417
0.5437
0.7259
0.6892
0.5429
0.5414
0.6930
0.6991
0.7062
0.6973
0.5392
0.5393
0.7428
0.7000
0.5372
0.5368
0.6923
0.7070
0.5417
0.5389
0.5453
0.7070
0.5370
0.7095
0.6904
0.7130
0.5369
0.7054
0.7073
0.6953
0.6993
0.5372
0.5390
0.5387
0.5473
0.5435
0.5428
0.5384
0.5358
0.5462
0.5366
0.5526
0.5372
0.5399
0.5392
0.5420
0.7142
0.5382
0.5408
0.5450
0.7128
0.6942
0.5456
0.5384
0.7021
0.5361
0.7114
0.5529
0.6961
0.6963
0.7003
0.5422
0.6903
0.5399
0.7083
0.7151
0.6993
0.7033
0.5359
0.7125
0.7035
0.5412
0.5368
0.7193
0.6940
0.6918
0.5544
0.7071
0.5420
0.7045
0.5370
0.6850
0.5390
0.7087
0.5360
0.7252
0.5374
0.7022
0.7045
0.6998
0.7198
0.5479
0.7010
0.6940
0.8849
0.7039
0.6994
0.7023
0.7007
0.7011
0.6960
0.6958
0.5376
0.7176
0.5429
0.6869
0.7186
0.7056
0.5386
0.7155
0.5385
0.6916
0.6907
0.6996
0.6857
0.6895
0.6952
0.7054
0.7013
0.6791
0.7324
0.7125
0.5382
0.7298
0.7119
0.7234
0.7119
0.7025
0.7085
0.7246
0.7191
0.7073
0.6984
0.6985
0.5404
0.5427
0.7053
0.5462
0.5410
0.5457
0.5504
0.5392
0.7052
0.5582
0.5429
0.5514
0.5461
0.5484
0.5447
0.5454
0.5384
0.5429
0.5499
0.5475
0.5590
0.5531
0.5527
0.5571
0.5523
0.5568
0.5584
0.5450
0.5547
0.5427
0.5375
0.5427
0.5379
0.5463
0.5375
0.5387
0.5485
0.5523
0.5577
0.5461
0.5457
0.5557
0.5449
0.5424
0.5436
0.7052
0.5426
0.5440
0.7077
0.5432
0.7169
0.6991
0.6916
0.5367
0.5354
0.7113
0.7071
0.5378
0.5346
0.5418
0.5346
0.5434
0.5390
0.5358
0.7056
0.5397
0.5358
0.5457
0.7097
0.5366
0.5430
0.5363
0.5347
0.5403
0.7157
0.5364
0.6979
0.5405
0.5378
0.5446
0.5388
0.5388
0.5533
0.5378
0.5343
0.5398
0.5457
0.7042
0.5489
0.5378
0.7268
0.7239
0.5379
0.5399
0.5397
0.7047
0.5448
0.5456
0.5356
0.7051
0.5458
0.5443
0.5402
0.5350
0.5395
0.5407
0.5424
0.7057
0.5394
0.5395
0.5360
0.5412
0.5391
0.5403
0.7040
0.5368
0.5546
0.5371
0.5481
0.6972
0.5376
0.5459
0.7108
0.5358
0.7023
0.5431
0.5402
0.5435
0.5403
0.5450
0.7039
0.6954
0.5381
0.5358
0.5347
0.7193
0.5379
0.7126
0.5442
0.5359
0.5363
0.5468
0.6948
0.5427
0.5371
0.5382
0.5475
0.5364
0.6991
0.7046
0.6890
0.5377
0.5461
0.5362
0.5469
0.5399
0.5358
0.5463
0.5489
0.5463
0.7070
0.5467
0.5476
0.7038
0.7222
0.9423
0.7134
0.7009
0.5383
0.6992
0.5398
0.7008
0.5362
0.7022
0.5441
0.7107
0.5424
0.5380
0.5392
0.5363
0.5499
0.5364
0.5450
0.5436
0.5395
0.5406
0.5392
0.5505
0.5367
0.5409
0.5361
0.5351
0.5492
0.5350
0.5361
0.5362
0.5414
0.5373
0.5346
0.5360
0.5400
0.5354
0.5381
0.5370
0.5461
0.5416
0.5358
0.5415
0.5400
0.5469
0.5363
0.5390
0.5435
0.5388
0.5431
0.5445
0.5385
0.5471
0.5370
0.5445
0.5379
0.5464
0.5390
0.5411
0.5482
0.5372
0.5434
0.5374
0.5358
0.5420
0.5439
0.5383
0.5360
0.5437
0.5444
0.5365
0.5384
0.5367
0.5356
0.5353
0.5381
0.5377
0.5358
0.5352
0.5435
0.5403
0.5354
0.5358
0.5450
0.5490
0.5448
0.5459
0.5380
0.5427
0.5354
0.5485
0.5347
0.5444
0.5456
0.5379
0.5398
0.5351
0.5424
0.5487
0.5488
0.5345
0.5409
0.5356
0.5391
0.5342
0.5383
0.5352
0.5428
0.5394
0.5395