0.9831
0.6879
0.5339
0.5386
0.5367
0.5339
0.5328
0.5346
0.5329
0.5329
0.5311
0.5340
0.6744
0.6923
0.6806
0.6837
0.5370
0.5319
0.5333
0.5336
0.5332
0.5332
0.6902
0.6833
0.6810
0.6756
0.6795
0.6676
0.6846
0.6769
0.5364
0.5344
0.5331
0.5377
0.5327
0.5406
0.5362
0.5366
0.5376
0.5348
0.5374
0.5341
0.5350
0.5346
0.5395
0.5355
0.5350
0.5337
0.5331
0.5378
0.5350
0.5352
0.6844
0.5372
0.5344
0.5337
0.5362
0.5347
0.5316
0.5324
0.5316
0.5353
0.5353
0.6783
0.6849
0.5340
0.5321
0.5331
0.5324
0.6837
0.6845
0.6795
0.6770
0.6736
0.6785
0.6832
0.6702
0.6743
0.6702
0.6805
0.6757
0.6745
0.6806
0.5360
0.5335
0.5350
0.5336
0.5370
0.5351
0.5406
0.5358
0.5346
0.5334
0.6895
0.5342
0.6763
0.5330
0.5332
0.5349
0.5346
0.5344
0.5338
0.5358
0.5345
0.6792
0.6846
0.6855
0.6774
0.6801
0.6762
0.6688
0.6831
0.5375
0.5354
0.5355
0.5344
0.5350
0.5331
0.5346
0.5358
0.5355
0.5324
0.5429
0.5384
0.5364
0.5353
0.5350
0.6668
0.5351
0.5346
0.5382
0.5361
0.6854
0.6723
0.5378
0.5372
0.5343
0.5343
0.5342
0.5356
0.5332
0.6948
0.6736
0.5373
0.5385
0.5348
0.5323
0.6932
0.7246
0.6960
0.6950
0.6898
0.7059
0.6847
0.6838
0.6828
0.6839
0.6918
0.6757
0.6830
0.5342
0.5352
0.5351
0.5388
0.5352
0.5375
0.5358
0.5322
0.5338
0.5330
0.5348
0.5365
0.5337
0.5347
0.6788
0.5350
0.5335
0.5357
0.5331
0.5322
0.5364
0.5352
0.5329
0.5356
0.5334
0.5330
0.5349
0.5354
0.5334
0.5368
0.5331
0.5404
0.5337
0.5371
0.5342
0.5362
0.5352
0.5325
0.5357
0.5331
0.5384
0.5326
0.5334
0.5346
0.5352
0.6821
0.6791
0.5367
0.6912
0.6803
0.6756
0.6799
0.6656
0.6915
0.5351
0.5345
0.6865
0.6894
0.6838
0.6897
0.5370
0.5337
0.5329
0.5369
0.5354
0.6879
0.6807
0.5344
0.5381
0.6937
0.6846
0.6742
0.6748
0.6719
0.6841
0.6924
0.7264
0.6962
0.6831
0.6886
0.6842
0.6594
0.6717
0.6870
0.6933
0.6747
0.6627
0.6914
0.6892
0.6920
0.6823
0.6799
0.6860
0.6849
0.6862
0.6956
0.6847
0.6900
0.6883
0.6903
0.6898
0.6741
0.6702
0.6887
0.6823
0.6864
0.6898
0.5347
0.6924
0.6768
0.6863
0.6827
0.6714
0.5367
0.6804
0.6761
0.7048
0.6784
0.5346
0.5344
0.6958
0.6746
0.6879
0.6692
0.6798
0.5391
0.6879
0.5348
0.6828
0.5347
0.5355
0.6813
0.7060
0.6975
0.6883
0.7018
0.6842
0.6737
0.6810
0.6837
0.6893
0.6811
0.5360
0.5342
0.5354
0.5344
0.6721
0.6903
0.6801
0.5400
0.5351
0.6703
0.6976
0.6922
0.6850
0.5372
0.5346
0.6618
0.6768
0.5372
0.6740
0.5342
0.6923
0.6867
0.6747
0.6846
0.5369
0.6839
0.6788
0.6937
0.6826
0.5381
0.7013
0.6609
0.5383
0.6960
0.5367
0.5400
0.5360
0.5339
0.5323
0.5349
0.5353
0.6815
0.5354
0.5342
0.6869
0.6766
0.6864
0.5358
0.6776
0.8476
0.6957
0.6710
0.5359
0.5378
0.5364
0.5350
0.5371
0.6846
0.6862
0.6852
0.5365
0.6848
0.6797
0.6870
0.7068
0.5391
0.6780
0.5363
0.6752
0.5369
0.6854
0.5373
0.5330
0.5362
0.5364
0.6837
0.5364
0.6883
0.5343
0.5331
0.5338
0.6930
0.5396
0.5338
0.5322
0.5336
0.5344
0.5344
0.5355
0.5338
0.5342
0.5322
0.5343
0.5336
0.5346
0.5335
0.5327
0.5323
0.5352
0.5390
0.5402
0.5363
0.6923
0.6903
0.6767
0.5335
0.6915
0.5378
0.5346
0.6822
0.5362
0.6969
0.5332
0.6956
0.5344
0.6752
0.6730
0.6819
0.6882
0.6906
0.5336
0.7017
0.6797
0.6661
0.6850
0.5357
0.5326
0.5333
0.5331
0.5355
0.5346
0.5339
0.5358
0.5344
0.5381
0.5329
0.5347
0.5336
0.5349
0.5343
0.5392
0.5375
0.5331
0.5345
0.6944
0.5336
0.5337
0.6685
0.5334
0.6847
0.5349
0.6884
0.5372
0.5309
0.6804
0.5350
0.6843
0.5344
0.6996
0.5359
0.6842
0.5364
0.5358
0.5363
0.6730
0.5412
0.6778
0.5341
0.5335
0.6934
0.5345
0.6784
0.5356
0.5375
0.6931
0.5380
0.6890
0.5379
0.6659
0.5363
0.6854
0.6893
0.5462
0.6875
0.5395
0.5377
0.6694
0.5368
0.5366
0.6861
0.5336
0.5327
0.5348
0.5352
0.5345
0.6815
0.6737
0.5338
0.7593
0.5379
0.6777
0.5333
0.5339
0.5374
0.6889
0.5423
0.5392
0.6967
0.5389
0.5352
0.5338
0.5339
0.5349
0.5363
0.5336
0.5328
0.5362
0.5338
0.5338
0.5349
0.5332
0.5334
0.5352
0.5328
0.5330
0.5399
0.5338
0.5367
0.5367
0.5327
0.5379
0.5330
0.5352
0.5331
0.5323
0.5343
0.5329
0.5326
0.5328
0.5353
0.5329
0.5331
0.5345
0.5332
0.6741
0.5343
0.6889
0.5360
0.6920
0.5341
0.6797
0.5363
0.6864
0.5350
0.6952
0.5336
0.6914
0.5350
0.5343
0.5327
0.5350
0.5362
0.5444
0.5378
0.5346
0.5373
0.6998
0.5362
0.6820
0.5330
0.5348
0.5431
0.5331
0.5339
0.6832
0.5328
0.5327
0.5357
0.5327
0.5345
0.5337
0.5332
0.5373
0.5333
0.5334
0.5342
0.5331
0.5329
0.5313
0.5330
0.5324
0.5325
0.5333
0.5328
0.5327
0.5341
0.6784
0.5350
0.5346
0.5376
0.5341
0.5340
0.5344
0.5337
0.5477
0.5378
0.5380
0.5353
0.5380
0.5410
0.5363
0.5428
0.5370
0.5362
0.5340
0.5395
0.5393
0.5366
0.5364
0.5352
0.5323
0.5329
0.5349
0.5335
0.6799
0.5368
0.5331
0.5339
0.5321
0.5365
0.5351
0.5310
0.5333
0.5331
0.5335
0.5318
0.5312
0.5319
0.5363
0.5322
0.5333
0.5350
0.5333
0.5341
0.5395
0.5335
0.5339
0.5356
0.5329
0.5328
0.5330
0.5343
0.5326
0.5342
0.5349
0.5338
0.5337
0.5328
0.5340
0.5359
0.5344
0.5337
0.5314
0.5354
0.5342
0.5347
0.5332
0.5347
0.5369
0.5332
0.5387
0.5333
0.5340
0.5321
0.5326
0.5355
0.5363
0.5351
0.5379
0.5336
0.5351
0.5380
0.5334
0.5359
0.5354
0.5348
0.5319
0.5326
0.5335
0.5351
0.5314
0.5313
0.5316
0.5340
0.5317
0.5380
0.5338
0.5380
0.5349
0.5350
0.5333
0.5355
0.5323
0.5372
0.5348
0.5338
0.5344
0.5348
0.5326
0.5330
0.5327
0.5344
0.5340
0.5324
0.5359
0.5350
0.5387
0.5340
0.5338
0.5340
0.5325
0.5332
0.5343
0.5349