0.9416
0.7156
0.5359
0.6993
0.5361
0.5434
0.5375
0.5422
0.5385
0.5433
0.7073
0.7195
0.7138
0.6962
0.6972
0.5391
0.7057
0.7021
0.5451
0.5347
0.5354
0.5414
0.5384
0.5459
0.7051
0.6995
0.6922
0.7093
0.7081
0.5493
0.5463
0.5363
0.5431
0.5354
0.5431
0.5385
0.5357
0.5359
0.7047
0.7002
0.5389
0.7055
0.7022
0.7249
0.7183
0.5392
0.6954
0.7044
0.6961
0.6944
0.7233
0.5409
0.6929
0.7134
0.6893
0.6952
0.5362
0.5364
0.6945
0.7035
0.5453
0.7075
0.5482
0.5486
0.5336
0.5435
0.5362
0.7029
0.6931
0.5395
0.5353
0.5358
0.5437
0.5366
0.5466
0.5411
0.5371
0.5518
0.5383
0.5428
0.5369
0.5360
0.5423
0.5473
0.5360
0.5406
0.5449
0.6847
0.5352
0.5554
0.5532
0.5357
0.5436
0.5435
0.5445
0.5338
0.5370
0.5414
0.5385
0.5499
0.5360
0.5436
0.5359
0.5452
0.5478
0.5469
0.5381
0.5433
0.5443
0.5379
0.5549
0.7157
0.6928
0.7017
0.5378
0.5495
0.5388
0.5427
0.5415
0.5490
0.6964
0.7161
0.6969
0.5365
0.5376
0.5400
0.5371
0.5375
0.5417
0.7066
0.7007
0.7071
0.7014
0.5532
0.5361
0.5396
0.5354
0.5365
0.5506
0.5423
0.5492
0.7083
0.7018
0.7036
0.7149
0.7115
0.5418
0.6963
0.7161
0.5382
0.7053
0.7167
0.5459
0.5395
0.5401
0.5397
0.7175
0.7006
0.5380
0.7032
0.7067
0.5384
0.5514
0.5346
0.5345
0.5393
0.5363
0.5442
0.5364
0.5482
0.5408
0.5473
0.5387
0.5418
0.5417
0.5359
0.5433
0.6923
0.5373
0.5418
0.7231
0.5371
0.5400
0.5359
0.7050
0.5371
0.5434
0.5359
0.5443
0.5373
0.5371
0.5386
0.5342
0.5451
0.5524
0.5399
0.5426
0.5395
0.5449
0.5397
0.5415
0.5362
0.5366
0.5418
0.5412
0.5438
0.5364
0.5389
0.5505
0.5367
0.5444
0.5465
0.7135
0.5422
0.5349
0.5392
0.5444
0.5346
0.5400
0.5373
0.5445
0.5357
0.5386
0.5406
0.5507
0.5397
0.5350
0.5444
0.5387
0.5352
0.5467
0.5426
0.5487
0.5555
0.5426
0.5456
0.5388
0.5380
0.5525
0.5417
0.5507
0.5362
0.5466
0.6963
0.5454
0.5445
0.5418
0.7090
0.5481
0.7229
0.5352
0.5395
0.5432
0.5397
0.5432
0.5350
0.5532
0.5363
0.5359
0.5386
0.5360
0.5483
0.5352
0.5399
0.5445
0.5351
0.5405
0.5387
0.5554
0.5367
0.5530
0.7106
0.5401
0.7214
0.6992
0.7119
0.7658
0.7246
0.7129
0.5379
0.7010
0.7009
0.7047
0.5479
0.6974
0.5416
0.7015
0.5519
0.5349
0.6999
0.6890
0.7073
0.5473
0.5394
0.5424
0.7072
0.7127
0.5405
0.5466
0.5493
0.5485
0.5412
0.7016
0.5433
0.7014
0.5443
0.7006
0.6889
0.5399
0.7198
0.5484
0.7018
0.5462
0.7089
0.5517
0.7018
0.7004
0.5377
0.7019
0.5406
0.7006
0.5482
0.7091
0.5438
0.6998
0.5535
0.7210
0.6992
0.7012
0.6884
0.5380
0.7278
0.5379
0.5375
0.7080
0.7190
0.7160
0.7090
0.7053
0.7038
0.7035
0.6944
0.6964
0.7018
0.7007
0.5397
0.7204
0.5471
0.7258
0.6937
0.7165
0.7066
0.5459
0.6984
0.7125
0.6935
0.5454
0.7111
0.5383
0.6971
0.5447
0.5424
0.5352
0.5382
0.5422
0.7064
0.7077
0.5378
0.7135
0.5421
0.6965
0.5518
0.7115
0.5445
0.6964
0.5373
0.5455
0.5383
0.5417
0.5361
0.5429
0.5408
0.5441
0.7087
0.5368
0.7038
0.5459
0.7337
0.5430
0.7026
0.5401
0.7010
0.5362
0.6933
0.5408
0.5422
0.5448
0.5412
0.5360
0.5452
0.5388
0.5419
0.5457
0.5373
0.7157
0.7049
0.7098
0.5408
0.5398
0.5366
0.5431
0.5435
0.6924
0.5368
0.6913
0.5359
0.6957
0.5431
0.5350
0.5361
0.5360
0.5527
0.5426
0.5379
0.5395
0.5373
0.5455
0.5414
0.5416
0.5458
0.5458
0.5402
0.5379
0.5380
0.5417
0.5382
0.5426
0.5420
0.5441
0.5422
0.5370
0.5393
0.5379
0.5470
0.5540
0.5396
0.7075
0.5374
0.7072
0.5495
0.5393
0.5496
0.5379
0.9487
0.5411
0.5463
0.5456
0.5475
0.6997
0.7194
0.5391
0.5465
0.6887
0.5458
0.5356
0.5382
0.5365
0.7012
0.7026
0.5489
0.6921
0.5449
0.5373
0.5511
0.7008
0.5373
0.5523
0.5362
0.5510
0.5364
0.5499
0.5392
0.5361
0.5377
0.5368
0.5507
0.5396
0.5363
0.5457
0.5463
0.5454
0.5362
0.5440
0.5355
0.5396
0.5382
0.5490
0.5527
0.5452
0.5410
0.5354
0.5457
0.7026
0.5367
0.5350
0.7144
0.5363
0.7087
0.5354
0.5461
0.6940
0.5404
0.6891
0.5397
0.5358
0.5359
0.6970
0.5454
0.6985
0.5360
0.7056
0.7098
0.7015
0.5382
0.5441
0.5448
0.5374
0.6943
0.5467
0.5469
0.5472
0.5366
0.5362
0.5474
0.5375
0.5423
0.6930
0.5473
0.7103
0.5453
0.5372
0.5379
0.7284
0.5409
0.5476
0.5391
0.5418
0.5450
0.5354
0.5369
0.5373
0.5358
0.5395
0.5357
0.5412
0.5462
0.5383
0.5442
0.5353
0.5382
0.5431
0.5456
0.5383
0.5447
0.5487
0.5380
0.5408
0.5428
0.5387
0.5482
0.5430
0.5410
0.5360
0.5386
0.5417
0.5401
0.5401
0.5361
0.5442
0.5369
0.5464
0.5398
0.5371
0.5385
0.5357
0.5427
0.5355
0.5360
0.5426
0.5390
0.5417
0.5399
0.5379
0.5502
0.5348
0.5436
0.5375
0.5467
0.5477
0.5354
0.5379
0.5365
0.5531
0.5386
0.5421
0.5445
0.5499
0.5347
0.5385
0.5406
0.5368
0.5477
0.5354
0.5448
0.5525
0.5382
0.5464
0.5365
0.5425
0.5399
0.5367
0.5502
0.5390
0.5387
0.5369
0.5459
0.5431
0.5428
0.5426
0.5434
0.5374
0.5366
0.5385
0.5473
0.5379
0.5373
0.5356
0.7090
0.5420
0.7126
0.5360
0.5385
0.5356
0.5449
0.5511
0.5474
0.5407
0.5370
0.5496
0.5400
0.7160
0.5485
0.5386
0.5385
0.5361
0.6965
0.7028
0.5418
0.7132
0.5356
0.5361
0.5441
0.5364
0.7085
0.5511
0.7043
0.5381
0.7262
0.7181
0.5410
0.7097
0.9204
0.7028
0.7011
0.5505
0.7169
0.5502
0.7142
0.6784
0.5367
0.5491
0.5443
0.5446
0.5549
0.7122
0.5357
0.5390
0.6972
0.5489
0.5439
0.5355
0.7036
0.5409
0.5411
0.5386
0.5387
0.5355
0.7110
0.5503
0.6848
0.5405
0.5431
0.7138
0.6907
0.6912
0.7025
0.5379
0.5562
0.5394
0.5447
0.7194
0.7103
0.5369
0.5494
0.7217
0.6987
0.5415
0.6988
0.5484
0.5360
0.7155
0.7255
0.7046
0.5366
0.5356
0.5460
0.5421
0.5438
0.7035
0.5359
0.7155
0.5422
0.5411
0.7217
0.5404
0.6924
0.5369
0.5378
0.5446
0.7056
0.5441
0.5399
0.5445
0.5525
0.5450
0.5410
0.5354
0.5431
0.5376
0.5346
0.5369
0.5355
0.5388
0.5441
0.5478
0.5345
0.5357
0.5452
0.6910
0.6833
0.5401
0.5355
0.5498
0.5359
0.5356
0.5369
0.5357
0.5462
0.6904
0.5456
0.5352
0.5380
0.6918
0.5404
0.5460
0.7082
0.7037
0.6950
0.6978
0.5358
0.5371
0.7239
0.5359
0.7067
0.5439
0.5367
0.5420
0.5413
0.5479
0.7059
0.5478
0.5432
0.7139
0.5508
0.7028
0.5448
0.5409
0.7104
0.6965
0.5364
0.7182
0.6911
0.5457
0.7011
0.5361
0.5461
0.6921
0.5370
0.5367
0.5376
0.5412
0.5410
0.5362
0.5345
0.5348
0.5390
0.5650
0.7037
0.5447
0.7140
0.5356
0.6885
0.5360
0.7092
0.5414
0.6963
0.5369
0.6987
0.5482
0.5368
0.5407
0.7069
0.5547
0.5488
0.5378
0.5492
0.5439
0.5377
0.5475
0.5364
0.5450
0.5400
0.5388
0.5439
0.5363
0.5511
0.5369
0.5487
0.5404
0.5359
0.5379
0.5551
0.5493
0.5395
0.5478
0.5368
0.5426
0.5408
0.5378
0.5465
0.5388
0.5432
0.5365
0.5406
0.5354
0.5431
0.5469
0.5358
0.5419
0.5418
0.5425
0.5405
0.5358
0.7079
0.5384
0.5356
0.5352
0.5367
0.5353
0.5480
0.5366
0.5436
0.7020
0.5447
0.5430
0.6962
0.5460
0.7099
0.7072
0.6996
0.6922
0.5478
0.5356
0.5366
0.7009
0.5505
0.7020
0.5391
0.5443
0.7075
0.5360
0.5347
0.8992
0.5381
0.5468
0.5382
0.6929
0.5349
0.5351
0.6916
0.5428
0.5345
0.5474
0.5363
0.5365
0.5383
0.6986
0.5367
0.5383
0.5345
0.5443
0.5434
0.5347
0.5444
0.5411
0.5552
0.5377
0.5420
0.5412
0.5365
0.5545
0.5365
0.5389
0.5380
0.5462
0.5385
0.5352
0.5510
0.5359
0.5422
0.5491
0.5355
0.5377
0.5354
0.5385
0.5367
0.5398
0.5441
0.5357
0.5422
0.5383
0.5498
0.5344
0.5362
0.5458
0.5346
0.5414
0.5365
0.5343
0.5403
0.5360
0.5454
0.5456
0.5383
0.5426
0.5346
0.5343
0.5456
0.5374
0.5469
0.5348
0.5414
0.5417
0.5385
0.5380
0.5354
0.5358
0.5352
0.5387
0.5394
0.5386
0.5347
0.5359
0.5354
0.5439
0.5375
0.5456
0.5352
0.5429
0.5454
0.5360
0.5489
0.5364
0.5368
0.5591
0.5352
0.5401
0.5440
0.5478
0.5374