0.6887
0.5367
0.5321
0.6840
0.6847
0.5335
0.5346
0.5330
0.5332
0.6808
0.6895
0.5363
0.6768
0.6826
0.5349
0.6819
0.6831
0.6881
0.6890
0.5345
0.6760
0.6815
0.5343
0.5324
0.5365
0.6854
0.7004
0.6859
0.5397
0.5351
0.5332
0.6954
0.6690
0.5324
0.5368
0.5351
0.5325
0.5346
0.5336
0.7374
0.7473
0.5399
0.6817
0.6678
0.5398
0.5358
0.5333
0.6994
0.6875
0.6834
0.6759
0.6780
0.5337
0.6747
0.6849
0.6914
0.6933
0.5371
0.5347
0.6680
0.6811
0.7102
0.6861
0.5342
0.6765
0.5340
0.5328
0.5351
0.5343
0.5358
0.5389
0.5346
0.5417
0.5347
0.5338
0.5355
0.5310
0.5331
0.5366
0.5342
0.5351
0.5359
0.5349
0.5350
0.5318
0.5345
0.5392
0.5333
0.5343
0.5372
0.5360
0.5329
0.5334
0.6805
0.6923
0.5382
0.6856
0.6945
0.8352
0.6956
0.6727
0.6813
0.5349
0.5348
0.5342
0.5328
0.6714
0.6894
0.6910
0.6977
0.6823
0.6897
0.6815
0.6865
0.6830
0.6821
0.6821
0.5358
0.5349
0.5326
0.5343
0.5333
0.5322
0.5374
0.5346
0.5387
0.5336
0.5404
0.5354
0.5339
0.5331
0.5363
0.5330
0.5364
0.5329
0.5342
0.5378
0.5362
0.5353
0.5350
0.5337
0.6727
0.6894
0.5328
0.5352
0.5367
0.6822
0.6809
0.5425
0.5352
0.6943
0.6888
0.5370
0.5429
0.5375
0.7004
0.5364
0.5367
0.5336
0.5357
0.5323
0.6636
0.6783
0.6794
0.5341
0.6791
0.5358
0.6880
0.6691
0.6917
0.6662
0.6772
0.5347
0.5352
0.5366
0.5351
0.5408
0.5338
0.5340
0.5340
0.5340
0.5372
0.5353
0.5346
0.6956
0.6659
0.5342
0.6712
0.6669
0.6771
0.5329
0.5335
0.6720
0.5344
0.5370
0.6876
0.5418
0.5328
0.6877
0.6847
0.5326
0.5342
0.5383
0.5375
0.5361
0.5352
0.5372
0.5376
0.5351
0.5356
0.5337
0.5335
0.5345
0.5355
0.5644
0.5476
0.5368
0.5369
0.5376
0.5437
0.5408
0.5369
0.5358
0.5364
0.5380
0.5351
0.5396
0.5387
0.5348
0.5389
0.5356
0.5354
0.5448
0.5469
0.5372
0.5376
0.5348
0.5355
0.6926
0.5370
0.6862
0.7000
0.6903
0.5356
0.6868
0.5333
0.6895
0.6942
0.5344
0.5332
0.5374
0.6989
0.5342
0.5337
0.5335
0.5356
0.5345
0.6713
0.6732
0.5383
0.5327
0.5356
0.5346
0.5339
0.5328
0.5333
0.5329
0.5350
0.5338
0.5338
0.5331
0.5322
0.5357
0.5379
0.5390
0.5338
0.5341
0.5361
0.5336
0.6922
0.6865
0.6839
0.5376
0.5370
0.6935
0.6855
0.5360
0.5338
0.6843
0.5368
0.6910
0.6723
0.6772
0.5368
0.5323
0.6931
0.6896
0.6821
0.5342
0.5352
0.6820
0.6812
0.6841
0.5341
0.6864
0.5357
0.5341
0.5354
0.5363
0.5353
0.5337
0.5343
0.5345
0.5366
0.5371
0.5399
0.5359
0.5316
0.5348
0.5357
0.5376
0.6824
0.5341
0.5377
0.8555
0.5375
0.5392
0.6749
0.5351
0.6910
0.5359
0.6912
0.5364
0.5363
0.5332
0.5375
0.5346
0.5367
0.5359
0.5344
0.5362
0.5345
0.5338
0.5473
0.5385
0.5335
0.5361
0.5356
0.6933
0.5353
0.5360
0.5432
0.6918
0.5399
0.6758
0.5354
0.6839
0.5381
0.6724
0.6828
0.6926
0.6923
0.5369
0.6797
0.5356
0.5333
0.5343
0.5330
0.5343
0.5353
0.5335
0.5332
0.5343
0.5354
0.5371
0.5319
0.5329
0.5335
0.5326
0.6806
0.5333
0.6650
0.6616
0.5357
0.5317
0.5333
0.6809
0.6829
0.5341
0.5317
0.5321
0.5366
0.5330
0.6844
0.5357
0.5320
0.5338
0.5337
0.5332
0.5324
0.5359
0.5325
0.5374
0.5348
0.6897
0.5343
0.6857
0.5391
0.5379
0.5350
0.5398
0.6864
0.5372
0.5342
0.5359
0.5345
0.5355
0.5334
0.5349
0.5339
0.5348
0.5362
0.5377
0.5363
0.5330
0.5349
0.5341
0.5330
0.5387
0.5355
0.5357
0.5409
0.5387
0.5336
0.5341
0.5360
0.5351
0.5326
0.5347
0.5353
0.5336
0.5389
0.5338
0.5383
0.5342
0.5333
0.5360
0.5345
0.5334
0.5340
0.5340
0.5345
0.5331
0.5360
0.5361
0.5360
0.5362
0.5360
0.5348
0.5348
0.5341
0.5378
0.5324
0.5334
0.5561
0.5622
0.5437
0.5404
0.5376
0.5423
0.5403
0.5366
0.5408
0.5360
0.5358
0.5327
0.5340
0.5339
0.5342
0.6707
0.5372
0.6843
0.5349
0.5327
0.5411
0.5332
0.5358
0.5340
0.5328
0.5363
0.6878
0.5352
0.6815
0.5357
0.5340
0.5337
0.5337
0.5346
0.5323
0.6796
0.5386
0.5333
0.5353
0.5332
0.5357
0.5363
0.5337
0.5358
0.5344
0.5329
0.5415
0.5364
0.5345
0.5351
0.5320
0.5319
0.5366
0.5344
0.5335
0.5366
0.5364
0.5339
0.5337
0.5389
0.5343
0.5357
0.5355
0.5368
0.5345
0.5333
0.5354
0.5341
0.5463
0.5499
0.5674
0.5542
0.5456
0.5469
0.5451
0.5593
0.5404
0.5480
0.5408
0.5376
0.5405
0.5478
0.5442
0.5405
0.5711
0.5504
0.5442
0.5381
0.5573
0.5534
0.5461
0.5390
0.5392
0.5588
0.5428
0.5428
0.5427
0.5482
0.5496
0.5425
0.5449
0.5515
0.5360
0.5346
0.5374
0.5681
0.5484
0.5449
0.6791
0.5525
0.5505
0.5397
0.5432
0.5501
0.5433
0.5354
0.6869
0.5410
0.7051
0.6926
0.5376
0.5395
0.5340
0.6892
0.5337
0.5335
0.5367
0.5350
0.6919
0.5434
0.5332
0.5340
0.6831
0.5375
0.5357
0.5348
0.7158
0.5359
0.6803
0.6922
0.5418
0.5361
0.6976
0.5363
0.6706
0.5354
0.5343
0.5411
0.6842
0.5351
0.6847
0.5360
0.5375
0.5381
0.5333
0.5334
0.5333
0.5379
0.5330
0.5318
0.5355
0.5380
0.5334
0.6865
0.5365
0.5344
0.5352
0.5329
0.5368
0.5323
0.5322
0.6945
0.5338
0.5334
0.5333
0.5362
0.6737
0.5342
0.5358
0.5353
0.6877
0.6875
0.5378
0.5348
0.5375
0.5370
0.5417
0.6860
0.5536
0.5349
0.6963
0.6911
0.5385
0.5359
0.6846
0.5375
0.5377
0.5341
0.5367
0.5390
0.5355
0.6790
0.6884
0.6845
0.6852
0.5363
0.6842
0.6891
0.5368
0.5340
0.5361
0.5368
0.5347
0.6812
0.6598
0.5340
0.5386
0.5384
0.5361
0.5354
0.6817
0.6904
0.5365
0.5352
0.5366
0.6855
0.6824
0.5351
0.5334
0.5344
0.6880
0.6881
0.6845
0.5337
0.6907
0.5383
0.5338
0.6941
0.6915
0.5338
0.6751
0.5334
0.6852
0.5391
0.6826
0.5340
0.6829
0.5336
0.5338
0.5388
0.7025
0.5359
0.5332
0.5332
0.5360
0.5386
0.5327
0.5347
0.5331
0.5347
0.5338
0.5340
0.6733
0.5374
0.6767
0.5371
0.6604
0.5353
0.6786
0.5342
0.5387
0.5368
0.5334
0.6623
0.5350
0.6797
0.5351
0.6901
0.5380
0.5331
0.5321
0.5339
0.5346
0.6934
0.6809
0.5363
0.6894
0.5375
0.6783
0.5385
0.6875
0.5367
0.6717
0.5355
0.6682
0.5344
0.5335
0.5410
0.5353
0.5364
0.5387
0.5330
0.5409
0.6839
0.5439
0.5379
0.5337
0.5373
0.5354
0.6844
0.5329
0.5344
0.5597
0.5677
0.5624
0.5389
0.5354
0.5351
0.5372
0.5605
0.7174
0.5605
0.5457
0.5499
0.5740
0.5406
0.5531
0.5480
0.9073
0.5512
0.5398
0.7288
0.5467
0.7018
0.5510
0.5411
0.7092
0.5458
0.7308
0.5377
0.5501
0.5435
0.7321
0.5501
0.5394
0.7314
0.5405
0.7334
0.5465
0.7348
0.5467
0.5557
0.5496
0.7076
0.5463
0.7270
0.5395
0.5451
0.5441
0.7027
0.5452
0.5510
0.6959
0.5484
0.7121
0.5493
0.7178
0.5478
0.6902
0.5398
0.5519
0.5388
0.7052
0.5547
0.5443
0.5527
0.7063
0.5523
0.5422
0.7018
0.5396
0.7230
0.5476
0.5414
0.7013
0.5449
0.5409
0.5467
0.5412
0.7275
0.5613
0.5458
0.6929
0.5406
0.5623
0.5410
0.5452
0.5465
0.5496
0.5492
0.5530
0.7106
0.7084
0.5456
0.5511
0.5464
0.5384
0.5396
0.5653
0.5477
0.5641
0.7117
0.5556
0.5423
0.5422
0.7111
0.7087
0.7052
0.5417
0.5498
0.5388
0.5438
0.5481
0.5534
0.5406
0.5441
0.5398
0.7081
0.7015
0.6993
0.5377
0.5388
0.5354
0.7256
0.5394
0.5429
0.5372
0.5374
0.5528
0.5405
0.6917
0.5477
0.5494
0.5371
0.5533
0.5441
0.5442
0.5383
0.5486
0.6859
0.5380
0.5375
0.5378
0.5372
0.5357
0.5401
0.5409
0.5490
0.5397
0.5465
0.5377
0.5452
0.5398
0.5450
0.7164
0.5415
0.5358
0.5397
0.5358
0.5508
0.5504
0.5505
0.5375
0.5445
0.5442
0.5445
0.5441
0.5395
0.5391
0.5358
0.5469
0.7078
0.5382
0.6899
0.5428
0.5372
0.5357
0.5441
0.5384
0.5468
0.5426
0.5382
0.5414
0.5460
0.5410
0.5349
0.5472
0.5426
0.6913
0.5380
0.7073
0.5445
0.5382
0.5370
0.6973
0.5377
0.5415
0.5374
0.6997
0.5427
0.6967
0.5391
0.5360
0.5409
0.5393
0.5391
0.5441
0.5343
0.5450
0.5440
0.5425
0.5363
0.5351
0.5499
0.5354
0.5358
0.5377
0.5348
0.5412
0.5359
0.5367
0.5382
0.5378
0.5366
0.5461
0.5348