0.09731245040893555
0.09244084358215332
0.09552955627441406
0.0968465805053711
0.09432053565979004
0.09554195404052734
0.09666872024536133
0.09533023834228516
0.09456682205200195
0.09700274467468262
0.09641265869140625
0.08772540092468262
0.09715032577514648
0.09133529663085938
0.09594297409057617
0.10826683044433594
0.09475231170654297
0.09384799003601074
0.09330391883850098
0.09157800674438477
0.09691786766052246
0.09159541130065918
0.09286260604858398
0.08882737159729004
0.09629130363464355
0.09531402587890625
0.0930030345916748
0.09561443328857422
0.09534645080566406
0.0918734073638916
0.09368371963500977
0.0919029712677002
0.09248089790344238
0.09200859069824219
0.09122490882873535
0.09067702293395996
0.09368419647216797
0.09093523025512695
0.09491419792175293
0.09609127044677734
0.09120798110961914
0.09473967552185059
0.09519410133361816
0.08806586265563965
0.09438562393188477
0.09603404998779297
0.09213829040527344
0.09154343605041504
0.0961599349975586
0.09055685997009277
0.09499335289001465
0.0952293872833252
0.09398436546325684
0.09832549095153809
0.09706592559814453
0.09152436256408691
0.09670662879943848
0.09866905212402344
0.09061813354492188
0.09059333801269531
0.09337115287780762
0.1055135726928711
0.09184813499450684
0.09720373153686523
0.09517621994018555
0.09203600883483887
0.09005188941955566
0.09604525566101074
0.09027481079101562
0.09227371215820312
0.23394250869750977
0.09586906433105469
0.09558582305908203
0.09330391883850098
0.09242081642150879
0.08828258514404297
0.09083771705627441
0.08988046646118164
0.09255075454711914
0.09653997421264648
0.09633302688598633
0.09268307685852051
0.09278225898742676
0.09434151649475098
0.09353184700012207
0.09125471115112305
0.09201812744140625
0.11588692665100098
0.09163856506347656
0.09085845947265625
0.09706950187683105
0.08966779708862305
0.0906686782836914
0.09697198867797852
0.08895492553710938
0.08994698524475098
0.09200143814086914
0.08964109420776367
0.0894169807434082
0.09112143516540527
0.09252381324768066
0.09143233299255371
0.09147262573242188
0.09931159019470215
0.09526753425598145
0.09203553199768066
0.09798789024353027
0.09182453155517578
0.09382510185241699
0.09714460372924805
0.09389019012451172
0.09144282341003418
0.09542536735534668
0.08867979049682617
0.09129047393798828
0.09032702445983887
0.08766460418701172
0.09267926216125488
0.09240531921386719
0.1109774112701416
0.12453222274780273
0.09408879280090332
0.0937199592590332
0.09217119216918945
0.08891725540161133
0.08782410621643066
0.08873939514160156
0.09067010879516602
0.09233498573303223
0.09093213081359863
0.09456110000610352
0.09213805198669434
0.08943653106689453
0.09212160110473633
0.08815407752990723
0.09239363670349121
0.08833193778991699
0.09209895133972168
0.09196019172668457
0.0927743911743164
0.09053897857666016
0.09162068367004395
0.09251880645751953
0.09244418144226074
0.09238862991333008
0.09180140495300293
0.0943915843963623
0.09415578842163086
0.09124064445495605
0.08989167213439941
0.09002375602722168
0.09534049034118652
0.09012889862060547
0.09284329414367676
0.09087538719177246
0.09156584739685059
0.09373307228088379
0.09843707084655762
0.0944674015045166
0.0931239128112793
0.09135150909423828
0.09293437004089355
0.09592103958129883
0.09251976013183594
0.09027266502380371
0.09175252914428711
0.0986337661743164
0.09309005737304688
0.09233260154724121
0.0923004150390625
0.0921182632446289
0.09510302543640137
0.0942387580871582
0.09488987922668457
0.09130358695983887
0.09079504013061523
0.09176230430603027
0.09416055679321289
0.09362530708312988
0.13217878341674805
0.10195088386535645
0.09348583221435547
0.09321713447570801
0.09560155868530273
0.0935821533203125
0.0911405086517334
0.09302759170532227
0.09509873390197754
0.10320687294006348
0.10060238838195801
0.0953977108001709
0.08960485458374023
0.08999490737915039
0.09057784080505371
0.09133148193359375
0.09141874313354492
0.09138774871826172
0.08998632431030273
0.09095048904418945
0.09074091911315918
0.09125328063964844
0.0889747142791748
0.08983159065246582
0.09250831604003906
0.09196734428405762
0.09179234504699707
0.09020829200744629
0.09190058708190918
0.09169220924377441
0.09479665756225586
0.09134602546691895
0.09174370765686035
0.08951830863952637
0.09068632125854492
0.0937952995300293
0.09552192687988281
0.09254717826843262
0.09094071388244629
0.09954690933227539
0.10031366348266602
0.0930013656616211
0.09143185615539551
0.09335207939147949
0.09202003479003906
0.09276843070983887
0.09308433532714844
0.09314990043640137
0.09749627113342285
0.09352946281433105
0.09267568588256836
0.09577798843383789
0.09272456169128418
0.08944153785705566
0.08867812156677246
0.09231328964233398
0.09252786636352539
0.08966183662414551
0.09270739555358887
0.09040188789367676
0.09178876876831055
0.09267210960388184
0.09261631965637207
0.25154638290405273
0.09102320671081543
0.0915684700012207
0.09656238555908203
0.09183049201965332
0.0890815258026123
0.09023880958557129
0.10108375549316406
0.09402966499328613
0.09039974212646484
0.09053754806518555
0.0919485092163086
0.09180831909179688
0.09123682975769043
0.09165191650390625
0.09183168411254883
0.09444808959960938
0.08872342109680176
0.08827805519104004
0.09356117248535156
0.09301924705505371
0.09389376640319824
0.0919046401977539
0.09433889389038086
0.09758162498474121
0.09357047080993652
0.0914149284362793
0.09243130683898926
0.09174418449401855
0.09190893173217773
0.0930321216583252
0.09054899215698242
0.09519553184509277
0.09871625900268555
0.10639405250549316
0.09987592697143555
0.09304261207580566
0.09163451194763184
0.09446167945861816
0.09369444847106934
0.09320569038391113
0.09421920776367188
0.09179258346557617
0.09384584426879883
0.09890151023864746
0.09554600715637207
0.09258031845092773
0.09191679954528809
0.08968639373779297
0.0920400619506836
0.09119367599487305
0.09140634536743164
0.09200310707092285
0.09049487113952637
0.09378266334533691
0.09035682678222656
0.09053969383239746
0.09030771255493164
0.08838605880737305
0.09305310249328613
0.09181499481201172
0.08742880821228027
0.08797574043273926
0.0935828685760498
0.09328651428222656
0.09369206428527832
0.09399724006652832
0.08936381340026855
0.08888745307922363
0.08928918838500977
0.08742308616638184
0.0896294116973877
0.09053778648376465
0.08893489837646484
0.08848834037780762
0.08907485008239746
0.09358882904052734
0.0929727554321289
0.09924936294555664
0.09839725494384766
0.09194684028625488
0.09035682678222656
0.0906076431274414
0.0926351547241211
0.09072136878967285
0.09208536148071289
0.08887934684753418
0.09288191795349121
0.09306836128234863
0.09644484519958496
0.09385561943054199
0.0910332202911377
0.09364056587219238
0.0898427963256836
0.09262657165527344
0.09744906425476074
0.09262204170227051
0.09243059158325195
0.08803510665893555
0.09295964241027832
0.09230327606201172
0.0945429801940918
0.09325981140136719
0.09247732162475586
0.09019851684570312
0.09606480598449707
0.08965277671813965
0.08848261833190918
0.08978271484375
0.0919337272644043
0.08576297760009766
0.08888030052185059
0.08929252624511719
0.09110093116760254
0.09409546852111816
0.09126615524291992
0.09370923042297363
0.09226226806640625
0.09305286407470703
0.09113168716430664
0.08986020088195801
0.09144306182861328
0.0953519344329834
0.08533549308776855
0.08576607704162598
0.0896601676940918
0.09334564208984375
0.09214186668395996
0.09241890907287598
0.09286999702453613
0.09175515174865723
0.09150981903076172
0.09336113929748535
0.09306931495666504
0.09753060340881348
0.09672188758850098
0.09084677696228027
0.08842921257019043
0.09376144409179688
0.10540604591369629
0.11322355270385742
0.11043548583984375
0.10527849197387695
0.09429621696472168
0.09209179878234863
0.09302592277526855
0.09425687789916992
0.09873652458190918
0.09382843971252441
0.09293818473815918
0.09295511245727539
0.0945885181427002
0.09024453163146973
0.09151315689086914
0.09192681312561035
0.09343409538269043
0.09761238098144531
0.09382033348083496
0.09225082397460938
0.09208846092224121
0.09279441833496094
0.09055972099304199
0.09052062034606934
0.09169816970825195
0.09056234359741211
0.09145069122314453
0.09014177322387695
0.09166836738586426
0.09097743034362793
0.09133458137512207
0.09402298927307129
0.08974075317382812
0.09049415588378906
0.09007811546325684
0.09026694297790527
0.09250402450561523
0.08926963806152344
0.09047913551330566
0.10005378723144531
0.24347877502441406
0.0924520492553711
0.09124946594238281
0.09204435348510742
0.08573198318481445
0.09152770042419434
0.09339547157287598
0.09162425994873047
0.08888006210327148
0.09221220016479492
0.08997082710266113
0.09278392791748047
0.09147810935974121
0.09323573112487793
0.0911564826965332
0.09130048751831055
0.09190058708190918
0.08992362022399902
0.09335207939147949
0.09319019317626953
0.0929713249206543
0.09409618377685547
0.0940852165222168
0.09400534629821777
0.09128522872924805
0.090118408203125
0.08943343162536621
0.09319353103637695
0.09516191482543945
0.09252238273620605
0.09347367286682129
0.09249663352966309
0.09164667129516602
0.09345388412475586
0.09208416938781738
0.09048032760620117
0.09250712394714355
0.09209847450256348
0.09214234352111816
0.090118408203125
0.09152746200561523
0.08895039558410645
0.09067964553833008
0.08774256706237793
0.09853196144104004
0.1110372543334961
0.09501051902770996
0.09266805648803711
0.09253430366516113
0.0928349494934082
0.09384965896606445
0.09351587295532227
0.08968162536621094
0.09329485893249512
0.09189534187316895
0.09256649017333984
0.09412670135498047
0.09237861633300781
0.09322881698608398
0.09179806709289551
0.0939948558807373
0.0905301570892334
0.09254264831542969
0.0916450023651123
0.09215426445007324
0.08936619758605957
0.09146451950073242
0.10231494903564453
0.09292817115783691
0.14710712432861328
0.10486459732055664
0.09734320640563965
0.09857988357543945
0.0922548770904541
0.08764171600341797
0.0935373306274414
0.09000444412231445
0.08736133575439453
0.08971786499023438
0.0878298282623291
0.08922863006591797
0.0899667739868164
0.09420990943908691
0.09857630729675293
0.09419918060302734
0.0925140380859375
0.09340620040893555
0.09368252754211426
0.09055590629577637
0.09001517295837402
0.0889427661895752
0.08921432495117188
0.09066295623779297
0.08971524238586426
0.09242868423461914
0.0911264419555664
0.09093213081359863
0.10763287544250488
0.13135766983032227
0.09676361083984375
0.08777594566345215
0.09210658073425293
0.09034919738769531
0.09111452102661133
0.09050798416137695
0.09259963035583496
0.0909738540649414
0.09034562110900879
0.09015750885009766
0.0888667106628418
0.09374260902404785
0.09498095512390137
0.09118270874023438
0.09102916717529297
0.09009480476379395
0.09100103378295898
0.0886998176574707
0.08403635025024414
0.08593034744262695
0.08945202827453613
0.09049725532531738
0.09089088439941406
0.09376335144042969
0.09394979476928711
0.0896909236907959
0.09227442741394043
0.10264205932617188
0.09336686134338379
0.08871269226074219
0.09156298637390137
0.09221816062927246
0.10952353477478027
0.09101700782775879
0.09568309783935547
0.09108710289001465
0.09148240089416504
0.09146881103515625
0.09124398231506348
0.09700775146484375
0.10163283348083496
0.10294103622436523
0.09900975227355957
0.10249853134155273
0.09259152412414551
0.08907532691955566
0.1127622127532959
0.09731459617614746
0.09255528450012207
0.094390869140625
0.09880590438842773
0.0908963680267334
0.09023332595825195
0.08674049377441406
0.08883380889892578
0.09341788291931152
0.09796857833862305
0.09243202209472656
0.09220314025878906
0.08976578712463379
0.09340429306030273
0.09203886985778809
0.09426236152648926
0.09338593482971191
0.09808230400085449
0.0923151969909668
0.09042739868164062
0.0929110050201416
0.09113192558288574
0.09122157096862793
0.09623169898986816
0.09331989288330078
0.08969902992248535
0.09066081047058105
0.09114527702331543
0.09030699729919434
0.0917654037475586
0.09322071075439453
0.22983598709106445
0.09320211410522461
0.09120869636535645
0.0898435115814209
0.09007501602172852
0.11045289039611816
0.0977327823638916
0.09134268760681152
0.09002304077148438
0.09643197059631348
0.09543943405151367
0.10710978507995605
0.09669828414916992
0.09149765968322754
0.0922393798828125
0.09216094017028809
0.0892643928527832
0.09214425086975098
0.09330511093139648
0.09263420104980469
0.09140539169311523
0.0895543098449707
0.09201765060424805