0.16853618621826172
0.15779376029968262
0.16632342338562012
0.16779065132141113
0.15751147270202637
0.16482782363891602
0.1656806468963623
0.1621863842010498
0.16703343391418457
0.16382384300231934
0.16295528411865234
0.16910052299499512
0.16994214057922363
0.20238971710205078
0.15923309326171875
0.302274227142334
0.17645049095153809
0.19636225700378418
0.1678311824798584
0.15871953964233398
0.1750330924987793
0.1752638816833496
0.1585860252380371
0.1673755645751953
0.1644132137298584
0.16364502906799316
0.16179943084716797
0.17079496383666992
0.16154026985168457
0.16333651542663574
0.16364717483520508
0.17034602165222168
0.16520428657531738
0.1609041690826416
0.16964077949523926
0.16794204711914062
0.15636849403381348
0.16258525848388672
0.168809175491333
0.1597750186920166
0.16205859184265137
0.16701292991638184
0.16226911544799805
0.16651511192321777
0.15683341026306152
0.1729292869567871
0.16951990127563477
0.19041800498962402
0.15853095054626465
0.1658933162689209
0.16266822814941406
0.15745806694030762
0.16012954711914062
0.16977477073669434
0.17403149604797363
0.172990083694458
0.16388583183288574
0.15489959716796875
0.1790463924407959
0.16552257537841797
0.15688395500183105
0.1671745777130127
0.15750527381896973
0.17040300369262695
0.1631324291229248
0.15868878364562988
0.16290545463562012
0.1613757610321045
0.16223788261413574
0.17047595977783203
0.16477060317993164
0.1620464324951172
0.16176605224609375
0.15767312049865723
0.16750478744506836
0.16339707374572754
0.16217803955078125
0.168182373046875
0.17048025131225586
0.15572905540466309
0.16579484939575195
0.16445136070251465
0.16223883628845215
0.17193913459777832
0.18030953407287598
0.16749191284179688
0.1645514965057373
0.16261553764343262
0.1811220645904541
0.16080451011657715
0.15944933891296387
0.29285335540771484
0.15446901321411133
0.16523027420043945
0.16263866424560547
0.16205573081970215
0.1627357006072998
0.15736865997314453
0.17042899131774902
0.16635441780090332
0.1573636531829834
0.16349363327026367
0.15479707717895508
0.16440677642822266
0.16496944427490234
0.15708303451538086
0.16497087478637695
0.16402792930603027
0.16727256774902344
0.16513538360595703
0.17893028259277344
0.15740275382995605
0.17193603515625
0.1621708869934082
0.16024518013000488
0.16241931915283203
0.1582190990447998
0.16710543632507324
0.1648101806640625
0.17162299156188965
0.166487455368042
0.17437028884887695
0.15580034255981445
0.1656482219696045
0.16803359985351562
0.1622028350830078
0.1616356372833252
0.161787748336792
0.1665494441986084
0.1667802333831787
0.15838313102722168
0.16054463386535645
0.16255521774291992
0.16162371635437012
0.1676652431488037
0.1676490306854248
0.15812397003173828
0.1687026023864746
0.16936111450195312
0.16046595573425293
0.16476750373840332
0.16132020950317383
0.15901398658752441
0.16419315338134766
0.15621137619018555
0.163377046585083
0.16500544548034668
0.15991568565368652
0.16777467727661133
0.16123723983764648
0.16309428215026855
0.16306304931640625
0.15783262252807617
0.16635704040527344
0.1628284454345703
0.16006040573120117
0.1665635108947754
0.15979814529418945
0.16305327415466309
0.16631269454956055
0.14963340759277344
0.16521263122558594
0.17487001419067383
0.17127370834350586
0.1652238368988037
0.16349530220031738
0.15863990783691406
0.16907334327697754
0.1604783535003662
0.15994954109191895
0.17079782485961914
0.2956247329711914
0.1614367961883545
0.16434788703918457
0.16395330429077148
0.16592621803283691
0.1642446517944336
0.16373944282531738
0.15923047065734863
0.17388224601745605
0.16439461708068848
0.15780138969421387
0.1654517650604248
0.15899133682250977
0.16262340545654297
0.16463804244995117
0.15510225296020508
0.17017459869384766
0.1699535846710205
0.16121554374694824
0.1644892692565918
0.1640312671661377
0.16313695907592773
0.16280055046081543
0.1695876121520996
0.15760207176208496
0.16830778121948242
0.1671743392944336
0.16196322441101074
0.17413544654846191
0.15737128257751465
0.16956257820129395
0.16280817985534668
0.15884923934936523
0.16553521156311035
0.16220593452453613
0.16251492500305176
0.16071081161499023
0.16002440452575684
0.16556143760681152
0.16603612899780273
0.15648746490478516
0.16774272918701172
0.1616523265838623
0.16122055053710938
0.16242551803588867
0.16017556190490723
0.16136455535888672
0.16486763954162598
0.1640000343322754
0.16350936889648438
0.161637544631958
0.15829825401306152
0.16258764266967773
0.15845441818237305
0.1658618450164795
0.16133928298950195
0.16218161582946777
0.16376733779907227
0.1628737449645996
0.1700880527496338
0.17406439781188965
0.16818475723266602
0.16138577461242676
0.16189146041870117
0.16142988204956055
0.16030192375183105
0.16415023803710938
0.1569809913635254
0.1697220802307129
0.1777794361114502
0.1800851821899414
0.1727292537689209
0.17569732666015625
0.16390061378479004
0.16009974479675293
0.16243958473205566
0.1631770133972168
0.15786147117614746
0.16538500785827637
0.2924644947052002
0.19302630424499512
0.15713858604431152
0.1656496524810791
0.15999460220336914
0.16492676734924316
0.17246079444885254
0.1558856964111328
0.16567277908325195
0.16762566566467285
0.1569504737854004
0.16849160194396973
0.16341614723205566
0.1570415496826172
0.19045162200927734
0.18128037452697754
0.18387651443481445
0.19624757766723633
0.1778566837310791
0.17114853858947754
0.17961359024047852
0.16688179969787598
0.1591646671295166
0.16854453086853027
0.1634235382080078
0.16290044784545898
0.16337013244628906
0.1628267765045166
0.16186070442199707
0.16726994514465332
0.17239069938659668
0.1582932472229004
0.16806912422180176
0.1648259162902832
0.16221261024475098
0.16507267951965332
0.15657520294189453
0.16199088096618652
0.1635448932647705
0.16617274284362793
0.16685891151428223
0.16156888008117676
0.1633751392364502
0.16468358039855957
0.15940189361572266
0.16562962532043457
0.16871380805969238
0.15795040130615234
0.16427254676818848
0.1644883155822754
0.15981268882751465
0.1656479835510254
0.15825796127319336
0.16735100746154785
0.17124366760253906
0.1564023494720459
0.16865968704223633
0.16157770156860352
0.15873146057128906
0.16247892379760742
0.15528249740600586
0.16780996322631836
0.16393613815307617
0.1568763256072998
0.1676948070526123
0.1636953353881836
0.156996488571167
0.16144227981567383
0.16054916381835938
0.16290521621704102
0.16681647300720215
0.15593433380126953
0.16104793548583984
0.15675663948059082
0.1748671531677246
0.16442608833312988
0.15932941436767578
0.1608409881591797
0.1764237880706787
0.1698598861694336
0.1665182113647461
0.16551971435546875
0.1610417366027832
0.2998924255371094
0.16888833045959473
0.16521716117858887
0.16034603118896484
0.16318631172180176
0.16601300239562988
0.15652680397033691
0.16578149795532227
0.15932416915893555
0.16550040245056152
0.16814851760864258
0.15801548957824707
0.16100859642028809
0.16216182708740234
0.1578667163848877
0.16399693489074707
0.15687322616577148
0.16053247451782227
0.1673119068145752
0.1562492847442627
0.16046881675720215
0.15668606758117676
0.16629886627197266
0.16245794296264648
0.15630555152893066
0.16721796989440918
0.1672224998474121
0.15841937065124512
0.17269206047058105
0.16059565544128418
0.16086077690124512
0.16666197776794434
0.1578068733215332
0.16418051719665527
0.1609783172607422
0.1562345027923584
0.16831088066101074
0.16062378883361816
0.16058135032653809
0.16895747184753418
0.1572103500366211
0.16155600547790527
0.16242408752441406
0.15738558769226074
0.16677308082580566
0.1557002067565918
0.1660747528076172
0.1621086597442627
0.15636420249938965
0.16809344291687012
0.16044855117797852
0.15721678733825684
0.16537809371948242
0.15507292747497559
0.16558218002319336
0.16144895553588867
0.1576697826385498
0.16739439964294434
0.1592726707458496
0.16603589057922363
0.1927657127380371
0.16414189338684082
0.16060233116149902
0.16474604606628418
0.1592726707458496
0.16391777992248535
0.166764497756958
0.15823101997375488
0.16347551345825195
0.16309237480163574
0.15773320198059082
0.1612997055053711
0.15856528282165527
0.1611785888671875
0.1634507179260254
0.1575312614440918
0.16260027885437012
0.1564171314239502
0.16268610954284668
0.16390180587768555
0.2975621223449707
0.15804576873779297
0.16316437721252441
0.16773748397827148
0.16729378700256348
0.16805243492126465
0.19982051849365234
0.16651058197021484
0.1802666187286377
0.20527219772338867
0.17877793312072754
0.1623835563659668
0.1577608585357666
0.16011404991149902
0.16675853729248047
0.15637516975402832
0.1658492088317871
0.1556711196899414
0.1655566692352295
0.17470693588256836
0.17265868186950684
0.16333222389221191
0.17258429527282715
0.15996789932250977
0.16097378730773926
0.16703295707702637
0.155226469039917
0.16454553604125977
0.16328907012939453
0.15671253204345703
0.16535663604736328
0.16557621955871582
0.16327977180480957
0.16822171211242676
0.15577340126037598
0.1667783260345459
0.17931056022644043
0.16106748580932617
0.16373014450073242
0.17934775352478027
0.1752915382385254
0.18949198722839355
0.18491005897521973
0.16921210289001465
0.1712934970855713
0.19044256210327148
0.15847301483154297
0.16301202774047852
0.16178417205810547
0.1567080020904541
0.16460919380187988
0.1582646369934082
0.1609208583831787
0.16351985931396484
0.16102194786071777
0.16355276107788086
0.1580946445465088
0.1627805233001709
0.171555757522583
0.17937803268432617
0.16225290298461914
0.1630699634552002
0.1601734161376953
0.16230559349060059
0.1611177921295166
0.1560525894165039
0.16432785987854004
0.16188907623291016
0.1642146110534668
0.16792559623718262
0.1605677604675293
0.1628284454345703
0.1590738296508789
0.1581733226776123
0.1612849235534668
0.156843900680542
0.16294193267822266
0.16549420356750488
0.1561412811279297
0.16200494766235352
0.15683388710021973
0.1629781723022461
0.16645312309265137
0.1546342372894287
0.1626894474029541
0.30121588706970215
0.16263222694396973
0.15647149085998535
0.16394948959350586
0.16075897216796875
0.1630263328552246
0.16307806968688965
0.15741991996765137
0.17873477935791016
0.17224407196044922
0.18033266067504883
0.1740415096282959
0.1870114803314209
0.18564486503601074
0.183851957321167
0.16189837455749512
0.16787195205688477
0.16647815704345703
0.15967297554016113
0.16227984428405762
0.1706995964050293
0.15395140647888184
0.1606760025024414
0.15741419792175293
0.17869114875793457
0.19017744064331055
0.18571043014526367
0.17197561264038086
0.15752959251403809
0.1634821891784668
0.15768980979919434
0.1614513397216797
0.16705632209777832
0.16438698768615723
0.18280458450317383
0.17552709579467773
0.17635774612426758
0.1702260971069336
0.16765475273132324
0.16236042976379395
0.15886664390563965
0.16533446311950684
0.16690754890441895
0.16501498222351074
0.1867973804473877
0.17489981651306152
0.17806315422058105
0.17318487167358398
0.1773514747619629
0.17946362495422363
0.1768784523010254
0.17920732498168945
0.1710348129272461
0.17875432968139648
0.1795668601989746
0.17871761322021484
0.16665196418762207
0.16993355751037598