0.0410459041595459
0.03821969032287598
0.03485250473022461
0.043686866760253906
0.040244102478027344
0.03683042526245117
0.03292679786682129
0.03670525550842285
0.038358449935913086
0.04392051696777344
0.04160809516906738
0.04157686233520508
0.03970932960510254
0.04085040092468262
0.04441547393798828
0.03704500198364258
0.040419816970825195
0.03996467590332031
0.03534984588623047
0.036136627197265625
0.0368494987487793
0.036244869232177734
0.03642416000366211
0.036885738372802734
0.03653097152709961
0.03598976135253906
0.03710508346557617
0.03704690933227539
0.03841376304626465
0.037904977798461914
0.03735160827636719
0.03750777244567871
0.03790903091430664
0.03749537467956543
0.035574913024902344
0.03658461570739746
0.03568863868713379
0.041733503341674805
0.04189658164978027
0.04123067855834961
0.03517770767211914
0.03708624839782715
0.03677988052368164
0.03963875770568848
0.0360715389251709
0.03731083869934082
0.037853240966796875
0.04203391075134277
0.040639400482177734
0.03667116165161133
0.04061460494995117
0.04115867614746094
0.03990459442138672
0.036528587341308594
0.04334712028503418
0.03630256652832031
0.036620140075683594
0.03705286979675293
0.03641080856323242
0.037772417068481445
0.03741145133972168
0.03759312629699707
0.038055419921875
0.037138938903808594
0.036957740783691406
0.03510236740112305
0.03489255905151367
0.037660837173461914
0.037676095962524414
0.03740835189819336
0.0363161563873291
0.036535024642944336
0.03478384017944336
0.035692691802978516
0.03611493110656738
0.03661918640136719
0.037032365798950195
0.041452646255493164
0.03764200210571289
0.036037445068359375
0.03572678565979004
0.03570914268493652
0.04054880142211914
0.03795909881591797
0.0358126163482666
0.036965370178222656
0.03769707679748535
0.04029679298400879
0.0409395694732666
0.040515899658203125
0.03408002853393555
0.04214811325073242
0.04156374931335449
0.035750627517700195
0.03570675849914551
0.03426051139831543
0.03467082977294922
0.03663754463195801
0.034744977951049805
0.03616762161254883
0.03532552719116211
0.03739142417907715
0.04269909858703613
0.03535175323486328
0.03944087028503418
0.03926253318786621
0.03910231590270996
0.0370793342590332
0.03901505470275879
0.03929734230041504
0.03548598289489746
0.03941202163696289
0.04034113883972168
0.04317450523376465
0.03970026969909668
0.040015220642089844
0.04270672798156738
0.04007577896118164
0.03777718544006348
0.0436253547668457
0.037349700927734375
0.03856182098388672
0.0360565185546875
0.0352931022644043
0.0366213321685791
0.03756904602050781
0.03684520721435547
0.03616642951965332
0.03800797462463379
0.038625240325927734
0.04074501991271973
0.03673958778381348
0.036691904067993164
0.04216504096984863
0.04108238220214844
0.036073923110961914
0.03583526611328125
0.03695559501647949
0.037871360778808594
0.035654544830322266
0.05009102821350098
0.058220624923706055
0.053031206130981445
0.05016064643859863
0.03635072708129883
0.03553438186645508
0.03861665725708008
0.040178775787353516
0.04112505912780762
0.03940773010253906
0.039293766021728516
0.0387110710144043
0.03812384605407715
0.04003429412841797
0.20685338973999023
0.041876792907714844
0.04416799545288086
0.04449820518493652
0.04346966743469238
0.04062056541442871
0.03850841522216797
0.035437822341918945
0.03664231300354004
0.0390317440032959
0.03669261932373047
0.04470968246459961
0.04410839080810547
0.04184389114379883
0.04381752014160156
0.0365605354309082
0.03787064552307129
0.037081241607666016
0.03697919845581055
0.03614974021911621
0.03674173355102539
0.035457611083984375
0.0379793643951416
0.034560441970825195
0.03645157814025879
0.03614330291748047
0.03728294372558594
0.03714561462402344
0.037357330322265625
0.03832530975341797
0.036627769470214844
0.03568005561828613
0.036260128021240234
0.03602027893066406
0.03620171546936035
0.03568220138549805
0.035691022872924805
0.03511977195739746
0.036066293716430664
0.03527069091796875
0.03755068778991699
0.036040544509887695
0.03360414505004883
0.035212039947509766
0.03832101821899414
0.03972792625427246
0.03881692886352539
0.03682661056518555
0.03685307502746582
0.03827691078186035
0.037404537200927734
0.03615856170654297
0.03724360466003418
0.03565192222595215
0.0427703857421875
0.03996896743774414
0.03980851173400879
0.039740562438964844
0.036272287368774414
0.03904271125793457
0.036043405532836914
0.03689694404602051
0.04281449317932129
0.039826154708862305
0.03952646255493164
0.03799128532409668
0.035411834716796875
0.0356748104095459
0.04103422164916992
0.04038810729980469
0.04436922073364258
0.042659759521484375
0.04334592819213867
0.04403543472290039
0.04980969429016113
0.05255722999572754
0.04001641273498535
0.041071176528930664
0.043640851974487305
0.036995649337768555
0.03609871864318848
0.039421796798706055
0.03732728958129883
0.03702569007873535
0.037467241287231445
0.036989450454711914
0.03577685356140137
0.03730893135070801
0.03552389144897461
0.0358428955078125
0.04036521911621094
0.03783011436462402
0.03474926948547363
0.0356903076171875
0.036084890365600586
0.035897016525268555
0.0408780574798584
0.038884878158569336
0.04114413261413574
0.038684844970703125
0.041839599609375
0.03733491897583008
0.038130760192871094
0.03681826591491699
0.03550124168395996
0.0392608642578125
0.036840200424194336
0.036353111267089844
0.035401105880737305
0.03651237487792969
0.035101890563964844
0.036661386489868164
0.035874366760253906
0.035269737243652344
0.036356449127197266
0.03723955154418945
0.036531686782836914
0.03742361068725586
0.036719322204589844
0.037015676498413086
0.03620505332946777
0.0415654182434082
0.036307573318481445
0.036287784576416016
0.03692150115966797
0.037008047103881836
0.035803794860839844
0.03612995147705078
0.04003286361694336
0.035675048828125
0.03753948211669922
0.0357363224029541
0.03735542297363281
0.03661537170410156
0.04040718078613281
0.03902411460876465
0.03797793388366699
0.0363924503326416
0.036951541900634766
0.035623788833618164
0.03459882736206055
0.03741049766540527
0.035974740982055664
0.03486800193786621
0.03710579872131348
0.03518271446228027
0.03536176681518555
0.03571820259094238
0.03590059280395508
0.03555893898010254
0.03565812110900879
0.03454399108886719
0.0397031307220459
0.037851810455322266
0.03515148162841797
0.03746175765991211
0.03480339050292969
0.03525185585021973
0.03623008728027344
0.03690528869628906
0.03643512725830078
0.036192893981933594
0.03359818458557129
0.038797616958618164
0.0353245735168457
0.036679983139038086
0.03570199012756348
0.03559160232543945
0.038550376892089844
0.04260873794555664
0.042032480239868164
0.039786338806152344
0.03726649284362793
0.04120492935180664
0.03646063804626465
0.036750078201293945
0.03945016860961914
0.03841042518615723
0.04029273986816406
0.04166889190673828
0.03864264488220215
0.038312435150146484
0.0365598201751709
0.03564167022705078
0.03821682929992676
0.03597116470336914
0.03626060485839844
0.035932064056396484
0.03569459915161133
0.03808450698852539
0.03682136535644531
0.034583091735839844
0.036057233810424805
0.03486800193786621
0.03642606735229492
0.0338292121887207
0.036905527114868164
0.03679609298706055
0.03720808029174805
0.03726458549499512
0.03659844398498535
0.03561973571777344
0.03604006767272949
0.03722429275512695
0.035086870193481445
0.03549647331237793
0.03617691993713379
0.03660225868225098
0.03590893745422363
0.03469538688659668
0.03647756576538086
0.03580117225646973
0.03654837608337402
0.0355224609375
0.03740048408508301
0.03620624542236328
0.038431644439697266
0.03670001029968262
0.03548765182495117
0.038069725036621094
0.03708791732788086
0.038117408752441406
0.03636908531188965
0.0358426570892334
0.0357973575592041
0.03744864463806152
0.03712344169616699
0.03702569007873535
0.03637862205505371
0.037198543548583984
0.038027286529541016
0.03772616386413574
0.04099583625793457
0.03798365592956543
0.03627133369445801
0.036283254623413086
0.036773681640625
0.035704612731933594
0.03887820243835449
0.04062843322753906
0.037163496017456055
0.03631925582885742
0.03703117370605469
0.03901410102844238
0.03785347938537598
0.03640389442443848
0.035588979721069336
0.03785300254821777
0.035874128341674805
0.03852224349975586
0.03643155097961426
0.03642702102661133
0.03545856475830078
0.03686857223510742
0.0360410213470459
0.03597426414489746
0.03604531288146973
0.03737807273864746
0.036231279373168945
0.03664803504943848
0.03620314598083496
0.03615927696228027
0.03553032875061035
0.04197549819946289
0.03807568550109863
0.03758692741394043
0.0377049446105957
0.037267446517944336
0.037395477294921875
0.03503108024597168
0.03931283950805664
0.03847670555114746
0.03893566131591797
0.0381772518157959
0.035512447357177734
0.03710150718688965
0.03561520576477051
0.038301944732666016
0.034905195236206055
0.037091970443725586
0.035172462463378906
0.03603649139404297
0.039320945739746094
0.036446571350097656
0.0348050594329834
0.03728508949279785
0.03913307189941406
0.03665876388549805
0.0367283821105957
0.03682255744934082
0.037431955337524414
0.03912806510925293
0.03759646415710449
0.03521323204040527
0.03828024864196777
0.03789782524108887
0.03781914710998535
0.038257598876953125
0.042423248291015625
0.03984642028808594
0.03724408149719238
0.03702044486999512
0.03594708442687988
0.037963151931762695
0.04618406295776367
0.03649616241455078
0.03597903251647949
0.03839540481567383
0.03844594955444336
0.03769874572753906
0.03815913200378418
0.037122249603271484
0.03754448890686035
0.03603005409240723
0.03520941734313965
0.03502941131591797
0.0353550910949707
0.03511500358581543
0.03518390655517578
0.03638625144958496
0.0357975959777832
0.0355229377746582
0.03684878349304199
0.037637948989868164
0.03748655319213867
0.03784537315368652
0.039632320404052734
0.04085183143615723
0.03778576850891113
0.037713050842285156
0.03892111778259277
0.040775299072265625
0.036607980728149414
0.03551340103149414
0.03606104850769043
0.03589582443237305
0.03601646423339844
0.04145073890686035
0.042052268981933594
0.044945478439331055
0.04535961151123047
0.04418683052062988
0.043233394622802734
0.04085898399353027
0.037062644958496094
0.036760568618774414
0.03619885444641113
0.038873910903930664
0.035802602767944336
0.03634071350097656
0.03695034980773926
0.03693270683288574
0.03714561462402344
0.03799557685852051
0.03619790077209473
0.036598920822143555
0.03631162643432617
0.03587913513183594
0.03513216972351074
0.0357356071472168
0.03406333923339844
0.035977840423583984
0.03767848014831543
0.03697800636291504
0.038268089294433594
0.036818504333496094
0.036257028579711914
0.03885221481323242
0.03778553009033203
0.036118268966674805
0.037061214447021484
0.035192251205444336
0.03714919090270996
0.037209272384643555
0.03755068778991699
0.03963303565979004
0.03672623634338379
0.03825998306274414
0.03948545455932617
0.03757739067077637
0.03744173049926758
0.03457045555114746
0.03537106513977051
0.0361790657043457
0.03672146797180176
0.03924393653869629
0.037191152572631836
0.04174351692199707
0.03672051429748535
0.037725210189819336
0.035745859146118164
0.03793811798095703
0.036679744720458984
0.03628420829772949
0.03549933433532715
0.036408424377441406
0.0362551212310791
0.0365290641784668
0.03648185729980469
0.03708076477050781
0.03765439987182617
0.037493228912353516
0.035340070724487305
0.03699684143066406
0.038173675537109375
0.037020206451416016
0.038022518157958984
0.036852121353149414
0.034802913665771484
0.03543734550476074
0.03580975532531738
0.036386966705322266
0.03701066970825195
0.03576540946960449
0.035486698150634766
0.03491067886352539
0.034264326095581055
0.035033226013183594
0.03787565231323242
0.035071372985839844
0.03394746780395508
0.03633284568786621
0.033968210220336914
0.03596639633178711
0.037400245666503906
0.03751063346862793
0.03599119186401367
0.035721540451049805
0.035485029220581055
0.035799503326416016
0.03501391410827637
0.03570079803466797
0.035504817962646484
0.03617382049560547
0.03801870346069336
0.04000735282897949
0.039278268814086914
0.03950023651123047
0.03684067726135254
0.03498244285583496
0.03741717338562012
0.03879833221435547
0.03766584396362305
0.03799176216125488
0.03682208061218262
0.03797483444213867
0.03727316856384277
0.03775286674499512
0.03710532188415527
0.03916573524475098
0.037880659103393555
0.03659653663635254
0.03626608848571777
0.036176204681396484
0.03541898727416992
0.035024404525756836
0.03414011001586914
0.034729719161987305
0.03705883026123047
0.0386204719543457
0.03663444519042969
0.03762483596801758
0.037863731384277344
0.03757762908935547
0.04093480110168457
0.036725759506225586
0.0360567569732666
0.037093162536621094
0.03594255447387695
0.036150455474853516
0.0373685359954834
0.0365145206451416
0.03761887550354004
0.035538434982299805
0.03734230995178223
0.03795742988586426
0.036904335021972656
0.037532806396484375
0.035651445388793945
0.035596609115600586
0.036594390869140625
0.03648877143859863
0.03676295280456543
0.037860870361328125
0.04087424278259277
0.039681434631347656
0.03999638557434082
0.04105401039123535
0.04314112663269043
0.040488481521606445
0.03873157501220703
0.03980207443237305
0.03943800926208496
0.039511680603027344
0.04488039016723633
0.04204964637756348
0.03964042663574219
0.03512930870056152
0.03528642654418945
0.036608219146728516
0.036304473876953125
0.03566789627075195
0.03620743751525879
0.037534236907958984
0.03624868392944336
0.03508734703063965
0.03618192672729492
0.03670382499694824
0.035901546478271484
0.03819608688354492
0.03510880470275879
0.035512447357177734
0.036128997802734375
0.03643631935119629
0.03533649444580078
0.036370277404785156
0.040598392486572266
0.03712177276611328
0.03658771514892578
0.037305355072021484
0.03569149971008301
0.0367887020111084
0.03461289405822754
0.03633928298950195
0.03695392608642578
0.03684282302856445
0.038341522216796875
0.03521323204040527
0.03541421890258789
0.035264015197753906
0.03550910949707031
0.03725075721740723
0.03675675392150879
0.043828487396240234
0.03623795509338379
0.036580801010131836
0.037332773208618164
0.03677797317504883
0.037256717681884766
0.03423261642456055
0.03621673583984375
0.03493833541870117
0.03731274604797363
0.04070234298706055
0.03807401657104492
0.050142765045166016
0.03640270233154297
0.037758827209472656