0.15639686584472656
0.15346145629882812
0.1508159637451172
0.14875555038452148
0.14708590507507324
0.15293407440185547
0.14722204208374023
0.1537621021270752
0.15143895149230957
0.15441393852233887
0.15426874160766602
0.15168499946594238
0.15352869033813477
0.15159034729003906
0.15627074241638184
0.1521604061126709
0.1529521942138672
0.15105462074279785
0.15197396278381348
0.15393543243408203
0.15353059768676758
0.15273237228393555
0.14830875396728516
0.14856719970703125
0.15269875526428223
0.1520383358001709
0.15672922134399414
0.15180730819702148
0.15698552131652832
0.15318822860717773
0.15477776527404785
0.15176773071289062
0.1536087989807129
0.15227198600769043
0.1473369598388672
0.15482044219970703
0.156141996383667
0.15338730812072754
0.1515049934387207
0.14849853515625
0.15416765213012695
0.14746403694152832
0.15120959281921387
0.1473236083984375
0.15087628364562988
0.14766240119934082
0.14698290824890137
0.15276408195495605
0.14906787872314453
0.15165185928344727
0.1509556770324707
0.15108489990234375
0.14831995964050293
0.15663385391235352
0.17724394798278809
0.1551215648651123
0.15154075622558594
0.14654278755187988
0.15343213081359863
0.27323007583618164
0.1482069492340088
0.1571660041809082
0.15606904029846191
0.1533961296081543
0.1728041172027588
0.18927884101867676
0.15505576133728027
0.15993738174438477
0.14747047424316406
0.14819979667663574
0.15091681480407715
0.14844655990600586
0.1483440399169922
0.15904951095581055
0.16611266136169434
0.15422534942626953
0.15045571327209473
0.16632795333862305
0.15117549896240234
0.14736533164978027
0.15015316009521484
0.14805984497070312
0.14624238014221191
0.14883947372436523
0.15435075759887695
0.15193819999694824
0.14687848091125488
0.1491248607635498
0.14716243743896484
0.14890670776367188
0.14731574058532715
0.14835739135742188
0.14685297012329102
0.14959716796875
0.15244054794311523
0.14904284477233887
0.14696359634399414
0.14774656295776367
0.14804935455322266
0.1470198631286621
0.15632295608520508
0.16551518440246582
0.15370631217956543
0.1508474349975586
0.18905949592590332
0.16347074508666992
0.14841413497924805
0.15474486351013184
0.14945101737976074
0.15415072441101074
0.14639043807983398
0.15093040466308594
0.1485905647277832
0.16384005546569824
0.16008973121643066
0.14835810661315918
0.15288710594177246
0.15865015983581543
0.14861822128295898
0.15080475807189941
0.15073299407958984
0.14872193336486816
0.14691948890686035
0.1537625789642334
0.14744162559509277
0.14654326438903809
0.15100359916687012
0.1507270336151123
0.150099515914917
0.14704132080078125
0.14875411987304688
0.14840364456176758
0.14995217323303223
0.15144658088684082
0.14916396141052246
0.15592074394226074
0.1486678123474121
0.15373587608337402
0.1519458293914795
0.1569509506225586
0.1519627571105957
0.1484544277191162
0.14900875091552734
0.14906883239746094
0.14673233032226562
0.14806437492370605
0.1482381820678711
0.15002179145812988
0.14613008499145508
0.1546018123626709
0.1473832130432129
0.14924216270446777
0.14856934547424316
0.14973211288452148
0.15173625946044922
0.1499192714691162
0.1489262580871582
0.14797139167785645
0.1512439250946045
0.1485459804534912
0.1475987434387207
0.15692377090454102
0.14724278450012207
0.14887714385986328
0.15258073806762695
0.14734697341918945
0.14843153953552246
0.15051627159118652
0.14939093589782715
0.1481008529663086
0.1538093090057373
0.14965176582336426
0.14792275428771973
0.14884018898010254
0.15010523796081543
0.15018463134765625
0.14752197265625
0.1481640338897705
0.1482248306274414
0.148057222366333
0.15063786506652832
0.15591216087341309
0.14834022521972656
0.15026593208312988
0.14996671676635742
0.14676642417907715
0.15100455284118652
0.1485424041748047
0.14980030059814453
0.25279998779296875
0.1480710506439209
0.1489572525024414
0.1473069190979004
0.1483774185180664
0.14907479286193848
0.1474299430847168
0.14969611167907715
0.15661025047302246
0.15620851516723633
0.14695477485656738
0.15163612365722656
0.1499042510986328
0.15088391304016113
0.15288591384887695
0.14836955070495605
0.14735031127929688
0.1469728946685791
0.14623260498046875
0.15481996536254883
0.1610267162322998
0.15105462074279785
0.14726924896240234
0.14760351181030273
0.14697813987731934
0.14905524253845215
0.14682674407958984
0.15017485618591309
0.14836764335632324
0.14730548858642578
0.1473836898803711
0.14989638328552246
0.14631104469299316
0.14782309532165527
0.1475379467010498
0.14679789543151855
0.14661431312561035
0.14632344245910645
0.14825081825256348
0.14589905738830566
0.1459667682647705
0.14644479751586914
0.14718937873840332
0.14719605445861816
0.14928722381591797
0.14600539207458496
0.14852571487426758
0.1486949920654297
0.14891314506530762
0.14599871635437012
0.15291810035705566
0.14700865745544434
0.15287327766418457
0.1457679271697998
0.14874053001403809
0.14675188064575195
0.150343656539917
0.15351533889770508
0.1514289379119873
0.14597225189208984
0.14877939224243164
0.14750146865844727
0.14941000938415527
0.1463148593902588
0.14907574653625488
0.14766335487365723
0.14680886268615723
0.1465775966644287
0.15538406372070312
0.14672398567199707
0.14963746070861816
0.1472151279449463
0.14677095413208008
0.14651203155517578
0.14981794357299805
0.14683890342712402
0.14833855628967285
0.1473865509033203
0.14881563186645508
0.146620512008667
0.1512744426727295
0.14965295791625977
0.14722037315368652
0.1479043960571289
0.14702248573303223
0.14740657806396484
0.14658045768737793
0.1525111198425293
0.14724063873291016
0.14741897583007812
0.14700722694396973
0.14793062210083008
0.1467888355255127
0.14751768112182617
0.15514135360717773
0.1487133502960205
0.147688627243042
0.1486673355102539
0.14754557609558105
0.1468658447265625
0.14764976501464844
0.1480579376220703
0.14633822441101074
0.1476891040802002
0.14761662483215332
0.14770889282226562
0.1495048999786377
0.14644408226013184
0.14967918395996094
0.14654827117919922
0.1478874683380127
0.14633584022521973
0.14930248260498047
0.1458592414855957
0.1471104621887207
0.14867043495178223
0.14652299880981445
0.14694714546203613
0.15009284019470215
0.14646458625793457
0.1468033790588379
0.1482987403869629
0.15118193626403809
0.14652323722839355
0.15093040466308594
0.14847874641418457
0.1469118595123291
0.14620208740234375
0.1492006778717041
0.1463778018951416
0.14807343482971191
0.15121030807495117
0.15059399604797363
0.14712023735046387
0.1463463306427002
0.1484072208404541
0.1473855972290039
0.2722620964050293
0.14853787422180176
0.14776277542114258
0.14955711364746094
0.14838743209838867
0.149000883102417
0.14721441268920898
0.14702343940734863
0.14757323265075684
0.14818930625915527
0.14982271194458008
0.14970111846923828
0.1488652229309082
0.14645981788635254
0.1497342586517334
0.14610648155212402
0.1469438076019287
0.1488652229309082
0.15050840377807617
0.14808344841003418
0.14858555793762207
0.14757633209228516
0.14575862884521484
0.14801859855651855
0.14698052406311035
0.14644074440002441
0.14743804931640625
0.1477212905883789
0.14767718315124512
0.15153098106384277
0.15268874168395996
0.15138578414916992
0.14945101737976074
0.15197253227233887
0.1523904800415039
0.1569066047668457
0.15264248847961426
0.14756083488464355
0.14717531204223633
0.1464684009552002
0.14676618576049805
0.1495068073272705
0.1530015468597412
0.1466064453125
0.14809632301330566
0.14930343627929688
0.14700555801391602
0.14877057075500488
0.14736151695251465
0.14650630950927734
0.14638566970825195
0.1489267349243164
0.14621281623840332
0.1524655818939209
0.1513986587524414
0.14815282821655273
0.14628243446350098
0.1478283405303955
0.1470661163330078
0.15134310722351074
0.15000510215759277
0.14800333976745605
0.1492760181427002
0.1459972858428955
0.14723610877990723
0.14658832550048828
0.14824199676513672
0.15081477165222168
0.1480259895324707
0.14984989166259766
0.14673423767089844
0.1466686725616455
0.1475672721862793
0.14788126945495605
0.14751958847045898
0.1490013599395752
0.14955472946166992
0.15242576599121094
0.1471726894378662
0.1481480598449707
0.15075898170471191
0.1509096622467041
0.15623831748962402
0.15150189399719238
0.15102386474609375
0.1503443717956543
0.15074825286865234
0.1517798900604248
0.1518080234527588
0.14990568161010742
0.15314865112304688
0.15485262870788574
0.15500712394714355
0.1520845890045166
0.15346574783325195
0.1506800651550293
0.15212368965148926
0.15407538414001465
0.1492469310760498
0.15145397186279297
0.14863371849060059
0.15397429466247559
0.15619444847106934
0.15248942375183105
0.1497664451599121
0.150162935256958
0.15013885498046875
0.14935660362243652
0.1483163833618164
0.15110373497009277
0.14869141578674316
0.14876890182495117
0.1512598991394043
0.14927029609680176
0.14839744567871094
0.1508018970489502
0.14857792854309082
0.14784765243530273
0.14887666702270508
0.14990735054016113
0.14768481254577637
0.15063238143920898
0.14710140228271484
0.15073442459106445
0.1488816738128662
0.14783477783203125
0.15831589698791504
0.1518552303314209
0.1466515064239502
0.14939141273498535
0.14740228652954102
0.14874625205993652
0.1463611125946045
0.15261602401733398
0.15232157707214355
0.1518871784210205
0.1475355625152588
0.15039873123168945
0.14766168594360352
0.1565263271331787
0.2614104747772217
0.14850997924804688
0.14963626861572266
0.15008020401000977
0.15094900131225586
0.14740657806396484
0.14918184280395508
0.1486802101135254
0.14715123176574707
0.1470475196838379
0.1485133171081543
0.14902234077453613
0.1502699851989746
0.1498115062713623
0.14887118339538574
0.1488633155822754
0.14673876762390137
0.15111494064331055
0.14639854431152344
0.14784884452819824
0.15299725532531738
0.14844274520874023
0.14722180366516113
0.1462235450744629
0.14778351783752441
0.14635753631591797
0.1537494659423828
0.14894795417785645
0.14841365814208984
0.14629435539245605
0.15033745765686035
0.14644718170166016
0.1513071060180664
0.15426230430603027
0.15379714965820312
0.14980530738830566
0.14878559112548828
0.14867639541625977
0.1515522003173828
0.14914155006408691
0.15020990371704102
0.14795660972595215
0.14861726760864258
0.14801406860351562
0.15354466438293457
0.14850497245788574
0.14805364608764648
0.14776134490966797
0.1480112075805664
0.14772462844848633
0.1496734619140625
0.14806008338928223
0.1526470184326172
0.14969086647033691
0.1486825942993164
0.14734911918640137
0.15347909927368164
0.14939475059509277
0.14738202095031738
0.14755845069885254
0.1483001708984375
0.14725828170776367
0.14955449104309082
0.14723825454711914
0.14795565605163574
0.14657139778137207
0.1490955352783203
0.14741969108581543
0.15085434913635254
0.15274262428283691
0.15375971794128418
0.14800119400024414
0.15005779266357422
0.14737987518310547
0.15004873275756836
0.1519777774810791
0.14995718002319336
0.14777612686157227
0.1503582000732422
0.14664459228515625
0.14937949180603027
0.148057222366333
0.15323567390441895
0.14858436584472656
0.15118026733398438
0.14655017852783203
0.1505718231201172
0.1527247428894043
0.15096306800842285
0.14645147323608398
0.14792823791503906
0.1475672721862793
0.14844274520874023
0.15629267692565918
0.15472149848937988
0.14934802055358887
0.1536111831665039
0.1524181365966797
0.14856648445129395
0.15023326873779297
0.14865779876708984
0.14790964126586914
0.150132417678833
0.14713239669799805
0.14888715744018555
0.1480119228363037
0.15671443939208984
0.152662992477417
0.14862871170043945
0.14727234840393066
0.14981412887573242
0.14691948890686035
0.15357470512390137
0.14566850662231445
0.14904475212097168
0.14707326889038086
0.14920806884765625
0.14722061157226562
0.15199494361877441
0.1465620994567871
0.14823293685913086
0.1488654613494873
0.14737653732299805
0.14899420738220215
0.15169429779052734
0.1471719741821289
0.14757633209228516
0.1472606658935547
0.14957046508789062
0.14785337448120117
0.15207767486572266
0.1460418701171875
0.14812779426574707
0.14829230308532715
0.15047335624694824
0.14805173873901367
0.15954875946044922
0.15032386779785156
0.1488325595855713
0.14635157585144043
0.2671046257019043
0.1510770320892334
0.15531229972839355
0.15097951889038086
0.1489717960357666
0.14667129516601562
0.14742588996887207
0.15129542350769043
0.1484999656677246
0.14706850051879883
0.14919209480285645
0.1473388671875
0.14884281158447266
0.14977312088012695
0.14935588836669922
0.14913177490234375
0.14736151695251465
0.14686179161071777
0.14911198616027832
0.14908456802368164
0.1478440761566162
0.1472792625427246
0.14882826805114746
0.1478259563446045
0.14925122261047363
0.14691972732543945
0.14853930473327637
0.15369057655334473
0.14804625511169434
0.14779424667358398
0.15132784843444824
0.14858436584472656
0.14735937118530273
0.14720654487609863
0.14693093299865723
0.14743280410766602
0.14676642417907715
0.15419864654541016
0.15217161178588867
0.1494274139404297
0.14875507354736328
0.1483006477355957
0.14655470848083496
0.15123486518859863
0.14760255813598633
0.14739465713500977
0.14902210235595703
0.14822649955749512
0.14925479888916016
0.1479203701019287
0.15313029289245605
0.14749932289123535
0.14807605743408203
0.14921307563781738
0.15019845962524414
0.14699220657348633
0.14904165267944336
0.14871764183044434
0.14847874641418457
0.14713406562805176
0.149000883102417
0.14797496795654297
0.15334320068359375
0.14717769622802734
0.14921164512634277
0.14745783805847168
0.14758706092834473
0.14828014373779297
0.14873504638671875
0.14662480354309082
0.14733076095581055
0.14696979522705078
0.14839816093444824
0.1483609676361084
0.15119099617004395
0.1501762866973877
0.15306687355041504
0.1499946117401123
0.14882183074951172
0.14934396743774414
0.14836978912353516
0.14807915687561035
0.1498277187347412
0.14666533470153809
0.15389752388000488
0.14963507652282715
0.14892864227294922
0.1468193531036377
0.14932894706726074
0.15156936645507812
0.15455102920532227
0.14876508712768555
0.1571347713470459
0.16429638862609863
0.14797258377075195
0.14835214614868164
0.14728999137878418
0.14733600616455078
0.14894413948059082
0.1490330696105957
0.1490800380706787
0.14660215377807617
0.1499347686767578
0.1485283374786377
0.1494007110595703
0.14644122123718262
0.14961957931518555
0.14865732192993164
0.15021061897277832
0.14606571197509766
0.15091776847839355
0.1514601707458496
0.1515505313873291
0.1477360725402832
0.14916253089904785
0.14647412300109863
0.14884185791015625
0.14982056617736816
0.149369478225708
0.1477494239807129
0.14679551124572754
0.14736390113830566
0.14644265174865723
0.15021848678588867
0.15066933631896973
0.14817023277282715
0.14732885360717773
0.14717531204223633
0.14970731735229492
0.14731478691101074
0.15625405311584473
0.14861464500427246
0.14674043655395508
0.14682817459106445
0.1488795280456543
0.14728569984436035
0.14984488487243652
0.14870429039001465
0.14707565307617188
0.14911961555480957
0.14862656593322754
0.14795827865600586
0.14940357208251953
0.1500852108001709
0.15224552154541016
0.1480274200439453
0.14692354202270508
0.1490790843963623
0.25861072540283203
0.14830255508422852
0.14693284034729004
0.14900612831115723
0.14803075790405273
0.1489417552947998
0.15045976638793945
0.1476154327392578
0.1478719711303711
0.14985299110412598
0.14892911911010742
0.15230917930603027
0.15210342407226562
0.14915895462036133
0.14788603782653809
0.1506955623626709
0.15242648124694824
0.14955639839172363
0.16236448287963867
0.15321016311645508
0.1484696865081787
0.14930176734924316
0.15035104751586914
0.1469593048095703
0.1494584083557129
0.14867782592773438
0.1484990119934082
0.1490180492401123
0.15126514434814453
0.14803791046142578
0.1514732837677002
0.14827680587768555
0.14719796180725098
0.14919185638427734
0.1473088264465332
0.15074825286865234
0.1527695655822754
0.14914536476135254
0.1491413116455078
0.14970922470092773
0.14737558364868164
0.14789557456970215
0.14809775352478027
0.14725637435913086
0.1475064754486084
0.15318679809570312
0.14938569068908691
0.14749789237976074
0.15122604370117188
0.15215539932250977
0.1476435661315918
0.14889955520629883
0.14768505096435547
0.14746594429016113
0.14802885055541992
0.14753961563110352
0.14829754829406738
0.14947843551635742
0.1494274139404297
0.14757800102233887
0.1472001075744629
0.1481168270111084
0.15073752403259277
0.1483001708984375
0.1471257209777832
0.14929676055908203
0.16080570220947266
0.15295982360839844
0.1468358039855957
0.14873790740966797
0.14653539657592773
0.14878392219543457
0.16442418098449707
0.15390563011169434
0.14897966384887695
0.15057659149169922
0.15311908721923828
0.1470015048980713
0.14784884452819824
0.14820575714111328