0.11562371253967285
0.11331605911254883
0.1172189712524414
0.11378026008605957
0.11589550971984863
0.12950921058654785
0.1131749153137207
0.11576390266418457
0.10735321044921875
0.11170268058776855
0.10880446434020996
0.10926938056945801
0.10926938056945801
0.10947966575622559
0.10912561416625977
0.11228203773498535
0.11252260208129883
0.11370038986206055
0.11617398262023926
0.12940311431884766
0.12549281120300293
0.11218833923339844
0.10466599464416504
0.1284635066986084
0.11498761177062988
0.11893844604492188
0.11190581321716309
0.1270134449005127
0.12569785118103027
0.12184357643127441
0.1248481273651123
0.1416623592376709
0.14301609992980957
0.14653921127319336
0.11137914657592773
0.10977315902709961
0.11065387725830078
0.10676240921020508
0.10913777351379395
0.1117396354675293
0.11546969413757324
0.11638164520263672
0.1157081127166748
0.11182069778442383
0.11013007164001465
0.10823774337768555
0.10704874992370605
0.11102080345153809
0.1086125373840332
0.10659098625183105
0.11281943321228027
0.10663342475891113
0.10660386085510254
0.12050938606262207
0.10339617729187012
0.11370635032653809
0.11600351333618164
0.10724115371704102
0.11041426658630371
0.10856246948242188
0.10950326919555664
0.11350440979003906
0.1101524829864502
0.11230278015136719
0.10896873474121094
0.10956120491027832
0.10610723495483398
0.11727070808410645
0.1098780632019043
0.11166858673095703
0.11405348777770996
0.10971951484680176
0.10724949836730957
0.10710334777832031
0.11481285095214844
0.11081624031066895
0.11348414421081543
0.10889363288879395
0.11361336708068848
0.10312962532043457
0.12279486656188965
0.12141919136047363
0.13319635391235352
0.11584019660949707
0.11971545219421387
0.11720967292785645
0.11751961708068848
0.1103830337524414
0.108245849609375
0.10991144180297852
0.10769987106323242
0.11389899253845215
0.10392093658447266
0.11268949508666992
0.12152934074401855
0.11492156982421875
0.11363577842712402
0.10892772674560547
0.10875821113586426
0.11377334594726562
0.25185394287109375
0.10959434509277344
0.10928225517272949
0.10967564582824707
0.10930585861206055
0.11172080039978027
0.11394357681274414
0.1123499870300293
0.1167764663696289
0.1154794692993164
0.10808181762695312
0.1035611629486084
0.11135578155517578
0.1094822883605957
0.10569953918457031
0.10416531562805176
0.1148078441619873
0.10576581954956055
0.12164807319641113
0.10998082160949707
0.10696029663085938
0.11023402214050293
0.11267209053039551
0.11017441749572754
0.10874056816101074
0.11102461814880371
0.1135256290435791
0.10829734802246094
0.10996675491333008
0.10709261894226074
0.11094546318054199
0.10872006416320801
0.11000442504882812
0.11413860321044922
0.12023711204528809
0.1123046875
0.10857558250427246
0.11000990867614746
0.10736727714538574
0.11007547378540039
0.11063432693481445
0.11410284042358398
0.10807657241821289
0.11256074905395508
0.1148824691772461
0.11086201667785645
0.10960054397583008
0.11018514633178711
0.10881567001342773
0.11121034622192383
0.10802364349365234
0.11110877990722656
0.12048745155334473
0.1081082820892334
0.11310768127441406
0.10808253288269043
0.1103203296661377
0.10824441909790039
0.11230683326721191
0.11080670356750488
0.11290979385375977
0.11010575294494629
0.11255359649658203
0.11267948150634766
0.11199140548706055
0.11532449722290039
0.10994338989257812
0.11023712158203125
0.11481261253356934
0.1126406192779541
0.11379837989807129
0.1094045639038086
0.10762667655944824
0.10883831977844238
0.10888242721557617
0.1079397201538086
0.11282062530517578
0.11312437057495117
0.11423635482788086
0.11405611038208008
0.10778474807739258
0.1135399341583252
0.10503363609313965
0.11647844314575195
0.1148221492767334
0.11057758331298828
0.11356329917907715
0.12008380889892578
0.11264920234680176
0.10901737213134766
0.10847139358520508
0.10810637474060059
0.10969233512878418
0.11033463478088379
0.10847973823547363
0.10918331146240234
0.11196446418762207
0.13633179664611816
0.1250004768371582
0.11079740524291992
0.10938239097595215
0.11181402206420898
0.11149263381958008
0.10946249961853027
0.10665082931518555
0.11168551445007324
0.11642885208129883
0.11183428764343262
0.10829401016235352
0.10796356201171875
0.11029624938964844
0.1120607852935791
0.10951423645019531
0.11171174049377441
0.10868144035339355
0.11088109016418457
0.10870361328125
0.10781049728393555
0.1119694709777832
0.11288738250732422
0.11581206321716309
0.12186241149902344
0.1087191104888916
0.11274909973144531
0.11192798614501953
0.10451579093933105
0.11539030075073242
0.10883450508117676
0.11907505989074707
0.10822105407714844
0.11368060111999512
0.10616636276245117
0.11031651496887207
0.1111299991607666
0.11574482917785645
0.12349891662597656
0.11376523971557617
0.10858964920043945
0.11107492446899414
0.10828232765197754
0.11364412307739258
0.1090705394744873
0.10887002944946289
0.2359461784362793
0.11619114875793457
0.10985398292541504
0.1093437671661377
0.10967493057250977
0.1080939769744873
0.11185240745544434
0.10989093780517578
0.11200451850891113
0.11018538475036621
0.11054801940917969
0.11501646041870117
0.10929751396179199
0.10895538330078125
0.10768342018127441
0.10889911651611328
0.10887455940246582
0.10815572738647461
0.11405420303344727
0.11657547950744629
0.10854935646057129
0.10913896560668945
0.11072134971618652
0.10845541954040527
0.11185169219970703
0.11429905891418457
0.11180591583251953
0.10783529281616211
0.11169123649597168
0.12845158576965332
0.1170811653137207
0.10970759391784668
0.11153745651245117
0.11254143714904785
0.10908865928649902
0.11152935028076172
0.11318397521972656
0.1120755672454834
0.10972070693969727
0.10937929153442383
0.10917091369628906
0.11151957511901855
0.11148476600646973
0.11138343811035156
0.1130208969116211
0.10997128486633301
0.11232256889343262
0.11037731170654297
0.11012148857116699
0.1085052490234375
0.11153197288513184
0.10874772071838379
0.10846519470214844
0.11951899528503418
0.11438393592834473
0.11085081100463867
0.10984230041503906
0.11113929748535156
0.11148405075073242
0.11251235008239746
0.11548924446105957
0.11438918113708496
0.11063075065612793
0.11082816123962402
0.10846352577209473
0.11140751838684082
0.11507081985473633
0.10913419723510742
0.11855959892272949
0.11453819274902344
0.11112236976623535
0.11217069625854492
0.11140632629394531
0.1097571849822998
0.11447811126708984
0.11033320426940918
0.10903143882751465
0.10784196853637695
0.11665868759155273
0.10953879356384277
0.10511159896850586
0.10474801063537598
0.1135709285736084
0.103790283203125
0.11555147171020508
0.11092400550842285
0.1083681583404541
0.11372923851013184
0.1134803295135498
0.11103653907775879
0.11032390594482422
0.1105036735534668
0.11301350593566895
0.10488724708557129
0.10918331146240234
0.11254715919494629
0.11283254623413086
0.11660122871398926
0.11108708381652832
0.10789132118225098
0.10452628135681152
0.10986137390136719
0.11027717590332031
0.11084842681884766
0.10822916030883789
0.10968732833862305
0.1283128261566162
0.12325739860534668
0.12243318557739258
0.11932229995727539
0.12047672271728516
0.11232852935791016
0.1101219654083252
0.10902142524719238
0.10701727867126465
0.106201171875
0.11026215553283691
0.1111612319946289
0.11249399185180664
0.11845922470092773
0.12785625457763672
0.11036300659179688
0.11309647560119629
0.11196660995483398
0.10881233215332031
0.10596585273742676
0.10894107818603516
0.11008191108703613
0.10740375518798828
0.11579537391662598
0.11480522155761719
0.10921621322631836
0.1137232780456543
0.10920977592468262
0.11205768585205078
0.11289119720458984
0.10927343368530273
0.11287689208984375
0.1065375804901123
0.10705447196960449
0.11964607238769531
0.11111998558044434
0.11031031608581543
0.10590982437133789
0.24829673767089844
0.10833382606506348
0.10892581939697266
0.1117701530456543
0.11051344871520996
0.11067700386047363
0.10965585708618164
0.11281204223632812
0.11058473587036133
0.11192703247070312
0.11826324462890625
0.10855984687805176
0.10842585563659668
0.1115732192993164
0.10970187187194824
0.10951709747314453
0.10795211791992188
0.10881638526916504
0.11253738403320312
0.11553454399108887
0.10966134071350098
0.11692571640014648
0.12224864959716797
0.10660815238952637
0.10884308815002441
0.10876107215881348
0.11391139030456543
0.11327910423278809
0.10839486122131348
0.10790228843688965
0.11094069480895996
0.10965967178344727
0.11075282096862793
0.1074073314666748
0.10838842391967773
0.10850000381469727
0.11605358123779297
0.10762429237365723
0.1081690788269043
0.11729073524475098
0.11316585540771484
0.10959959030151367
0.10915374755859375
0.1112372875213623
0.10901665687561035
0.11487650871276855
0.1102297306060791
0.11086583137512207
0.11176204681396484
0.10970401763916016
0.10933089256286621
0.10955572128295898
0.10780453681945801
0.10913205146789551
0.11968326568603516
0.11405277252197266
0.12317156791687012
0.10851383209228516
0.11245012283325195
0.11140561103820801
0.11141204833984375
0.10979676246643066
0.10555911064147949
0.1180715560913086
0.11069107055664062
0.11455988883972168
0.11253929138183594
0.10883784294128418
0.11212801933288574
0.11093902587890625
0.11162447929382324
0.11338114738464355
0.1114664077758789
0.11010360717773438
0.11057901382446289
0.1094975471496582
0.11200428009033203
0.11016249656677246
0.11159968376159668
0.10537099838256836
0.1097564697265625
0.10848641395568848
0.11325931549072266
0.11023211479187012
0.11211204528808594
0.11238408088684082
0.1331186294555664
0.11027646064758301
0.11022710800170898
0.11572599411010742
0.1090240478515625
0.11005234718322754
0.11017704010009766
0.11039257049560547
0.10861444473266602
0.10902857780456543
0.10694289207458496
0.1142582893371582
0.11120915412902832
0.10835981369018555
0.11035585403442383
0.10648393630981445
0.10729217529296875
0.11088180541992188
0.1117401123046875
0.11004495620727539
0.11469745635986328
0.1154334545135498
0.1118166446685791
0.10715126991271973
0.10998654365539551
0.11162972450256348
0.11234307289123535
0.11106014251708984
0.11036276817321777
0.1087503433227539
0.11396360397338867
0.11064410209655762
0.1261579990386963
0.1172332763671875
0.10737061500549316
0.11375617980957031
0.11259341239929199
0.10326957702636719
0.12036490440368652
0.1104288101196289
0.11089634895324707
0.10950350761413574
0.11161661148071289
0.10969257354736328
0.11007118225097656
0.11358833312988281
0.1105196475982666
0.11297416687011719
0.11079859733581543
0.10744786262512207
0.10923552513122559
0.11003613471984863
0.1141204833984375
0.1161801815032959
0.11039161682128906
0.1159060001373291
0.10982799530029297
0.11011266708374023
0.11284852027893066
0.11206269264221191
0.236616849899292
0.11178374290466309
0.1129002571105957
0.10898137092590332
0.11276054382324219
0.11837220191955566
0.12188100814819336
0.11040472984313965
0.11983513832092285
0.1078650951385498
0.11377239227294922
0.11002445220947266
0.11123132705688477
0.12023520469665527
0.1244051456451416
0.1168830394744873
0.10978484153747559
0.10983681678771973
0.1143333911895752
0.11751246452331543
0.13484597206115723
0.1291487216949463
0.11405706405639648
0.11472392082214355
0.11198711395263672
0.11044454574584961
0.13103723526000977
0.11075592041015625
0.11014795303344727
0.11272239685058594
0.12021255493164062
0.1206197738647461
0.12729835510253906
0.11989092826843262
0.11943554878234863
0.11973404884338379
0.12494707107543945
0.11983060836791992
0.1180272102355957
0.11710834503173828
0.12581634521484375
0.11651921272277832
0.1111304759979248
0.11285042762756348
0.11197233200073242
0.11301231384277344
0.11070084571838379
0.11184453964233398
0.1251688003540039
0.11262798309326172
0.12621736526489258
0.11000871658325195
0.11667513847351074
0.11087918281555176
0.11032271385192871
0.1083974838256836
0.10834956169128418
0.13244318962097168
0.10903692245483398
0.10925173759460449
0.11080527305603027
0.11425995826721191
0.11664581298828125
0.1327962875366211
0.11273860931396484
0.11428356170654297
0.1138145923614502
0.11136555671691895
0.11053848266601562
0.11077308654785156
0.1136622428894043
0.11025381088256836
0.10999464988708496
0.10826897621154785
0.11328792572021484
0.10944986343383789
0.10969138145446777
0.11336898803710938
0.11070919036865234
0.11035442352294922
0.11302638053894043
0.11280393600463867
0.10944366455078125
0.10684084892272949
0.10999679565429688
0.10968160629272461
0.1116633415222168
0.11130237579345703
0.12341976165771484
0.11446785926818848
0.12234878540039062
0.1134493350982666
0.11278319358825684
0.11302661895751953
0.11201238632202148
0.11178064346313477
0.12061214447021484
0.1164255142211914
0.1194922924041748
0.11409687995910645
0.12221217155456543
0.10861063003540039
0.10876965522766113
0.10924291610717773
0.11353039741516113
0.11664891242980957
0.12023067474365234
0.11597347259521484
0.11345672607421875
0.10667061805725098
0.10860347747802734
0.11313199996948242
0.10982871055603027
0.11000514030456543
0.11474061012268066
0.11010408401489258
0.11097836494445801
0.1150662899017334
0.1123507022857666
0.10951566696166992
0.11101078987121582
0.11163902282714844
0.11199259757995605
0.10975193977355957
0.11169719696044922
0.10998320579528809
0.11146092414855957
0.10810303688049316
0.11305403709411621
0.11428213119506836
0.11067461967468262
0.11177587509155273
0.10774397850036621
0.11501431465148926
0.11874866485595703
0.10933160781860352
0.11229515075683594
0.10934042930603027
0.10950088500976562
0.11260461807250977
0.11121487617492676
0.10878777503967285
0.12219429016113281
0.11361956596374512
0.1089627742767334
0.24930810928344727
0.1103363037109375
0.11426711082458496
0.11052989959716797
0.11484193801879883
0.1153876781463623
0.10882306098937988
0.11217045783996582
0.10763049125671387
0.10895967483520508
0.1128091812133789
0.10814762115478516
0.12473702430725098
0.1094520092010498
0.11096596717834473
0.10940217971801758
0.11146068572998047
0.11401629447937012
0.11131858825683594
0.1080467700958252
0.11492323875427246
0.10887813568115234
0.1082761287689209
0.1098928451538086
0.11169099807739258
0.11072778701782227
0.11284518241882324
0.11468625068664551
0.11779904365539551
0.1116337776184082
0.12292742729187012
0.12207198143005371
0.12207555770874023
0.1239614486694336
0.11917901039123535
0.1158604621887207
0.10814833641052246
0.11622118949890137
0.12362003326416016
0.12840509414672852
0.10460424423217773
0.10673117637634277
0.10970711708068848
0.1100466251373291
0.10815238952636719
0.11192059516906738
0.10666990280151367
0.1061713695526123
0.11817717552185059
0.11087989807128906
0.11403751373291016
0.11161112785339355
0.10873293876647949
0.10978937149047852
0.10904669761657715
0.10699653625488281
0.1082313060760498
0.1110544204711914
0.11803078651428223
0.1496572494506836
0.14576005935668945
0.10890531539916992
0.10807538032531738
0.11248397827148438
0.10913586616516113
0.11215424537658691
0.11037874221801758
0.108795166015625
0.1122751235961914
0.11259818077087402
0.11673116683959961
0.10496735572814941
0.11531281471252441
0.11260557174682617
0.11320900917053223
0.10991430282592773
0.1159055233001709
0.10822153091430664
0.12407374382019043
0.11923456192016602
0.11542034149169922
0.10821843147277832
0.10872721672058105
0.11316061019897461
0.11191964149475098
0.10981202125549316
0.11553168296813965
0.11301326751708984
0.10686993598937988
0.10620880126953125
0.11705756187438965
0.12477874755859375
0.11565613746643066
0.11252617835998535
0.1246645450592041
0.16315674781799316
0.15994668006896973
0.10968399047851562
0.11276817321777344
0.10678458213806152
0.11060976982116699
0.11460328102111816
0.12269449234008789
0.14235973358154297
0.12804269790649414
0.11069846153259277
0.11166000366210938
0.11896300315856934
0.10870099067687988
0.11020541191101074
0.11160445213317871
0.1113736629486084
0.10705089569091797
0.12202000617980957
0.10681271553039551
0.10915637016296387
0.1118006706237793
0.1162252426147461
0.10890865325927734
0.11474227905273438
0.11166977882385254
0.10861849784851074
0.11177563667297363
0.11075186729431152
0.11180567741394043
0.10951089859008789
0.1167910099029541
0.1092524528503418
0.10679435729980469
0.11485171318054199
0.11775445938110352
0.11488723754882812
0.11001062393188477
0.11178350448608398
0.10681676864624023
0.11205625534057617
0.10876178741455078
0.1021268367767334
0.11358022689819336
0.10947322845458984
0.10956692695617676
0.11164641380310059
0.11273670196533203
0.1112372875213623
0.10490107536315918
0.11040401458740234
0.24151206016540527
0.10930466651916504
0.11238837242126465
0.11477112770080566
0.11056947708129883
0.11089634895324707
0.11442422866821289
0.10971403121948242
0.11227774620056152
0.11274099349975586
0.11190605163574219
0.11523795127868652
0.10925889015197754
0.10448813438415527
0.11286211013793945
0.1232757568359375
0.12372541427612305
0.11684989929199219
0.10942625999450684
0.1108248233795166
0.10899782180786133
0.112152099609375
0.11389708518981934
0.11157488822937012
0.11049246788024902
0.11015200614929199
0.11182141304016113
0.11113214492797852
0.11313629150390625
0.11525845527648926
0.11302399635314941
0.11109519004821777
0.11174249649047852
0.11188268661499023
0.10744571685791016
0.10669207572937012
0.11065363883972168
0.11110448837280273
0.10762643814086914
0.11084794998168945
0.11459779739379883
0.11127328872680664
0.11088800430297852
0.10933518409729004
0.10978341102600098
0.11174607276916504
0.11245965957641602
0.11266779899597168
0.1123514175415039
0.11190533638000488
0.10502004623413086
0.12001466751098633
0.11842727661132812
0.11033105850219727
0.10904335975646973
0.10852551460266113
0.11616206169128418
0.11445903778076172
0.11390280723571777
0.10962295532226562
0.1172645092010498
0.11295914649963379
0.11236000061035156
0.11315059661865234
0.12619519233703613
0.11052155494689941
0.11252117156982422
0.11040997505187988
0.11370539665222168
0.12349319458007812
0.13214802742004395
0.11112213134765625
0.11754655838012695
0.11355042457580566
0.11123800277709961
0.11881422996520996
0.1096045970916748
0.11338067054748535
0.11861228942871094
0.1097555160522461
0.10757279396057129
0.10912585258483887
0.11458277702331543
0.1093301773071289
0.10919594764709473
0.11612272262573242
0.11139750480651855
0.10889673233032227
0.10790014266967773
0.10943722724914551
0.10772538185119629
0.11288642883300781
0.11132550239562988
0.10888791084289551
0.10889625549316406
0.10717105865478516
0.11344408988952637
0.10747814178466797
0.11016225814819336
0.11134004592895508
0.1128995418548584
0.11059999465942383
0.10990262031555176
0.1089169979095459
0.11271548271179199
0.1105051040649414
0.10872149467468262
0.11095285415649414
0.11085033416748047
0.11586260795593262
0.11197829246520996
0.10943198204040527
0.12667107582092285
0.11551213264465332
0.10958194732666016
0.10996413230895996
0.10975384712219238
0.11002397537231445
0.11080789566040039
0.10844063758850098
0.10935735702514648
0.12286615371704102
0.11457109451293945
0.10801196098327637
0.10729050636291504