0.047135114669799805
0.04654431343078613
0.04250836372375488
0.04210686683654785
0.042144060134887695
0.041361331939697266
0.042288780212402344
0.04172205924987793
0.0446019172668457
0.04179191589355469
0.04187750816345215
0.04178476333618164
0.04584836959838867
0.041341304779052734
0.04599952697753906
0.04143834114074707
0.041881561279296875
0.041315317153930664
0.0418705940246582
0.041281700134277344
0.04166889190673828
0.04201388359069824
0.0418701171875
0.04346632957458496
0.041718482971191406
0.041510581970214844
0.042079925537109375
0.04146742820739746
0.04164266586303711
0.04145216941833496
0.0409848690032959
0.0419163703918457
0.04172492027282715
0.04255986213684082
0.041054487228393555
0.0414736270904541
0.04210853576660156
0.04142141342163086
0.04162716865539551
0.04176473617553711
0.04142284393310547
0.04197096824645996
0.041791439056396484
0.04159903526306152
0.04097151756286621
0.04135918617248535
0.04203295707702637
0.04166841506958008
0.041510820388793945
0.04266667366027832
0.04163026809692383
0.042029619216918945
0.041942596435546875
0.04154849052429199
0.04573774337768555
0.049909353256225586
0.05109357833862305
0.04420018196105957
0.042096853256225586
0.041788339614868164
0.04131937026977539
0.04142475128173828
0.042012691497802734
0.0460352897644043
0.047241926193237305
0.04314255714416504
0.04759955406188965
0.04193902015686035
0.04146742820739746
0.04165768623352051
0.04169821739196777
0.04201531410217285
0.04171490669250488
0.04166150093078613
0.043158531188964844
0.04139113426208496
0.04155778884887695
0.041733741760253906
0.0416719913482666
0.04166388511657715
0.0418696403503418
0.04190421104431152
0.04138946533203125
0.04131674766540527
0.04149746894836426
0.04124712944030762
0.0419921875
0.04182243347167969
0.04109025001525879
0.04119229316711426
0.041605234146118164
0.04228949546813965
0.041487932205200195
0.04160881042480469
0.04163503646850586
0.041655778884887695
0.04209446907043457
0.1662917137145996
0.042160987854003906
0.04154205322265625
0.0424494743347168
0.041478633880615234
0.041228532791137695
0.04253220558166504
0.041509151458740234
0.041380882263183594
0.0416262149810791
0.04174065589904785
0.04214882850646973
0.04162859916687012
0.04154562950134277
0.04146766662597656
0.04138016700744629
0.04214191436767578
0.041831016540527344
0.04168701171875
0.04140472412109375
0.04340314865112305
0.04228830337524414
0.04208707809448242
0.04149007797241211
0.04131054878234863
0.04169726371765137
0.04205894470214844
0.04155325889587402
0.041140079498291016
0.04143714904785156
0.04157519340515137
0.04176497459411621
0.04206728935241699
0.041344404220581055
0.04172849655151367
0.04172158241271973
0.04178285598754883
0.04135322570800781
0.041364431381225586
0.041373491287231445
0.04139590263366699
0.04247307777404785
0.04585719108581543
0.04339766502380371
0.04137873649597168
0.046082258224487305
0.046601057052612305
0.04580235481262207
0.04162788391113281
0.04146695137023926
0.0429072380065918
0.046788930892944336
0.0415494441986084
0.041612863540649414
0.04126453399658203
0.04122734069824219
0.041758060455322266
0.04145312309265137
0.04141092300415039
0.04581904411315918
0.04569435119628906
0.04771685600280762
0.042151689529418945
0.041793107986450195
0.041161298751831055
0.04157853126525879
0.04156303405761719
0.04171466827392578
0.041306495666503906
0.041370391845703125
0.041839599609375
0.042029619216918945
0.045841217041015625
0.04613304138183594
0.04177570343017578
0.04546523094177246
0.04628586769104004
0.04150724411010742
0.04162263870239258
0.0416102409362793
0.04129743576049805
0.04197406768798828
0.042215824127197266
0.04179215431213379
0.041350364685058594
0.04169440269470215
0.04309248924255371
0.042131662368774414
0.04132366180419922
0.04129672050476074
0.04147911071777344
0.0415797233581543
0.04143667221069336
0.04136800765991211
0.04133915901184082
0.041738271713256836
0.04173755645751953
0.04836535453796387
0.051773786544799805
0.05441713333129883
0.044121503829956055
0.04236292839050293
0.0427861213684082
0.04207730293273926
0.04175305366516113
0.044197797775268555
0.042043447494506836
0.04159665107727051
0.04635500907897949
0.0510401725769043
0.04672646522521973
0.04628396034240723
0.046097755432128906
0.04171872138977051
0.04493069648742676
0.04459857940673828
0.04668569564819336
0.045424699783325195
0.046889305114746094
0.05045032501220703
0.04232621192932129
0.04557538032531738
0.04723167419433594
0.04595160484313965
0.04860496520996094
0.04695320129394531
0.043866634368896484
0.04455828666687012
0.04148435592651367
0.04140043258666992
0.041783809661865234
0.04637432098388672
0.04624772071838379
0.045859575271606445
0.046199798583984375
0.04147839546203613
0.043154001235961914
0.04185605049133301
0.041787147521972656
0.04143667221069336
0.04163694381713867
0.041718244552612305
0.042359113693237305
0.04233860969543457
0.041512489318847656
0.04174613952636719
0.042482614517211914
0.04167580604553223
0.041440486907958984
0.04560732841491699
0.04581761360168457
0.04688549041748047
0.04684901237487793
0.04570341110229492
0.041716814041137695
0.04144883155822754
0.04198265075683594
0.041915178298950195
0.04120349884033203
0.041695356369018555
0.0414433479309082
0.04204154014587402
0.041530609130859375
0.041466712951660156
0.04147195816040039
0.041475534439086914
0.04205608367919922
0.04177093505859375
0.04143381118774414
0.04145622253417969
0.041268110275268555
0.042104482650756836
0.041832923889160156
0.04169487953186035
0.04140925407409668
0.04632878303527832
0.045819759368896484
0.04140830039978027
0.0416567325592041
0.041391611099243164
0.041378021240234375
0.04195070266723633
0.04155874252319336
0.04166531562805176
0.04175996780395508
0.0413661003112793
0.0418095588684082
0.0414578914642334
0.04132843017578125
0.04285693168640137
0.04206442832946777
0.041974782943725586
0.0414433479309082
0.041190147399902344
0.0413661003112793
0.04179883003234863
0.04175162315368652
0.04159069061279297
0.04139208793640137
0.041372060775756836
0.041184425354003906
0.04185009002685547
0.04199028015136719
0.04303169250488281
0.04168844223022461
0.041322946548461914
0.04201698303222656
0.04143404960632324
0.04133152961730957
0.0415034294128418
0.04131293296813965
0.04177069664001465
0.04158759117126465
0.04107379913330078
0.0413970947265625
0.04133009910583496
0.04147028923034668
0.041747093200683594
0.04163837432861328
0.04140520095825195
0.04169344902038574
0.04153108596801758
0.04178786277770996
0.04132962226867676
0.04111886024475098
0.04148459434509277
0.041639089584350586
0.041474103927612305
0.041216373443603516
0.04177498817443848
0.04161977767944336
0.04160356521606445
0.041471242904663086
0.041294097900390625
0.04125356674194336
0.0417935848236084
0.0416715145111084
0.046926259994506836
0.05355525016784668
0.04264330863952637
0.041451215744018555
0.041826486587524414
0.041994571685791016
0.041912078857421875
0.04742574691772461
0.04343104362487793
0.04229593276977539
0.04152703285217285
0.04144287109375
0.041661977767944336
0.04132723808288574
0.04189133644104004
0.04112958908081055
0.04586601257324219
0.04157614707946777
0.041521549224853516
0.05079793930053711
0.0422060489654541
0.04154086112976074
0.041578054428100586
0.04128313064575195
0.041988372802734375
0.04217982292175293
0.042601585388183594
0.04153776168823242
0.0412900447845459
0.04163479804992676
0.04139447212219238
0.04123234748840332
0.041760921478271484
0.04144287109375
0.042016029357910156
0.041394710540771484
0.045876264572143555
0.04081583023071289
0.04615068435668945
0.0442500114440918
0.04878520965576172
0.042495012283325195
0.041207313537597656
0.04169321060180664
0.04175448417663574
0.04152822494506836
0.04167628288269043
0.04210948944091797
0.0421290397644043
0.041864871978759766
0.04142498970031738
0.041283607482910156
0.04166531562805176
0.041290998458862305
0.04161787033081055
0.04175400733947754
0.04175448417663574
0.041371822357177734
0.041584014892578125
0.04183530807495117
0.04141950607299805
0.041654348373413086
0.04122161865234375
0.0416407585144043
0.04166412353515625
0.04227924346923828
0.041199445724487305
0.04570150375366211
0.041460275650024414
0.04203200340270996
0.04145646095275879
0.04428601264953613
0.041301727294921875
0.041199684143066406
0.04224538803100586
0.041478872299194336
0.04167532920837402
0.04144644737243652
0.04126548767089844
0.04200863838195801
0.04167604446411133
0.04144620895385742
0.041521549224853516
0.04183316230773926
0.04206037521362305
0.041831254959106445
0.04133009910583496
0.04139590263366699
0.0416712760925293
0.0422825813293457
0.04163193702697754
0.041727542877197266
0.04149937629699707
0.04137611389160156
0.04206347465515137
0.042340755462646484
0.04120326042175293
0.041440486907958984
0.04131770133972168
0.04173851013183594
0.04150891304016113
0.041257381439208984
0.041248321533203125
0.041764020919799805
0.042464256286621094
0.04244637489318848
0.04256939888000488
0.04130148887634277
0.041768550872802734
0.04175829887390137
0.04132485389709473
0.0417170524597168
0.04141068458557129
0.04182720184326172
0.042032718658447266
0.0416109561920166
0.045877933502197266
0.045755863189697266
0.04179072380065918
0.04599499702453613
0.041562557220458984
0.041596174240112305
0.04138541221618652
0.04129981994628906
0.04231977462768555
0.04145550727844238
0.04218792915344238
0.04182791709899902
0.041259765625
0.047283172607421875
0.04613757133483887
0.041732072830200195
0.04186415672302246
0.04170942306518555
0.04158496856689453
0.04149651527404785
0.04147958755493164
0.041869401931762695
0.041544437408447266
0.0421605110168457
0.041558265686035156
0.042092323303222656
0.044983625411987305
0.04236936569213867
0.04187417030334473
0.04112887382507324
0.04184889793395996
0.04152107238769531
0.04127097129821777
0.04234647750854492
0.041170358657836914
0.04182147979736328
0.04185676574707031
0.04128074645996094
0.043020009994506836
0.04323458671569824
0.04226279258728027
0.04190802574157715
0.04178881645202637
0.041414499282836914
0.04197955131530762
0.04232382774353027
0.042865753173828125
0.042038917541503906
0.04350090026855469
0.04548454284667969
0.04409050941467285
0.04356789588928223
0.04384469985961914
0.044063568115234375
0.04451632499694824
0.04992389678955078
0.050386905670166016
0.04387331008911133
0.043833255767822266
0.044939279556274414
0.0446012020111084
0.04501080513000488
0.04388165473937988
0.04436659812927246
0.05131173133850098
0.04503035545349121
0.04130387306213379
0.0417780876159668
0.04175901412963867
0.0422055721282959
0.041333913803100586
0.04171252250671387
0.04407548904418945
0.04176974296569824
0.04189109802246094
0.04275965690612793
0.04427766799926758
0.05108046531677246
0.042151689529418945
0.0494844913482666
0.049399375915527344
0.04822969436645508
0.04615592956542969
0.04372382164001465
0.04217720031738281
0.044455528259277344
0.041878461837768555
0.04578995704650879
0.04252028465270996
0.04185891151428223
0.041762590408325195
0.041312456130981445
0.04203438758850098
0.042316436767578125
0.04174041748046875
0.04134869575500488
0.04284811019897461
0.04170703887939453
0.042079925537109375
0.04149627685546875
0.04133486747741699
0.041348934173583984
0.0414121150970459
0.04340219497680664
0.04188966751098633
0.04157614707946777
0.041710615158081055
0.0436248779296875
0.042322635650634766
0.04294180870056152
0.04170680046081543
0.041402578353881836
0.04340839385986328
0.04168105125427246
0.04125833511352539
0.04142403602600098
0.041649580001831055
0.04180598258972168
0.04305672645568848
0.04360175132751465
0.041361331939697266
0.041770219802856445
0.04180288314819336
0.04180264472961426
0.04138636589050293
0.041341304779052734
0.04134798049926758
0.04132437705993652
0.043834686279296875
0.04159212112426758
0.04133200645446777
0.04329037666320801
0.04198312759399414
0.04174351692199707
0.04173874855041504
0.041481971740722656
0.04179883003234863
0.041738271713256836
0.04212474822998047
0.041695356369018555
0.04178595542907715
0.0413670539855957
0.041344642639160156
0.041589975357055664
0.04144597053527832
0.04129314422607422
0.041348934173583984
0.04180312156677246
0.04167914390563965
0.04181408882141113
0.04125833511352539
0.04133486747741699
0.04155468940734863
0.04233098030090332
0.041464805603027344
0.04121804237365723
0.041641950607299805
0.04155683517456055
0.04194903373718262
0.041506290435791016
0.04194498062133789
0.042638540267944336
0.04739093780517578
0.04585456848144531
0.04195070266723633
0.041300296783447266
0.04460024833679199
0.041420698165893555
0.04243159294128418
0.041957855224609375
0.0412440299987793
0.04259443283081055
0.041501522064208984
0.041582345962524414
0.04174351692199707
0.04152846336364746
0.04436087608337402
0.04455828666687012
0.04583454132080078
0.04383444786071777
0.0414125919342041
0.04121232032775879
0.04152631759643555
0.04633498191833496
0.04145002365112305
0.042205095291137695
0.042771100997924805
0.04425525665283203
0.0428004264831543
0.04299473762512207
0.042124271392822266
0.041455984115600586
0.04089498519897461
0.041906118392944336
0.0418856143951416
0.04098939895629883
0.04120063781738281
0.0412142276763916
0.043570518493652344
0.04137015342712402
0.04406428337097168
0.04140424728393555
0.041237831115722656
0.04161834716796875
0.04184222221374512
0.0416722297668457
0.041846275329589844
0.04155898094177246
0.04239487648010254
0.04173636436462402
0.04772210121154785
0.04951310157775879
0.0429995059967041
0.044278621673583984
0.04139351844787598
0.0426638126373291
0.04298210144042969
0.04761171340942383
0.04370522499084473
0.0417938232421875
0.041274070739746094
0.04123091697692871
0.04165172576904297
0.04187512397766113
0.04173398017883301
0.04159665107727051
0.04138469696044922
0.04209113121032715
0.04539132118225098
0.04502105712890625
0.04173922538757324
0.04122328758239746
0.04134082794189453
0.04122185707092285
0.04163551330566406
0.04119753837585449
0.041219234466552734
0.04150271415710449
0.04244494438171387
0.04227328300476074
0.04244518280029297
0.04218649864196777
0.04121685028076172
0.04350471496582031
0.04149746894836426
0.04183673858642578
0.04126453399658203
0.041135311126708984
0.04227638244628906
0.0419313907623291
0.0411829948425293
0.04154825210571289
0.0412287712097168
0.04163718223571777
0.04192757606506348
0.04152488708496094
0.041201114654541016
0.041245222091674805
0.04181361198425293
0.041434526443481445
0.04154157638549805
0.042336463928222656
0.041678667068481445
0.04293370246887207
0.041610002517700195
0.04253959655761719
0.04150724411010742
0.0417475700378418
0.04154086112976074
0.041477203369140625
0.04212355613708496
0.0416562557220459
0.0415041446685791
0.16669178009033203
0.044538259506225586
0.04146242141723633
0.041362762451171875
0.04143857955932617
0.04135727882385254
0.0414273738861084
0.04135584831237793
0.041351318359375
0.04152679443359375
0.04188251495361328
0.04146766662597656
0.041976213455200195
0.04145646095275879
0.041764020919799805
0.04281044006347656
0.04162311553955078
0.04152488708496094
0.0415651798248291
0.04170846939086914
0.0454249382019043
0.04178166389465332
0.04202604293823242
0.041501522064208984
0.04147148132324219
0.04216742515563965
0.04196882247924805
0.04152107238769531
0.0418243408203125
0.04168963432312012
0.042163848876953125
0.04159832000732422
0.04189872741699219
0.04218244552612305
0.04131770133972168
0.042751312255859375
0.04182267189025879
0.04150509834289551
0.04137063026428223
0.04151129722595215
0.04181671142578125
0.0415806770324707
0.04175615310668945
0.04463481903076172
0.04591012001037598
0.04241633415222168
0.04156804084777832
0.04355907440185547
0.04158830642700195
0.04163670539855957
0.042150020599365234
0.04149651527404785
0.04154539108276367
0.04187154769897461
0.04141426086425781
0.04175400733947754
0.04171276092529297
0.04160308837890625
0.04247617721557617
0.041519880294799805
0.04222297668457031
0.041767120361328125
0.041799306869506836
0.04152822494506836
0.041460514068603516
0.042894840240478516
0.04174375534057617
0.04153251647949219
0.041693687438964844
0.041541099548339844
0.04207158088684082
0.0414583683013916
0.04619932174682617
0.041619300842285156
0.04178953170776367
0.042006731033325195
0.04155540466308594
0.04143643379211426
0.04186439514160156
0.04618382453918457
0.05105924606323242
0.04387164115905762
0.04283332824707031
0.041878700256347656
0.04201769828796387
0.04190969467163086
0.04164385795593262
0.04158830642700195
0.04583263397216797
0.04906964302062988
0.0426938533782959
0.04407238960266113
0.04154849052429199
0.04210782051086426
0.04179859161376953
0.041786909103393555
0.0437161922454834
0.04488348960876465
0.045542001724243164
0.0414423942565918
0.046114206314086914
0.042189836502075195
0.04121088981628418
0.04166579246520996
0.041686058044433594
0.04181957244873047
0.04121541976928711
0.04254555702209473
0.041640520095825195
0.04132485389709473
0.04231071472167969
0.04204988479614258
0.04125857353210449
0.04128861427307129
0.04146838188171387
0.04176926612854004
0.04180192947387695
0.04157280921936035
0.041423797607421875
0.041498422622680664
0.04155707359313965
0.041217803955078125
0.04114246368408203
0.04107308387756348
0.04701495170593262
0.04255104064941406
0.04160499572753906
0.04240107536315918
0.042090415954589844
0.041312217712402344
0.041873931884765625
0.041297197341918945
0.04138493537902832
0.04110002517700195
0.041423797607421875
0.04693150520324707
0.047658681869506836
0.041831254959106445
0.041847944259643555
0.04140663146972656
0.04178500175476074
0.04150509834289551
0.04126262664794922
0.041192054748535156
0.041208505630493164
0.04254484176635742
0.043116092681884766
0.04309368133544922
0.04286026954650879
0.04130816459655762
0.042845726013183594
0.0415654182434082
0.04117226600646973
0.04129791259765625
0.04123854637145996
0.04424858093261719
0.041478633880615234
0.04631757736206055
0.04134988784790039
0.04137849807739258
0.0416254997253418
0.041602134704589844
0.041243553161621094
0.04124951362609863
0.04159259796142578
0.04193878173828125
0.04116177558898926
0.04138755798339844
0.041069746017456055
0.04169797897338867
0.041898488998413086
0.04136228561401367
0.041629791259765625
0.041275978088378906
0.044002532958984375
0.041778564453125
0.041565656661987305
0.041381120681762695
0.04128265380859375
0.041739463806152344
0.04185128211975098
0.041754961013793945
0.0413510799407959
0.0412137508392334
0.04137158393859863
0.04412555694580078
0.04121208190917969
0.04119992256164551
0.04100918769836426
0.04129219055175781
0.0419008731842041
0.043035030364990234
0.04127335548400879
0.04124927520751953
0.04141640663146973
0.04199862480163574
0.041440725326538086
0.041314125061035156
0.04318547248840332
0.04166817665100098
0.04219555854797363
0.041852712631225586
0.04150128364562988
0.0412898063659668
0.041486501693725586
0.04176449775695801
0.042233943939208984
0.04590654373168945
0.04542827606201172
0.04609274864196777
0.044866323471069336
0.04407691955566406
0.04430341720581055
0.04345893859863281
0.04701685905456543
0.04911351203918457
0.04765796661376953
0.046454668045043945
0.04199385643005371
0.04163646697998047
0.04177975654602051
0.044231414794921875
0.04110383987426758
0.04143810272216797
0.04105639457702637
0.04403257369995117
0.04134321212768555
0.04126548767089844
0.04145216941833496
0.04118061065673828
0.04187130928039551
0.041306495666503906
0.041507720947265625
0.04213285446166992
0.04151105880737305
0.04207634925842285
0.04213213920593262
0.04117012023925781
0.042905569076538086
0.04118657112121582
0.04188084602355957
0.041222333908081055
0.04118847846984863
0.041207313537597656
0.04157853126525879
0.04264569282531738
0.04151320457458496
0.04151034355163574
0.04129791259765625
0.041602373123168945
0.0419621467590332
0.04168891906738281
0.041254520416259766
0.04138803482055664
0.041123390197753906
0.04308581352233887
0.04145979881286621
0.0414891242980957
0.04158806800842285
0.04129433631896973
0.04267597198486328
0.04139518737792969
0.04664182662963867
0.04823422431945801
0.04964637756347656
0.04222702980041504
0.041548967361450195
0.04119586944580078
0.04172348976135254
0.04375004768371582
0.04825782775878906
0.04892754554748535
0.042696237564086914
0.04136085510253906
0.04116058349609375
0.041532039642333984
0.04197072982788086