0.1990959644317627
0.19959759712219238
0.20220112800598145
0.19902706146240234
0.19593501091003418
0.20031309127807617
0.20356535911560059
0.19582772254943848
0.19545388221740723
0.19582796096801758
0.19743061065673828
0.19692182540893555
0.19722867012023926
0.19701933860778809
0.32895970344543457
0.20287489891052246
0.1995859146118164
0.20482969284057617
0.20017457008361816
0.20238661766052246
0.19913458824157715
0.19858074188232422
0.1975862979888916
0.1916978359222412
0.19765520095825195
0.202894926071167
0.20286083221435547
0.19756412506103516
0.19655799865722656
0.19591832160949707
0.199660062789917
0.19473791122436523
0.19194698333740234
0.20012402534484863
0.19754934310913086
0.19718623161315918
0.19434618949890137
0.19658756256103516
0.20071816444396973
0.22683358192443848
0.20850110054016113
0.1973414421081543
0.1926112174987793
0.19533848762512207
0.20343446731567383
0.18815922737121582
0.20279526710510254
0.19623517990112305
0.19632601737976074
0.20590639114379883
0.19423604011535645
0.2004539966583252
0.19361329078674316
0.22129440307617188
0.2029886245727539
0.2005167007446289
0.19945669174194336
0.1975269317626953
0.20018815994262695
0.1964428424835205
0.19802498817443848
0.19905638694763184
0.19806122779846191
0.19595813751220703
0.19505643844604492
0.1963481903076172
0.1976022720336914
0.19976115226745605
0.1970231533050537
0.20090794563293457
0.1985018253326416
0.21248197555541992
0.21924495697021484
0.19533061981201172
0.19895434379577637
0.20058012008666992
0.1946413516998291
0.20025038719177246
0.19787073135375977
0.1984264850616455
0.1988542079925537
0.19361639022827148
0.19777965545654297
0.19745445251464844
0.19519615173339844
0.20508837699890137
0.19585871696472168
0.3320910930633545
0.19533967971801758
0.1953575611114502
0.20378780364990234
0.19614458084106445
0.19951176643371582
0.2220745086669922
0.19828152656555176
0.19939327239990234
0.19964194297790527
0.2006540298461914
0.19331669807434082
0.19818401336669922
0.19398832321166992
0.19739508628845215
0.221177339553833
0.27410435676574707
0.2773158550262451
0.21130800247192383
0.20010972023010254
0.24056291580200195
0.23660492897033691
0.22486138343811035
0.2026360034942627
0.19344210624694824
0.19307804107666016
0.19347476959228516
0.19489502906799316
0.19794392585754395
0.200730562210083
0.19916510581970215
0.19623327255249023
0.20160388946533203
0.19924044609069824
0.19540143013000488
0.19312453269958496
0.20140361785888672
0.19816303253173828
0.19771265983581543
0.19234514236450195
0.1922292709350586
0.23563241958618164
0.21875214576721191
0.20621013641357422
0.1971111297607422
0.19863677024841309
0.20479035377502441
0.19658994674682617
0.19968128204345703
0.19634437561035156
0.1995689868927002
0.19742393493652344
0.1943683624267578
0.196502685546875
0.19582223892211914
0.19703269004821777
0.19958734512329102
0.20204806327819824
0.19484400749206543
0.202103853225708
0.20074987411499023
0.19461870193481445
0.1971909999847412
0.19405603408813477
0.19751763343811035
0.20878195762634277
0.19790434837341309
0.1977829933166504
0.20598459243774414
0.20744872093200684
0.19700384140014648
0.1967778205871582
0.19836688041687012
0.20064949989318848
0.1972353458404541
0.2036876678466797
0.1948833465576172
0.19948887825012207
0.3447556495666504
0.20770978927612305
0.19820427894592285
0.19610285758972168
0.1985766887664795
0.19902634620666504
0.19832444190979004
0.1956925392150879
0.19626784324645996
0.1964402198791504
0.19881391525268555
0.20183229446411133
0.20193934440612793
0.20491671562194824
0.22821450233459473
0.2066054344177246
0.20442724227905273
0.19564318656921387
0.20656442642211914
0.19466638565063477
0.19944381713867188
0.20975327491760254
0.21986675262451172
0.20546960830688477
0.19550871849060059
0.20151662826538086
0.21007561683654785
0.19968843460083008
0.1958625316619873
0.19498944282531738
0.19701147079467773
0.2137584686279297
0.2022700309753418
0.19948124885559082
0.19748592376708984
0.19821619987487793
0.19405007362365723
0.19411635398864746
0.19597554206848145
0.19394397735595703
0.19397497177124023
0.19011330604553223
0.19254302978515625
0.19377493858337402
0.19908881187438965
0.1975548267364502
0.20780491828918457
0.19614505767822266
0.20067095756530762
0.1942446231842041
0.19399523735046387
0.1967928409576416
0.19620203971862793
0.19730234146118164
0.1949470043182373
0.21531963348388672
0.20212292671203613
0.19442963600158691
0.2096400260925293
0.19538164138793945
0.19931626319885254
0.1958463191986084
0.19537854194641113
0.19890618324279785
0.19844841957092285
0.1973419189453125
0.2126154899597168
0.21341800689697266
0.20805692672729492
0.19677090644836426
0.2216801643371582
0.19891023635864258
0.19192814826965332
0.19239068031311035
0.2026524543762207
0.1933896541595459
0.20975208282470703
0.19202637672424316
0.20216870307922363
0.33190488815307617
0.19972991943359375
0.19713902473449707
0.19637846946716309
0.19639205932617188
0.196502685546875
0.202803373336792
0.19415521621704102
0.18978643417358398
0.19561028480529785
0.19640755653381348
0.19519662857055664
0.1975712776184082
0.19646644592285156
0.20128798484802246
0.19657540321350098
0.19866490364074707
0.1942753791809082
0.1961815357208252
0.20041704177856445
0.19711065292358398
0.1958475112915039
0.20345234870910645
0.19449806213378906
0.20146799087524414
0.1945817470550537
0.19562172889709473
0.19536328315734863
0.19502782821655273
0.19242238998413086
0.20373225212097168
0.19794845581054688
0.19850444793701172
0.19414162635803223
0.19514942169189453
0.19158077239990234
0.19395899772644043
0.19758081436157227
0.19838833808898926
0.2049570083618164
0.19478511810302734
0.1959083080291748
0.19484472274780273
0.20191192626953125
0.20411157608032227
0.18938517570495605
0.19778084754943848
0.19968008995056152
0.19767260551452637
0.19842171669006348
0.19529056549072266
0.20587968826293945
0.1954798698425293
0.1974806785583496
0.1953279972076416
0.19652485847473145
0.19550466537475586
0.20254254341125488
0.19929790496826172
0.20630812644958496
0.19921231269836426
0.19564080238342285
0.19431090354919434
0.20168089866638184
0.19924712181091309
0.19356083869934082
0.19831275939941406
0.19765114784240723
0.195939302444458
0.19763422012329102
0.19798040390014648
0.19258332252502441
0.20013213157653809
0.2064812183380127
0.19176125526428223
0.19852018356323242
0.19544720649719238
0.19543004035949707
0.19093585014343262
0.3427574634552002
0.1966099739074707
0.19571614265441895
0.19811224937438965
0.2003650665283203
0.21414732933044434
0.21686458587646484
0.19820141792297363
0.20002245903015137
0.19852662086486816
0.20061898231506348
0.20025849342346191
0.19664669036865234
0.1973552703857422
0.19464945793151855
0.19347882270812988
0.19728589057922363
0.19626331329345703
0.20333337783813477
0.19846892356872559
0.20186734199523926
0.19684672355651855
0.1961362361907959
0.1939382553100586
0.19471979141235352
0.1974954605102539
0.1988835334777832
0.20226263999938965
0.2216050624847412
0.19815969467163086
0.20483732223510742
0.206390380859375
0.19546914100646973
0.1956026554107666
0.19573736190795898
0.20590853691101074
0.19492650032043457
0.19635939598083496
0.19625639915466309
0.19812631607055664
0.19685149192810059
0.19396162033081055
0.19544553756713867
0.19935894012451172
0.19383716583251953
0.19839882850646973
0.1988539695739746
0.21232938766479492
0.19579553604125977
0.1909036636352539
0.19666624069213867
0.19544005393981934
0.19236373901367188
0.19121789932250977
0.19279718399047852
0.19376778602600098
0.19335627555847168
0.1958317756652832
0.1935591697692871
0.19610595703125
0.19932031631469727
0.20306038856506348
0.19432878494262695
0.20023012161254883
0.21127009391784668
0.19562602043151855
0.19536590576171875
0.1976609230041504
0.1977369785308838
0.19658875465393066
0.19489288330078125
0.20020532608032227
0.1969001293182373
0.1939840316772461
0.1985034942626953
0.19896364212036133
0.2017831802368164
0.1963040828704834
0.1978917121887207
0.19449901580810547
0.1980607509613037
0.3399531841278076
0.19682836532592773
0.2019665241241455
0.1943826675415039
0.19738101959228516
0.20240521430969238
0.19428801536560059
0.20118308067321777
0.19580388069152832
0.20117545127868652
0.19931411743164062
0.19521427154541016
0.19395208358764648
0.20923304557800293
0.21144700050354004
0.1956310272216797
0.20204377174377441
0.19334912300109863
0.19927334785461426
0.19465374946594238
0.19475054740905762
0.19472670555114746
0.2006375789642334
0.19577765464782715
0.19751906394958496
0.19213438034057617
0.19544076919555664
0.1946544647216797
0.1908414363861084
0.19617652893066406
0.19938325881958008
0.19455337524414062
0.20052385330200195
0.19385576248168945
0.19535040855407715
0.19455838203430176
0.19849419593811035
0.19220256805419922
0.19418692588806152
0.19173288345336914
0.19695711135864258
0.19762921333312988
0.19434809684753418
0.1940920352935791
0.19428706169128418
0.20206546783447266
0.18984293937683105
0.19548702239990234
0.19638633728027344
0.1918935775756836
0.19318485260009766
0.19056916236877441
0.19240212440490723
0.19475412368774414
0.19224333763122559
0.1941385269165039
0.19590210914611816
0.20457148551940918
0.19905948638916016
0.19446682929992676
0.19688892364501953
0.1952829360961914
0.19451189041137695
0.19789552688598633
0.19572758674621582
0.1959235668182373
0.1981203556060791
0.1954817771911621
0.19714689254760742
0.20267152786254883
0.19605660438537598
0.20149755477905273
0.19421052932739258
0.19591879844665527
0.19945907592773438
0.19510817527770996
0.18988299369812012
0.19403839111328125
0.19473505020141602
0.19239115715026855
0.1940631866455078
0.1966402530670166
0.32594895362854004
0.19284439086914062
0.19478201866149902
0.1947166919708252
0.19576191902160645
0.19533443450927734
0.19418692588806152
0.1970822811126709
0.19772911071777344
0.19773101806640625
0.19365978240966797
0.19240927696228027
0.19749975204467773
0.19483566284179688
0.19425106048583984
0.192399263381958
0.19770050048828125
0.19409418106079102
0.19626164436340332
0.197188138961792
0.19050836563110352
0.19622087478637695
0.19378447532653809
0.1967144012451172
0.20071697235107422
0.19727206230163574
0.19441437721252441
0.1948716640472412
0.19943785667419434
0.19593191146850586
0.20403170585632324
0.21128249168395996
0.1934959888458252
0.2024366855621338
0.1952986717224121
0.22455835342407227
0.2186744213104248
0.1973891258239746
0.1966874599456787
0.19671344757080078
0.20171141624450684
0.1978921890258789
0.19681668281555176
0.2024550437927246
0.1931908130645752
0.21081948280334473
0.22491168975830078
0.1998739242553711
0.1940155029296875
0.19713306427001953
0.2004406452178955
0.1969621181488037
0.20061898231506348
0.19494962692260742
0.19823050498962402
0.1993546485900879
0.1993260383605957
0.19482994079589844
0.21032190322875977
0.21967673301696777
0.19631648063659668
0.19526147842407227
0.19803285598754883
0.1978287696838379
0.19251799583435059
0.19287919998168945
0.19240641593933105
0.19154953956604004
0.19402194023132324
0.19612741470336914
0.19547033309936523
0.19409799575805664
0.19496965408325195
0.1983652114868164
0.19933342933654785
0.19783234596252441
0.19593381881713867
0.19336819648742676
0.32615017890930176
0.1933729648590088
0.19648361206054688
0.19471955299377441
0.19795846939086914
0.19278764724731445
0.20345330238342285
0.2246084213256836
0.24243855476379395
0.20066261291503906
0.2013261318206787
0.19501447677612305
0.20076251029968262
0.20067310333251953
0.1955857276916504
0.20676422119140625
0.2442634105682373
0.20173168182373047
0.19836187362670898
0.19884824752807617
0.1954348087310791
0.20183372497558594
0.2030773162841797
0.19452238082885742
0.1959233283996582
0.195831298828125
0.1955547332763672
0.19186973571777344
0.19604849815368652
0.1917099952697754
0.19637012481689453
0.1930859088897705
0.19450116157531738
0.19283747673034668
0.19424867630004883
0.19943642616271973
0.19728851318359375
0.19570422172546387
0.19478392601013184
0.19421648979187012
0.20148134231567383
0.20222020149230957
0.19161105155944824
0.19329619407653809
0.23204779624938965
0.20211577415466309
0.19776010513305664
0.19492125511169434
0.1949024200439453
0.1926572322845459
0.20046710968017578
0.19483423233032227
0.21878719329833984
0.21054363250732422
0.19527840614318848
0.2039952278137207
0.20009469985961914
0.2043929100036621
0.21791791915893555
0.20029592514038086
0.2016446590423584
0.19577360153198242
0.1979355812072754
0.1988518238067627
0.20035862922668457
0.19923782348632812
0.20022296905517578
0.19872474670410156
0.20305895805358887
0.1975865364074707
0.19853568077087402
0.20227265357971191
0.2247922420501709
0.19536113739013672
0.19931268692016602
0.20325112342834473
0.19404888153076172
0.19224071502685547
0.19302892684936523
0.1944718360900879
0.1963355541229248
0.2023613452911377
0.1924281120300293
0.33852720260620117
0.19434380531311035
0.19626402854919434
0.21395516395568848
0.19631481170654297
0.19871735572814941
0.19504046440124512
0.1960892677307129
0.1990513801574707
0.19611573219299316
0.19336438179016113
0.20399904251098633
0.1947498321533203
0.1988203525543213
0.20055699348449707
0.194563627243042
0.19571661949157715
0.19712400436401367
0.19364571571350098
0.19256949424743652
0.199967622756958
0.2003159523010254
0.2042996883392334
0.20969772338867188
0.19772648811340332
0.19659781455993652
0.19791960716247559
0.19756698608398438
0.19554948806762695
0.19739913940429688
0.19848394393920898
0.1975116729736328
0.19446063041687012
0.19671416282653809
0.1923062801361084
0.1935575008392334
0.19556522369384766
0.19450116157531738
0.19861364364624023
0.20912480354309082
0.19896841049194336
0.20074701309204102
0.19638752937316895
0.19796109199523926
0.19728755950927734
0.20026040077209473
0.19890594482421875
0.1996314525604248
0.194627046585083
0.19622230529785156
0.19585371017456055
0.1953132152557373
0.19941186904907227
0.20169305801391602
0.19718217849731445
0.1988232135772705
0.1941695213317871
0.20120787620544434
0.21787095069885254
0.21875667572021484
0.19421076774597168
0.1936805248260498
0.19836974143981934
0.19663357734680176
0.1951608657836914
0.19910860061645508
0.19638347625732422
0.20877599716186523
0.1954967975616455
0.20594358444213867
0.19501876831054688
0.21550917625427246
0.20093512535095215
0.20243144035339355
0.1953291893005371
0.19645047187805176
0.19719743728637695
0.35047316551208496
0.19945073127746582
0.212937593460083
0.19852781295776367
0.19935297966003418
0.20638251304626465
0.19858026504516602
0.19366049766540527
0.1925051212310791
0.19701886177062988
0.19522500038146973
0.1938159465789795
0.20670318603515625
0.19592547416687012
0.19313693046569824
0.2019968032836914
0.1988513469696045
0.24766802787780762
0.23224091529846191
0.19425606727600098
0.21924757957458496
0.20122575759887695
0.19651198387145996
0.1960766315460205
0.19769287109375
0.19317913055419922
0.20855116844177246
0.21161437034606934
0.19155025482177734
0.19710588455200195
0.19603300094604492
0.20670080184936523
0.20569849014282227
0.1943502426147461
0.19455218315124512
0.19384980201721191
0.19956517219543457
0.19579124450683594
0.20013737678527832
0.19738984107971191
0.19379234313964844
0.1959381103515625
0.19649052619934082
0.19477200508117676
0.19658422470092773
0.19622516632080078
0.1972506046295166
0.19831562042236328
0.1980142593383789
0.20042181015014648
0.1997687816619873
0.19447946548461914
0.20019102096557617
0.198042631149292
0.20055007934570312
0.19588494300842285
0.19325542449951172
0.19458389282226562
0.19335079193115234
0.1903209686279297
0.19219565391540527
0.19391560554504395
0.1985466480255127
0.19465255737304688
0.19286036491394043
0.19530081748962402
0.19473004341125488
0.2103559970855713
0.19427037239074707
0.2119903564453125
0.19816827774047852
0.2035233974456787
0.19414448738098145
0.20199227333068848
0.19461441040039062
0.19622397422790527
0.1933133602142334
0.20336413383483887
0.20660662651062012
0.21402287483215332
0.21808958053588867
0.2136847972869873
0.2092142105102539
0.33957934379577637
0.2128908634185791
0.19736170768737793