0.07972502708435059
0.07893776893615723
0.08140015602111816
0.08202147483825684
0.07630753517150879
0.07237529754638672
0.07314848899841309
0.07640314102172852
0.07363247871398926
0.07573747634887695
0.07517123222351074
0.0734708309173584
0.0662693977355957
0.07461118698120117
0.07220244407653809
0.0709996223449707
0.06996560096740723
0.07750558853149414
0.07502007484436035
0.06964969635009766
0.07279419898986816
0.07326316833496094
0.07852005958557129
0.06599020957946777
0.07452058792114258
0.07579898834228516
0.07574200630187988
0.06614446640014648
0.07242107391357422
0.07550621032714844
0.06722044944763184
0.07582879066467285
0.07468056678771973
0.07136249542236328
0.07083511352539062
0.07673144340515137
0.0742189884185791
0.07340788841247559
0.06698203086853027
0.0714426040649414
0.07880878448486328
0.06840085983276367
0.07244563102722168
0.07569193840026855
0.07409501075744629
0.06870579719543457
0.07506847381591797
0.0727529525756836
0.07273507118225098
0.06734871864318848
0.07314419746398926
0.07508111000061035
0.06701135635375977
0.07295989990234375
0.07206273078918457
0.06999492645263672
0.07286429405212402
0.07176375389099121
0.07164621353149414
0.06642699241638184
0.07637286186218262
0.07536697387695312
0.07404828071594238
0.06648397445678711
0.07332682609558105
0.07621145248413086
0.06940174102783203
0.07442140579223633
0.07701587677001953
0.07491421699523926
0.07567834854125977
0.07059502601623535
0.07106828689575195
0.07819819450378418
0.06695961952209473
0.07430315017700195
0.07541489601135254
0.0785684585571289
0.07048845291137695
0.07676219940185547
0.07245540618896484
0.19884514808654785
0.08026242256164551
0.06671953201293945
0.07360053062438965
0.07411527633666992
0.06914067268371582
0.07316088676452637
0.0736396312713623
0.07448840141296387
0.0674140453338623
0.07136344909667969
0.07169127464294434
0.07708978652954102
0.06926798820495605
0.0803682804107666
0.0767526626586914
0.07413029670715332
0.06616592407226562
0.07446622848510742
0.07785773277282715
0.06899046897888184
0.07298731803894043
0.0728449821472168
0.07364177703857422
0.0716710090637207
0.07260274887084961
0.07633090019226074
0.07348418235778809
0.0669088363647461
0.07583022117614746
0.07460331916809082
0.0683598518371582
0.07180356979370117
0.0712580680847168
0.07188200950622559
0.0703883171081543
0.0743567943572998
0.07293868064880371
0.06822609901428223
0.07545256614685059
0.07235431671142578
0.07452797889709473
0.06630754470825195
0.07115483283996582
0.07312369346618652
0.06797409057617188
0.07001709938049316
0.07375431060791016
0.07762432098388672
0.06939458847045898
0.07114338874816895
0.07315254211425781
0.07118725776672363
0.0684049129486084
0.07438111305236816
0.07549619674682617
0.07452630996704102
0.08005475997924805
0.07442426681518555
0.07259249687194824
0.06642436981201172
0.07254362106323242
0.07997393608093262
0.07273125648498535
0.06654620170593262
0.07195734977722168
0.07299947738647461
0.06805157661437988
0.07410812377929688
0.07178354263305664
0.07470369338989258
0.06863665580749512
0.07217288017272949
0.07206201553344727
0.06806135177612305
0.0705575942993164
0.07054805755615234
0.0703115463256836
0.06936788558959961
0.07417821884155273
0.07719826698303223
0.06942224502563477
0.0756371021270752
0.07425928115844727
0.07359719276428223
0.0666816234588623
0.07118391990661621
0.07676529884338379
0.07381916046142578
0.06675076484680176
0.0735626220703125
0.07634377479553223
0.06748414039611816
0.07440710067749023
0.07423686981201172
0.0723869800567627
0.06767988204956055
0.07688093185424805
0.07191133499145508
0.07107877731323242
0.07013463973999023
0.08325815200805664
0.07302045822143555
0.06901025772094727
0.07348918914794922
0.07287859916687012
0.07563900947570801
0.06708216667175293
0.07488059997558594
0.0722200870513916
0.07454752922058105
0.06762838363647461
0.07355165481567383
0.07333612442016602
0.07095813751220703
0.07280349731445312
0.07718586921691895
0.07895684242248535
0.06621718406677246
0.08029317855834961
0.07267379760742188
0.07472586631774902
0.06611037254333496
0.07477402687072754
0.075042724609375
0.07103419303894043
0.06781816482543945
0.07556843757629395
0.07358479499816895
0.06723904609680176
0.07387709617614746
0.0724947452545166
0.07166218757629395
0.06673884391784668
0.07304573059082031
0.07351326942443848
0.06681656837463379
0.10360407829284668
0.08855152130126953
0.07535839080810547
0.07254409790039062
0.06916499137878418
0.0721735954284668
0.07301163673400879
0.07581162452697754
0.0685720443725586
0.07213497161865234
0.07232975959777832
0.07496857643127441
0.06903862953186035
0.07339310646057129
0.07113862037658691
0.06829214096069336
0.0724341869354248
0.07390308380126953
0.07062649726867676
0.06643939018249512
0.07194399833679199
0.07403016090393066
0.06621170043945312
0.07230401039123535
0.07341170310974121
0.06959009170532227
0.07117295265197754
0.07120442390441895
0.07342839241027832
0.06673526763916016
0.07423162460327148
0.07184982299804688
0.06928348541259766
0.07262349128723145
0.0729227066040039
0.07530760765075684
0.06696891784667969
0.07196211814880371
0.07248091697692871
0.2079308032989502
0.07274556159973145
0.06691694259643555
0.0734248161315918
0.07183599472045898
0.06634831428527832
0.0731191635131836
0.07324743270874023
0.0702202320098877
0.06878495216369629
0.07852005958557129
0.07277512550354004
0.06815505027770996
0.0836782455444336
0.0730295181274414
0.07597041130065918
0.06683969497680664
0.07271790504455566
0.07343101501464844
0.07307553291320801
0.0661020278930664
0.07469844818115234
0.07403182983398438
0.06768274307250977
0.07350468635559082
0.07309556007385254
0.07256436347961426
0.06899428367614746
0.07298970222473145
0.07500958442687988
0.07186484336853027
0.06911897659301758
0.07499980926513672
0.07436347007751465
0.0677347183227539
0.0721890926361084
0.07610368728637695
0.07144021987915039
0.06866693496704102
0.07405328750610352
0.072418212890625
0.06592488288879395
0.07399678230285645
0.07290768623352051
0.07267045974731445
0.06847810745239258
0.07246708869934082
0.07285213470458984
0.06624889373779297
0.07495760917663574
0.0747230052947998
0.07336926460266113
0.06775283813476562
0.07108402252197266
0.07278728485107422
0.06676268577575684
0.07113075256347656
0.07416486740112305
0.07128000259399414
0.06751251220703125
0.07437539100646973
0.07416868209838867
0.06622123718261719
0.07133936882019043
0.07591009140014648
0.0740804672241211
0.06627893447875977
0.07852625846862793
0.07286310195922852
0.06953716278076172
0.07016825675964355
0.07342243194580078
0.0741109848022461
0.06650424003601074
0.07233691215515137
0.07192754745483398
0.07274842262268066
0.06864404678344727
0.07396793365478516
0.07219552993774414
0.0664207935333252
0.07292819023132324
0.07309794425964355
0.06696295738220215
0.07127547264099121
0.07148408889770508
0.07169508934020996
0.06703996658325195
0.07185029983520508
0.07115530967712402
0.06880307197570801
0.07361435890197754
0.07134437561035156
0.07558655738830566
0.0694279670715332
0.07128572463989258
0.07291626930236816
0.06705141067504883
0.07180237770080566
0.07204675674438477
0.0719759464263916
0.06869268417358398
0.07450342178344727
0.07090210914611816
0.06653261184692383
0.07491540908813477
0.07641983032226562
0.06990909576416016
0.0709068775177002
0.0730125904083252
0.07226157188415527
0.06669449806213379
0.07457470893859863
0.07176446914672852
0.07316136360168457
0.06708526611328125
0.07422018051147461
0.07338190078735352
0.06676721572875977
0.07403945922851562
0.07337188720703125
0.07211422920227051
0.06813597679138184
0.07358980178833008
0.07139134407043457
0.06665444374084473
0.0724024772644043
0.07309532165527344
0.07567048072814941
0.06861400604248047
0.07449579238891602
0.0762333869934082
0.06992077827453613
0.06833195686340332
0.07453632354736328
0.07534313201904297
0.06658649444580078
0.07454252243041992
0.07295060157775879
0.07122969627380371
0.06800341606140137
0.07347869873046875
0.07772278785705566
0.09288978576660156
0.07353687286376953
0.0715947151184082
0.07366728782653809
0.0727701187133789
0.06676769256591797
0.07288479804992676
0.07233405113220215
0.06674981117248535
0.07395482063293457
0.07138848304748535
0.0745241641998291
0.06848454475402832
0.07323765754699707
0.07368993759155273
0.06682348251342773
0.07650089263916016
0.07396221160888672
0.07210540771484375
0.06664299964904785
0.07401752471923828
0.07096362113952637
0.0668644905090332
0.07390713691711426
0.0720818042755127
0.07308125495910645
0.06734299659729004
0.0741434097290039
0.07313847541809082
0.06653094291687012
0.0722513198852539
0.07359623908996582
0.07264208793640137
0.06709742546081543
0.0736229419708252
0.07144665718078613
0.0668492317199707
0.07256603240966797
0.20797204971313477
0.07816743850708008
0.07306718826293945
0.06689143180847168
0.0804903507232666
0.07822966575622559
0.07565903663635254
0.0666041374206543
0.0745232105255127
0.07290315628051758
0.07163572311401367
0.06686258316040039
0.07297563552856445
0.07458138465881348
0.07457613945007324
0.07924866676330566
0.0786283016204834
0.07771730422973633
0.08005738258361816
0.07289481163024902
0.07782340049743652
0.08111453056335449
0.07704758644104004
0.06612896919250488
0.07234621047973633
0.07750773429870605
0.07169318199157715
0.06737852096557617
0.07576179504394531
0.07069182395935059
0.06685471534729004
0.07286381721496582
0.07279109954833984
0.07083606719970703
0.06665849685668945
0.0736534595489502
0.08039712905883789
0.06740903854370117
0.07160139083862305
0.07416558265686035
0.07335853576660156
0.06643104553222656
0.07146501541137695
0.0730893611907959
0.06923151016235352
0.07311391830444336
0.0729682445526123
0.07356548309326172
0.06798863410949707
0.07499027252197266
0.07094502449035645
0.0673677921295166
0.07190918922424316
0.07316160202026367
0.07473206520080566
0.06686568260192871
0.07270431518554688
0.07094240188598633
0.06583762168884277
0.07308268547058105
0.07212638854980469
0.07322025299072266
0.06714630126953125
0.07495570182800293
0.07150697708129883
0.06683063507080078
0.07186484336853027
0.07315754890441895
0.0702359676361084
0.06721282005310059
0.07252097129821777
0.07596230506896973
0.0663902759552002
0.07231426239013672
0.07173848152160645
0.06891465187072754
0.0756375789642334
0.07523703575134277
0.07378578186035156
0.06691741943359375
0.07715249061584473
0.07276606559753418
0.07401108741760254
0.06653475761413574
0.07283806800842285
0.07553291320800781
0.07163786888122559
0.0685586929321289
0.07643628120422363
0.07713794708251953
0.06657242774963379
0.07463479042053223
0.07310295104980469
0.07329249382019043
0.06735444068908691
0.0713651180267334
0.07321643829345703
0.06661415100097656
0.07271385192871094
0.07317090034484863
0.06989598274230957
0.06859946250915527
0.07598400115966797
0.07435059547424316
0.06643104553222656
0.07680320739746094
0.07011795043945312
0.07047152519226074
0.06705117225646973
0.07251167297363281
0.07497620582580566
0.07593393325805664
0.07787895202636719
0.07754373550415039
0.07186722755432129
0.07750988006591797
0.0706934928894043
0.07232427597045898
0.07434606552124023
0.0662834644317627
0.0724339485168457
0.07241559028625488
0.06998896598815918
0.06965112686157227
0.07495570182800293
0.07151031494140625
0.06693744659423828
0.0822596549987793
0.07898354530334473
0.07839107513427734
0.07568120956420898
0.06861376762390137
0.07343268394470215
0.071685791015625
0.06753039360046387
0.07524418830871582
0.07275605201721191
0.07303071022033691
0.06957650184631348
0.0718240737915039
0.07337117195129395
0.06676936149597168
0.07386088371276855
0.0751185417175293
0.07237911224365234
0.06802606582641602
0.07608914375305176
0.07427334785461426
0.06775403022766113
0.07564997673034668
0.0764615535736084
0.07494378089904785
0.06600308418273926
0.0738973617553711
0.0747227668762207
0.07386565208435059
0.06665921211242676
0.07282137870788574
0.07519316673278809
0.06739497184753418
0.07176947593688965
0.07215523719787598
0.07009625434875488
0.0691688060760498
0.07617473602294922
0.07119441032409668
0.06603431701660156
0.07316327095031738
0.07521557807922363
0.07787251472473145
0.06624317169189453
0.07568645477294922
0.07110857963562012
0.06636524200439453
0.07519030570983887
0.0711057186126709
0.07122135162353516
0.06654548645019531
0.07380533218383789
0.07291078567504883
0.06691575050354004
0.0714406967163086
0.07398080825805664
0.19726896286010742
0.07605648040771484
0.06632137298583984
0.07749390602111816
0.07221031188964844
0.06634926795959473
0.0737912654876709
0.07330536842346191
0.07357144355773926
0.06885552406311035
0.0745244026184082
0.07154226303100586
0.06833839416503906
0.0820155143737793
0.07141852378845215
0.07559776306152344
0.06653499603271484
0.075408935546875
0.07566308975219727
0.07468175888061523
0.06692886352539062
0.07444453239440918
0.07353687286376953
0.0699610710144043
0.07090306282043457
0.07267451286315918
0.07371258735656738
0.06677746772766113
0.07128787040710449
0.0715947151184082
0.06830263137817383
0.06986141204833984
0.07461786270141602
0.07519888877868652
0.06692624092102051
0.07323813438415527
0.07230854034423828
0.06865096092224121
0.07085251808166504
0.07298755645751953
0.07193183898925781
0.06923651695251465
0.07166814804077148
0.07367897033691406
0.06710147857666016
0.0722208023071289
0.07185578346252441
0.07361865043640137
0.07115912437438965
0.07212209701538086
0.07201814651489258
0.06798171997070312
0.07166385650634766
0.07415938377380371
0.0733041763305664
0.06720495223999023
0.07600045204162598
0.07621312141418457
0.07231450080871582
0.0674288272857666
0.0720984935760498
0.07138609886169434
0.06664752960205078
0.07258057594299316
0.07312750816345215
0.06944060325622559
0.06953835487365723
0.07550573348999023
0.0743417739868164
0.06734681129455566
0.0733644962310791
0.07488441467285156
0.07146692276000977
0.06854701042175293
0.07321786880493164
0.07879447937011719
0.06821990013122559
0.07202410697937012
0.07131075859069824
0.07102298736572266
0.06798267364501953
0.07199883460998535
0.07410359382629395
0.06646561622619629
0.07390499114990234
0.07479596138000488
0.07283210754394531
0.0663290023803711
0.07242178916931152
0.07244348526000977
0.06654620170593262
0.07886314392089844
0.07358860969543457
0.07651686668395996
0.06819367408752441
0.07350897789001465
0.07552266120910645
0.07144904136657715
0.07185649871826172
0.07337474822998047
0.07559752464294434
0.06826376914978027
0.07052922248840332
0.07314920425415039
0.07248663902282715
0.0672922134399414
0.07873797416687012
0.07442378997802734
0.07160758972167969
0.06700396537780762
0.07157444953918457
0.0770108699798584
0.07400226593017578
0.07777023315429688
0.07993626594543457
0.07377362251281738
0.06657528877258301
0.07161164283752441
0.08100342750549316
0.07814478874206543
0.06814312934875488
0.0725240707397461
0.07100152969360352
0.07291340827941895
0.06880640983581543
0.07500600814819336
0.07443547248840332
0.06862139701843262
0.07316422462463379
0.07466864585876465
0.0718989372253418
0.06601667404174805
0.07206058502197266
0.07169342041015625
0.06683850288391113
0.07514262199401855
0.07696652412414551
0.07372331619262695
0.06752395629882812
0.07599282264709473
0.07562112808227539
0.07203364372253418
0.06826186180114746
0.07168984413146973
0.0736534595489502
0.06725549697875977
0.07281208038330078
0.07560896873474121
0.0756533145904541
0.06658363342285156
0.07616472244262695
0.07500410079956055
0.0752105712890625
0.07152247428894043
0.07362842559814453
0.07085061073303223
0.06651663780212402
0.07441306114196777
0.07144379615783691
0.07264089584350586
0.06988811492919922
0.07481646537780762
0.0739142894744873
0.0659935474395752
0.07207798957824707
0.07585525512695312
0.07296919822692871
0.06727457046508789
0.07404184341430664
0.07459354400634766
0.06827521324157715
0.07171869277954102
0.07289886474609375
0.07160592079162598
0.06634688377380371
0.07390642166137695
0.0731959342956543
0.06760287284851074
0.07223868370056152
0.07170271873474121
0.07461905479431152
0.06918835639953613
0.07458257675170898
0.07240748405456543
0.06926918029785156
0.07067370414733887
0.19255614280700684
0.07323384284973145
0.0711827278137207
0.06854653358459473
0.07603764533996582
0.07158946990966797
0.06697726249694824
0.0749812126159668
0.07264089584350586
0.07612013816833496
0.06838703155517578
0.07384204864501953
0.07380819320678711
0.06827044486999512
0.07209229469299316
0.0736076831817627
0.07291030883789062
0.06661868095397949
0.07308578491210938
0.07430171966552734
0.06813526153564453
0.07235503196716309
0.07386565208435059
0.0764164924621582
0.0741727352142334
0.07906556129455566
0.0763695240020752
0.07609319686889648
0.06638479232788086
0.07203459739685059
0.07260870933532715
0.07152295112609863
0.06695866584777832
0.07137942314147949
0.07296633720397949
0.06626653671264648
0.07036685943603516
0.07250761985778809
0.06809139251708984
0.06784963607788086
0.07278919219970703
0.07207179069519043
0.06568169593811035
0.07168722152709961
0.07180309295654297
0.06557822227478027
0.07283473014831543
0.07168412208557129
0.0690312385559082
0.07167387008666992
0.07223701477050781
0.07613515853881836
0.06716394424438477
0.07094502449035645
0.07514286041259766
0.07033896446228027
0.06893181800842285
0.07262516021728516
0.07153439521789551
0.07128214836120605
0.07355904579162598
0.07114768028259277
0.06914830207824707
0.06983351707458496
0.07185244560241699
0.07124066352844238
0.06686711311340332
0.07440996170043945
0.07128286361694336
0.06692790985107422
0.07130241394042969
0.07341814041137695
0.07263422012329102
0.06683778762817383
0.0728144645690918
0.07224154472351074
0.06676340103149414
0.07204389572143555
0.07288002967834473
0.07131385803222656
0.0676109790802002
0.07313346862792969
0.07047080993652344
0.06634378433227539
0.07370829582214355
0.07361102104187012
0.06971883773803711
0.07033205032348633
0.07173275947570801
0.07127857208251953
0.06755995750427246
0.07381510734558105
0.07267522811889648
0.06818270683288574
0.0722649097442627
0.07292413711547852
0.07408857345581055
0.06673955917358398
0.07319140434265137
0.07387924194335938
0.06911516189575195
0.0722963809967041
0.07491946220397949
0.07422661781311035
0.06654858589172363
0.07341361045837402
0.07385063171386719
0.06994485855102539
0.06916546821594238
0.0726158618927002
0.07404255867004395
0.06702303886413574
0.07488751411437988
0.07279109954833984
0.07468771934509277
0.06902408599853516
0.07383537292480469
0.07555365562438965
0.06717658042907715
0.0729067325592041
0.07310342788696289
0.07386159896850586
0.06766009330749512
0.07188558578491211
0.07483863830566406
0.06801629066467285
0.07069277763366699
0.07131385803222656
0.07204461097717285
0.06722831726074219
0.07329511642456055
0.07112646102905273
0.06665420532226562
0.07179379463195801
0.0726463794708252
0.07067155838012695
0.06957340240478516
0.0727992057800293
0.07605648040771484
0.06589674949645996
0.07436776161193848
0.07272720336914062
0.07133173942565918
0.06651067733764648
0.07165122032165527
0.07349038124084473
0.06670379638671875
0.07594418525695801
0.0719144344329834
0.06985259056091309
0.06907486915588379
0.07251334190368652
0.07950401306152344
0.06664824485778809
0.07273197174072266
0.07986092567443848
0.07330012321472168
0.06687641143798828
0.07143425941467285
0.07330679893493652
0.06802582740783691
0.06939291954040527
0.07195496559143066
0.07130765914916992
0.0698239803314209
0.07432126998901367
0.07245802879333496
0.06654667854309082
0.07225823402404785
0.07257747650146484
0.06973862648010254
0.0697777271270752
0.07727622985839844
0.0734717845916748
0.0681755542755127
0.07701539993286133
0.07320356369018555
0.07383012771606445
0.06680178642272949
0.07064485549926758
0.07352542877197266
0.06888818740844727
0.07091760635375977
0.0721437931060791
0.07359457015991211
0.06648373603820801
0.20750021934509277
0.07294774055480957
0.07297039031982422
0.07164406776428223
0.06708145141601562
0.07346916198730469
0.07355284690856934