0.0017724037170410156
0.0016047954559326172
0.0009350776672363281
0.0009279251098632812
0.0009300708770751953
0.0009219646453857422
0.0009238719940185547
0.0009284019470214844
0.0009267330169677734
0.0009162425994873047
0.0009255409240722656
0.0009357929229736328
0.0009212493896484375
0.0009257793426513672
0.0009267330169677734
0.0009248256683349609
0.0009260177612304688
0.0009198188781738281
0.0009298324584960938
0.0009305477142333984
0.0009214878082275391
0.0009191036224365234
0.0009243488311767578
0.0009210109710693359
0.0009441375732421875
0.0009253025054931641
0.0009105205535888672
0.0009369850158691406
0.0009264945983886719
0.0009226799011230469
0.0009238719940185547
0.0009255409240722656
0.0009233951568603516
0.0009181499481201172
0.0009260177612304688
0.0009260177612304688
0.0009045600891113281
0.0006284713745117188
0.0009281635284423828
0.0009298324584960938
0.0009038448333740234
0.0009436607360839844
0.0009038448333740234
0.0006241798400878906
0.0009353160858154297
0.0009186267852783203
0.0009303092956542969
0.0009253025054931641
0.0009009838104248047
0.0006175041198730469
0.0009317398071289062
0.0009250640869140625
0.0009143352508544922
0.0006108283996582031
0.0009357929229736328
0.0009214878082275391
0.0009188652038574219
0.0009319782257080078
0.0009188652038574219
0.0009315013885498047
0.0009272098541259766
0.0009250640869140625
0.0009214878082275391
0.0009334087371826172
0.0009098052978515625
0.0009355545043945312
0.0009152889251708984
0.0009307861328125
0.0009276866912841797
0.0009262561798095703
0.0009305477142333984
0.0009205341339111328
0.0009300708770751953
0.0006000995635986328
0.0009427070617675781
0.0009202957153320312
0.0009279251098632812
0.0009262561798095703
0.0009250640869140625
0.0009417533874511719
0.0009295940399169922
0.0009176731109619141
0.0009253025054931641
0.0009472370147705078
0.0009076595306396484
0.0009453296661376953
0.0009319782257080078
0.0009281635284423828
0.0009179115295410156
0.0009276866912841797
0.0009262561798095703
0.0009305477142333984
0.0009312629699707031
0.0009195804595947266
0.0009222030639648438
0.0009360313415527344
0.0009176731109619141
0.000926971435546875
0.0009200572967529297
0.0009279251098632812
0.0009267330169677734
0.0009217262268066406
0.0009181499481201172
0.0009274482727050781
0.0009255409240722656
0.0009262561798095703
0.0009257793426513672
0.0009295940399169922
0.0009274482727050781
0.000926971435546875
0.0009245872497558594
0.0009295940399169922
0.0009300708770751953
0.0009086132049560547
0.0009415149688720703
0.0009062290191650391
0.0006194114685058594
0.0009186267852783203
0.0005970001220703125
0.0006330013275146484
0.0006110668182373047
0.0006136894226074219
0.0009388923645019531
0.0009188652038574219
0.0009295940399169922
0.0009055137634277344
0.0009522438049316406
0.0009205341339111328
0.0009272098541259766
0.0009205341339111328
0.000934600830078125
0.0009167194366455078
0.0009222030639648438
0.0005815029144287109
0.0006377696990966797
0.000926971435546875
0.0009303092956542969
0.0005970001220703125
0.0009393692016601562
0.0009005069732666016
0.0009455680847167969
0.0009317398071289062
0.0009212493896484375
0.0009272098541259766
0.0009260177612304688
0.0009274482727050781
0.0009293556213378906
0.000926971435546875
0.0009129047393798828
0.0009405612945556641
0.0009217262268066406
0.0009272098541259766
0.0009224414825439453
0.0009341239929199219
0.0009210109710693359
0.0009286403656005859
0.0009214878082275391
0.0009274482727050781
0.0009236335754394531
0.0005764961242675781
0.0006382465362548828
0.0009212493896484375
0.0009262561798095703
0.0009264945983886719
0.0009243488311767578
0.0009276866912841797
0.0009064674377441406
0.0005977153778076172
0.0006387233734130859
0.0009126663208007812
0.0006208419799804688
0.0009324550628662109
0.0009145736694335938
0.0009381771087646484
0.0009291172027587891
0.0009019374847412109
0.0006239414215087891
0.0009100437164306641
0.0009224414825439453
0.0006091594696044922
0.0006024837493896484
0.000621795654296875
0.0009348392486572266
0.0009038448333740234
0.0006239414215087891
0.0009105205535888672
0.0006225109100341797
0.0009198188781738281
0.0009388923645019531
0.0009136199951171875
0.0009419918060302734
0.0009102821350097656
0.0009400844573974609
0.0009202957153320312
0.0009255409240722656
0.0009212493896484375
0.0009219646453857422
0.0009214878082275391
0.0009243488311767578
0.0009455680847167969
0.0009167194366455078
0.0009179115295410156
0.0005993843078613281
0.0009386539459228516
0.0006024837493896484
0.0006139278411865234
0.0009348392486572266
0.0009226799011230469
0.0009288787841796875
0.0006053447723388672
0.0006160736083984375
0.0006110668182373047
0.0006086826324462891
0.0006108283996582031
0.0009319782257080078
0.0006070137023925781
0.0006079673767089844
0.0006055831909179688
0.0006327629089355469
0.0009133815765380859
0.00061798095703125
0.0005905628204345703
0.0006144046783447266
0.0006353855133056641
0.0013675689697265625
0.0009222030639648438
0.0009186267852783203
0.0009276866912841797
0.0009248256683349609
0.0006036758422851562
0.0006031990051269531
0.0006115436553955078
0.0006392002105712891
0.0009098052978515625
0.0009436607360839844
0.0009062290191650391
0.0009300708770751953
0.0009336471557617188
0.0009157657623291016
0.0009281635284423828
0.0009267330169677734
0.0009303092956542969
0.0009200572967529297
0.0009229183197021484
0.0009279251098632812
0.0009181499481201172
0.0009410381317138672
0.0009114742279052734
0.0009219646453857422
0.0006041526794433594
0.0006084442138671875
0.0006346702575683594
0.0009167194366455078
0.0006041526794433594
0.0006051063537597656
0.0006194114685058594
0.0006277561187744141
0.000911712646484375
0.0009267330169677734
0.0006074905395507812
0.0006077289581298828
0.0006151199340820312
0.000926971435546875
0.0009281635284423828
0.0006208419799804688
0.0005910396575927734
0.0006082057952880859
0.0006089210510253906
0.0006418228149414062
0.0009071826934814453
0.0006036758422851562
0.0006344318389892578
0.0005886554718017578
0.0009610652923583984
0.0009036064147949219
0.0005941390991210938
0.00063323974609375
0.0009138584136962891
0.0009255409240722656
0.00093841552734375
0.0005831718444824219
0.0006270408630371094
0.0009152889251708984
0.0009288787841796875
0.0009248256683349609
0.0006005764007568359
0.0006346702575683594
0.000911712646484375
0.0009272098541259766
0.0009150505065917969
0.0009524822235107422
0.0009090900421142578
0.0009241104125976562
0.0006017684936523438
0.000606536865234375
0.0006341934204101562
0.0009167194366455078
0.0009329319000244141
0.0009164810180664062
0.0009222030639648438
0.0005972385406494141
0.0006372928619384766
0.0009074211120605469
0.0006031990051269531
0.0006148815155029297
0.0006084442138671875
0.0006117820739746094
0.0009369850158691406
0.0009267330169677734
0.0006151199340820312
0.000591278076171875
0.0009338855743408203
0.0009236335754394531
0.0006239414215087891
0.0005869865417480469
0.0006093978881835938
0.0006320476531982422
0.0009124279022216797
0.0009295940399169922
0.0009210109710693359
0.0006210803985595703
0.0009109973907470703
0.0005993843078613281
0.0006186962127685547
0.0009424686431884766
0.0009365081787109375
0.0009038448333740234
0.0005991458892822266
0.000934600830078125
0.0009222030639648438
0.0009257793426513672
0.0009293556213378906
0.0009272098541259766
0.0009219646453857422
0.0009274482727050781
0.0009238719940185547
0.0009229183197021484
0.0009255409240722656
0.0009212493896484375
0.00092315673828125
0.0006258487701416016
0.0009124279022216797
0.0005958080291748047
0.0006074905395507812
0.0006096363067626953
0.0006160736083984375
0.0006031990051269531
0.0006103515625
0.0006117820739746094
0.0006346702575683594
0.0009250640869140625
0.0005929470062255859
0.0006394386291503906
0.0009088516235351562
0.0009267330169677734
0.0009279251098632812
0.0009264945983886719
0.0009419918060302734
0.0009043216705322266
0.0009429454803466797
0.0009083747863769531
0.0009207725524902344
0.0009224414825439453
0.0009241104125976562
0.00092315673828125
0.0009295940399169922
0.0009214878082275391
0.0009260177612304688
0.0009233951568603516
0.00092315673828125
0.0009212493896484375
0.0009229183197021484
0.0009205341339111328
0.000926971435546875
0.0009274482727050781
0.0009453296661376953
0.0009045600891113281
0.0009407997131347656
0.0009024143218994141
0.0009377002716064453
0.0009083747863769531
0.0009183883666992188
0.0009236335754394531
0.0006034374237060547
0.0006067752838134766
0.0006189346313476562
0.0006034374237060547
0.0006093978881835938
0.0006144046783447266
0.0009293556213378906
0.0005924701690673828
0.0006117820739746094
0.0009434223175048828
0.0009210109710693359
0.0009233951568603516
0.0006055831909179688
0.0006089210510253906
0.0006120204925537109
0.0006091594696044922
0.0009377002716064453
0.0009274482727050781
0.0009131431579589844
0.0009245872497558594
0.0009262561798095703
0.000926971435546875
0.0009284019470214844
0.0009202957153320312
0.0009279251098632812
0.0009293556213378906
0.000919342041015625
0.0009253025054931641
0.0009315013885498047
0.0009241104125976562
0.0005986690521240234
0.0006155967712402344
0.0006072521209716797
0.0006148815155029297
0.0009338855743408203
0.0009224414825439453
0.0006031990051269531
0.0006086826324462891
0.0009379386901855469
0.0009281635284423828
0.0009222030639648438
0.0005953311920166016
0.000606536865234375
0.0006074905395507812
0.0009624958038330078
0.0009160041809082031
0.0009181499481201172
0.0009255409240722656
0.0006031990051269531
0.0009326934814453125
0.000926971435546875
0.0005996227264404297
0.0006101131439208984
0.0006337165832519531
0.0009136199951171875
0.0009400844573974609
0.0009069442749023438
0.0009312629699707031
0.0009179115295410156
0.000926971435546875
0.0009264945983886719
0.0009291172027587891
0.0009105205535888672
0.0009255409240722656
0.000926971435546875
0.0009233951568603516
0.0009202957153320312
0.0009465217590332031
0.0009036064147949219
0.0009527206420898438
0.0009098052978515625
0.0009436607360839844
0.0009067058563232422
0.000621795654296875
0.0009064674377441406
0.0009250640869140625
0.0009233951568603516
0.0009274482727050781
0.0009176731109619141
0.0009245872497558594
0.0012309551239013672
0.0008924007415771484
0.0009086132049560547
0.0012388229370117188
0.0009374618530273438
0.0009212493896484375
0.0009200572967529297
0.0009214878082275391
0.0009236335754394531
0.0009546279907226562
0.0009098052978515625
0.0009446144104003906
0.0009105205535888672
0.0009241104125976562
0.0009274482727050781
0.0009262561798095703
0.0009238719940185547
0.0009288787841796875
0.000926971435546875
0.0009253025054931641
0.0009205341339111328
0.0009267330169677734
0.0009248256683349609
0.0009245872497558594
0.0009245872497558594
0.0009257793426513672
0.0009248256683349609
0.0009248256683349609
0.0009248256683349609
0.0006256103515625
0.0009202957153320312
0.0009284019470214844
0.0009243488311767578
0.0009224414825439453
0.0009188652038574219
0.0009279251098632812
0.0009243488311767578
0.0009260177612304688
0.0009219646453857422
0.0009300708770751953
0.0005998611450195312
0.0009298324584960938
0.0009233951568603516
0.0005950927734375
0.0006148815155029297
0.0009303092956542969
0.0009255409240722656
0.0009188652038574219
0.0009229183197021484
0.0009272098541259766
0.0009238719940185547
0.0009286403656005859
0.0009219646453857422
0.0009198188781738281
0.000946044921875
0.0009002685546875
0.0009210109710693359
0.0009207725524902344
0.0009191036224365234
0.0009329319000244141
0.0009503364562988281
0.0009016990661621094
0.0009217262268066406
0.0009322166442871094
0.0009210109710693359
0.000926971435546875
0.0005986690521240234
0.0006127357482910156
0.0009429454803466797
0.0009355545043945312
0.0005888938903808594
0.0006115436553955078
0.0009317398071289062
0.0009257793426513672
0.0009455680847167969
0.0009009838104248047
0.0009310245513916016
0.0009248256683349609
0.0009195804595947266
0.0005996227264404297
0.0006124973297119141
0.0006108283996582031
0.0009317398071289062
0.0009310245513916016
0.0009160041809082031
0.0009272098541259766
0.0009229183197021484
0.0009222030639648438
0.0009291172027587891
0.0009217262268066406
0.0009276866912841797
0.0009214878082275391
0.0009295940399169922
0.0009174346923828125
0.0009241104125976562
0.0009253025054931641
0.0009253025054931641
0.0009264945983886719
0.0009295940399169922
0.0009162425994873047
0.0009226799011230469
0.0009214878082275391
0.0006034374237060547
0.0006120204925537109
0.0009300708770751953
0.0005974769592285156
0.0006048679351806641
0.0006098747253417969
0.0009331703186035156
0.0009255409240722656
0.000598907470703125
0.000614166259765625
0.0006115436553955078
0.0009284019470214844
0.0006208419799804688
0.0009150505065917969
0.0005977153778076172
0.0006306171417236328
0.0009136199951171875
0.0005984306335449219
0.0006189346313476562
0.0009293556213378906
0.0009272098541259766
0.0009331703186035156
0.0009288787841796875
0.0009183883666992188
0.0009186267852783203
0.0009255409240722656
0.0009293556213378906
0.000926971435546875
0.0009136199951171875
0.0009241104125976562
0.0006225109100341797
0.0009214878082275391
0.0009303092956542969
0.0009181499481201172
0.0006229877471923828
0.0009129047393798828
0.0009226799011230469
0.0009274482727050781
0.0006031990051269531
0.0006136894226074219
0.0009353160858154297
0.0009272098541259766
0.0009233951568603516
0.0006015300750732422
0.0006175041198730469
0.0006036758422851562
0.0006115436553955078
0.0006117820739746094
0.0006127357482910156
0.0009367465972900391
0.0009300708770751953
0.0009257793426513672
0.0009276866912841797
0.0005955696105957031
0.0006091594696044922
0.0006070137023925781
0.0006132125854492188
0.0009360313415527344
0.0009260177612304688
0.0009229183197021484
0.0009229183197021484
0.0009307861328125
0.0009262561798095703
0.0006046295166015625
0.0006110668182373047
0.0006067752838134766
0.0006070137023925781
0.0009419918060302734
0.0009176731109619141
0.0006055831909179688
0.0006117820739746094
0.0009396076202392578
0.0006070137023925781
0.0006084442138671875
0.0006148815155029297
0.000926971435546875
0.00060272216796875
0.0009329319000244141
0.0006003379821777344
0.0006136894226074219
0.0006079673767089844
0.0006120204925537109
0.0006134510040283203
0.0009315013885498047
0.0005931854248046875
0.0009450912475585938
0.0005998611450195312
0.0006191730499267578
0.0006031990051269531
0.0009379386901855469
0.0009245872497558594
0.0005984306335449219
0.0006115436553955078
0.0006077289581298828
0.0009398460388183594
0.0006034374237060547
0.0006082057952880859
0.0009329319000244141
0.0009171962738037109
0.0009131431579589844
0.0009303092956542969
0.0009200572967529297
0.0006053447723388672
0.0006167888641357422
0.0009305477142333984
0.0009284019470214844
0.0009229183197021484
0.0006055831909179688
0.0009322166442871094
0.0009253025054931641
0.0005962848663330078
0.0006186962127685547
0.0009362697601318359
0.0009222030639648438
0.0006029605865478516
0.0006055831909179688
0.0006070137023925781
0.0006122589111328125
0.0006129741668701172
0.0006077289581298828
0.0006172657012939453
0.0009338855743408203
0.0009257793426513672
0.0009262561798095703
0.0009281635284423828
0.0005941390991210938
0.0006136894226074219
0.0006134510040283203
0.0006096363067626953
0.000934600830078125
0.0009245872497558594
0.0006077289581298828
0.0006110668182373047
0.0006055831909179688
0.0006167888641357422
0.0009291172027587891
0.0005974769592285156
0.0012531280517578125
0.0009677410125732422
0.0009224414825439453
0.0009148120880126953
0.0006036758422851562
0.0006089210510253906
0.0006098747253417969
0.0009365081787109375
0.0005984306335449219
0.0006082057952880859
0.0009372234344482422
0.0009212493896484375
0.0009205341339111328
0.0009307861328125
0.0006051063537597656
0.0006060600280761719
0.0006129741668701172
0.0009305477142333984
0.00060272216796875
0.0006031990051269531
0.0009353160858154297
0.0009286403656005859
0.0009243488311767578
0.0006043910980224609
0.0009338855743408203
0.0009274482727050781
0.0006012916564941406
0.0009362697601318359
0.0009307861328125
0.0009183883666992188
0.0006031990051269531
0.0006122589111328125
0.0009367465972900391
0.0006012916564941406
0.0006163120269775391
0.0006105899810791016
0.0006053447723388672
0.0006189346313476562
0.0009315013885498047
0.0005967617034912109
0.0006091594696044922
0.0006148815155029297
0.0006120204925537109
0.0006196498870849609
0.0009250640869140625
0.0009248256683349609
0.0009276866912841797
0.000598907470703125
0.0006110668182373047
0.0006186962127685547
0.0006084442138671875
0.0009336471557617188
0.0009281635284423828
0.0009250640869140625
0.0005965232849121094
0.000934600830078125
0.0009238719940185547
0.0005958080291748047
0.0009393692016601562
0.0009264945983886719
0.0009176731109619141
0.0006070137023925781
0.0006089210510253906
0.0009386539459228516
0.0009255409240722656
0.0005974769592285156
0.0006132125854492188
0.0009326934814453125
0.0009255409240722656
0.0005986690521240234
0.0006182193756103516
0.0009343624114990234
0.0005996227264404297
0.0006189346313476562
0.0009298324584960938
0.0009300708770751953
0.0009198188781738281
0.0006048679351806641
0.0006189346313476562
0.0006082057952880859
0.0006122589111328125
0.0006031990051269531
0.0006172657012939453
0.0006062984466552734
0.0009336471557617188
0.0009250640869140625
0.0006010532379150391
0.0006086826324462891
0.0006101131439208984
0.0006167888641357422
0.0006110668182373047
0.0006113052368164062
0.0009403228759765625
0.0009243488311767578
0.0006084442138671875
0.0006074905395507812
0.0006055831909179688
0.0006127357482910156
0.0006093978881835938
0.0006153583526611328
0.0006089210510253906
0.0009367465972900391
0.0009310245513916016
0.0009176731109619141
0.0006029605865478516
0.0006077289581298828
0.0006105899810791016
0.0006129741668701172
0.0006041526794433594
0.0006134510040283203
0.0006101131439208984
0.0006067752838134766
0.0006160736083984375
0.0009315013885498047
0.0009195804595947266
0.0006048679351806641
0.0006024837493896484
0.0009381771087646484
0.0009260177612304688
0.0006051063537597656
0.0006051063537597656
0.0006172657012939453
0.0009329319000244141
0.0009281635284423828
0.0005934238433837891
0.0006153583526611328
0.0006091594696044922
0.0006086826324462891
0.0006191730499267578
0.0006048679351806641
0.0006177425384521484
0.0006024837493896484
0.0006120204925537109
0.0006093978881835938
0.0006172657012939453
0.0009279251098632812
0.0006020069122314453
0.0009334087371826172
0.0009257793426513672
0.0006039142608642578
0.0006077289581298828
0.0006058216094970703
0.0006186962127685547
0.0006077289581298828
0.0006093978881835938
0.0006153583526611328
0.0009324550628662109
0.0009298324584960938
0.0009200572967529297
0.0006039142608642578
0.0006074905395507812
0.0009377002716064453
0.0009226799011230469
0.0006024837493896484
0.0006124973297119141
0.0009288787841796875
0.0009241104125976562
0.0006029605865478516
0.0006155967712402344
0.0009291172027587891
0.0009245872497558594
0.0006022453308105469
0.0006115436553955078
0.0006096363067626953
0.0009312629699707031
0.0009310245513916016
0.0009219646453857422
0.0009274482727050781
0.0005998611450195312
0.0006158351898193359
0.0009410381317138672
0.00091552734375
0.0006015300750732422
0.0006134510040283203
0.0006363391876220703
0.0009114742279052734
0.0009267330169677734
0.0009160041809082031
0.0009210109710693359
0.0009222030639648438
0.0009260177612304688
0.0005977153778076172
0.0006189346313476562
0.0009360313415527344
0.0009186267852783203
0.0009250640869140625
0.0009212493896484375
0.0009317398071289062
0.0009243488311767578
0.0009241104125976562
0.0009241104125976562
0.0009264945983886719
0.0009291172027587891
0.0009207725524902344
0.0009262561798095703
0.0009176731109619141
0.0009257793426513672
0.0009222030639648438
0.0009217262268066406
0.0009279251098632812
0.0009088516235351562
0.00092315673828125
0.0009322166442871094
0.0009214878082275391
0.0009238719940185547
0.0009205341339111328
0.0009305477142333984
0.0009143352508544922
0.0009236335754394531
0.0009188652038574219
0.0009262561798095703
0.0009202957153320312
0.0009195804595947266
0.0009202957153320312
0.0009293556213378906
0.0009233951568603516
0.0009188652038574219
0.0009291172027587891
0.0009243488311767578
0.0009069442749023438
0.0009238719940185547
0.0009207725524902344
0.0009169578552246094
0.0009214878082275391
0.0009243488311767578
0.0009131431579589844
0.0009253025054931641
0.0009262561798095703
0.0009157657623291016
0.0009160041809082031
0.0009224414825439453
0.0009171962738037109
0.0009236335754394531
0.0009241104125976562
0.000926971435546875
0.0009212493896484375
0.0009310245513916016
0.0009205341339111328
0.0009341239929199219
0.0009191036224365234
0.0009236335754394531
0.0009262561798095703
0.0009248256683349609
0.00092315673828125
0.0009248256683349609
0.0009272098541259766
0.0009312629699707031
0.0012786388397216797
0.0009741783142089844
0.0009226799011230469
0.0009150505065917969
0.0009238719940185547
0.0009233951568603516
0.0009281635284423828
0.0009253025054931641
0.0009200572967529297
0.0009224414825439453
0.0009291172027587891
0.0009255409240722656
0.0009281635284423828
0.00092315673828125
0.0009322166442871094
0.0009267330169677734
0.0009131431579589844
0.0009253025054931641
0.0009253025054931641
0.0009233951568603516
0.0009267330169677734
0.0005977153778076172
0.0009381771087646484
0.0009293556213378906
0.0005981922149658203
0.0006084442138671875
0.0006110668182373047
0.0006124973297119141
0.0009348392486572266
0.0009233951568603516
0.0005998611450195312
0.0006136894226074219
0.0009417533874511719
0.0009186267852783203
0.0006086826324462891
0.0006129741668701172
0.0009315013885498047
0.0009295940399169922
0.0009236335754394531
0.0006017684936523438
0.0006091594696044922
0.0009315013885498047
0.0006079673767089844
0.0009336471557617188
0.0009233951568603516
0.0009305477142333984
0.0009243488311767578
0.0009217262268066406
0.0009219646453857422
0.0009214878082275391
0.0006029605865478516