0.0019123554229736328
0.0016298294067382812
0.0007944107055664062
0.0007758140563964844
0.000759124755859375
0.0007803440093994141
0.0007731914520263672
0.0010941028594970703
0.0007753372192382812
0.0007762908935546875
0.0007781982421875
0.0007796287536621094
0.000759124755859375
0.0007815361022949219
0.0007672309875488281
0.0007584095001220703
0.0007810592651367188
0.0007717609405517578
0.0007786750793457031
0.0007803440093994141
0.0007567405700683594
0.0007758140563964844
0.0007815361022949219
0.0007483959197998047
0.0007915496826171875
0.0007607936859130859
0.0007865428924560547
0.0007741451263427734
0.0007581710815429688
0.0007734298706054688
0.0007765293121337891
0.0007581710815429688
0.0007894039154052734
0.0007636547088623047
0.0007753372192382812
0.0007824897766113281
0.0007536411285400391
0.0007755756378173828
0.0007801055908203125
0.0007567405700683594
0.0007839202880859375
0.0007727146148681641
0.0007755756378173828
0.0007739067077636719
0.0007581710815429688
0.0007615089416503906
0.0007979869842529297
0.0007517337799072266
0.0007886886596679688
0.0007543563842773438
0.0007760524749755859
0.0008060932159423828
0.0007498264312744141
0.0007567405700683594
0.0007796287536621094
0.0007634162902832031
0.0007917881011962891
0.0007703304290771484
0.0007755756378173828
0.0007822513580322266
0.0007557868957519531
0.0007851123809814453
0.0007758140563964844
0.0007488727569580078
0.0007903575897216797
0.0007691383361816406
0.0007753372192382812
0.0007719993591308594
0.0007641315460205078
0.000782012939453125
0.0007686614990234375
0.0007615089416503906
0.0007760524749755859
0.0007801055908203125
0.0007760524749755859
0.0007758140563964844
0.0007584095001220703
0.0007641315460205078
0.0007801055908203125
0.0007624626159667969
0.0007772445678710938
0.0007662773132324219
0.0007798671722412109
0.0007822513580322266
0.0007359981536865234
0.0008018016815185547
0.0007791519165039062
0.0007598400115966797
0.0007817745208740234
0.0007801055908203125
0.0007748603820800781
0.0007796287536621094
0.0007584095001220703
0.0007767677307128906
0.0007715225219726562
0.0007610321044921875
0.0007834434509277344
0.0007731914520263672
0.0007724761962890625
0.0007791519165039062
0.0007793903350830078
0.0007777214050292969
0.0007739067077636719
0.0007493495941162109
0.0007853507995605469
0.0007762908935546875
0.0007729530334472656
0.0007731914520263672
0.0007638931274414062
0.0007724761962890625
0.0007724761962890625
0.0007555484771728516
0.0007717609405517578
0.0007677078247070312
0.0007796287536621094
0.0007774829864501953
0.0007579326629638672
0.0007727146148681641
0.0007755756378173828
0.0007579326629638672
0.0007860660552978516
0.0007643699645996094
0.0007791519165039062
0.0007805824279785156
0.0007536411285400391
0.0007803440093994141
0.0007760524749755859
0.0007507801055908203
0.0007860660552978516
0.000751495361328125
0.0008003711700439453
0.0007817745208740234
0.0007357597351074219
0.0007970333099365234
0.0007784366607666016
0.0007495880126953125
0.0007822513580322266
0.0007579326629638672
0.0007936954498291016
0.0007722377777099609
0.0007374286651611328
0.0007791519165039062
0.0007719993591308594
0.0007812976837158203
0.0007925033569335938
0.0007665157318115234
0.0007605552673339844
0.0008087158203125
0.0007643699645996094
0.0007481575012207031
0.0007982254028320312
0.0007491111755371094
0.0007803440093994141
0.0007770061492919922
0.0007450580596923828
0.0008008480072021484
0.0007479190826416016
0.0007791519165039062
0.0007781982421875
0.0007312297821044922
0.0007882118225097656
0.0007734298706054688
0.0007979869842529297
0.0007739067077636719
0.000759124755859375
0.0007786750793457031
0.0007696151733398438
0.0007374286651611328
0.0007843971252441406
0.0007910728454589844
0.0007581710815429688
0.0007965564727783203
0.0007524490356445312
0.0007920265197753906
0.0007719993591308594
0.0007631778717041016
0.0007655620574951172
0.0007674694061279297
0.000774383544921875
0.0007734298706054688
0.0007622241973876953
0.0007755756378173828
0.0008091926574707031
0.0007524490356445312
0.0007672309875488281
0.0007719993591308594
0.0007977485656738281
0.0007882118225097656
0.0011491775512695312
0.0008411407470703125
0.0007755756378173828
0.0007574558258056641
0.0007808208465576172
0.0007753372192382812
0.0007793903350830078
0.0007715225219726562
0.0007665157318115234
0.0007724761962890625
0.0007777214050292969
0.0007658004760742188
0.0007917881011962891
0.0007650852203369141
0.0007805824279785156
0.0007734298706054688
0.0007638931274414062
0.0007696151733398438
0.0007748603820800781
0.0007383823394775391
0.0008044242858886719
0.0007674694061279297
0.0007784366607666016
0.0007846355438232422
0.0007612705230712891
0.0007569789886474609
0.0007851123809814453
0.0007681846618652344
0.0007877349853515625
0.0007510185241699219
0.0008013248443603516
0.0007405281066894531
0.0007815361022949219
0.0007557868957519531
0.0008037090301513672
0.0007348060607910156
0.0008053779602050781
0.0007522106170654297
0.0007884502410888672
0.0007834434509277344
0.0007548332214355469
0.0007641315460205078
0.0007815361022949219
0.0007839202880859375
0.0007650852203369141
0.0007631778717041016
0.0007748603820800781
0.0007753372192382812
0.0007662773132324219
0.0007727146148681641
0.0007793903350830078
0.0007550716400146484
0.0007927417755126953
0.0007681846618652344
0.0007770061492919922
0.0007765293121337891
0.0007588863372802734
0.0007739067077636719
0.0007736682891845703
0.0007526874542236328
0.0007843971252441406
0.0007772445678710938
0.0012614727020263672
0.0011188983917236328
0.0007436275482177734
0.0007863044738769531
0.0007727146148681641
0.0007574558258056641
0.0007908344268798828
0.0007622241973876953
0.0007822513580322266
0.0007710456848144531
0.0007576942443847656
0.0007731914520263672
0.0007846355438232422
0.0007433891296386719
0.0007870197296142578
0.0007605552673339844
0.0007779598236083984
0.0007753372192382812
0.0007624626159667969
0.000766754150390625
0.000774383544921875
0.0007519721984863281
0.0007822513580322266
0.0007648468017578125
0.0007827281951904297
0.0007851123809814453
0.0007538795471191406
0.0007832050323486328
0.0007774829864501953
0.0007612705230712891
0.0007891654968261719
0.0007643699645996094
0.0007801055908203125
0.00077056884765625
0.0007631778717041016
0.0007829666137695312
0.0007755756378173828
0.0007498264312744141
0.0007877349853515625
0.0007655620574951172
0.0007784366607666016
0.0007791519165039062
0.0007526874542236328
0.0007796287536621094
0.0007684230804443359
0.0007627010345458984
0.0007817745208740234
0.0007636547088623047
0.0007829666137695312
0.0007777214050292969
0.0007636547088623047
0.0008018016815185547
0.0007545948028564453
0.0007522106170654297
0.0007860660552978516
0.0007863044738769531
0.0007584095001220703
0.0008015632629394531
0.0007369518280029297
0.0007789134979248047
0.0007750988006591797
0.0007472038269042969
0.0007901191711425781
0.0007917881011962891
0.0007562637329101562
0.0007781982421875
0.0007586479187011719
0.0007791519165039062
0.0007936954498291016
0.0007371902465820312
0.0007824897766113281
0.0007736682891845703
0.0008068084716796875
0.0007476806640625
0.0007562637329101562
0.0007891654968261719
0.0007700920104980469
0.000751495361328125
0.0008053779602050781
0.0007541179656982422
0.0008852481842041016
0.0007405281066894531
0.0007321834564208984
0.0007803440093994141
0.0008084774017333984
0.0007388591766357422
0.0007786750793457031
0.0007779598236083984
0.0007579326629638672
0.0008096694946289062
0.0007505416870117188
0.0007839202880859375
0.000759124755859375
0.0007543563842773438
0.0007884502410888672
0.0007674694061279297
0.0007891654968261719
0.0007610321044921875
0.0007631778717041016
0.0007791519165039062
0.0007812976837158203
0.0007507801055908203
0.00079345703125
0.0007574558258056641
0.000797271728515625
0.0007572174072265625
0.0007777214050292969
0.0007538795471191406
0.0007774829864501953
0.0007545948028564453
0.0007839202880859375
0.0007729530334472656
0.0007784366607666016
0.0007708072662353516
0.0007853507995605469
0.0007543563842773438
0.0008134841918945312
0.0007290840148925781
0.0008091926574707031
0.00074005126953125
0.0008006095886230469
0.0007607936859130859
0.0007748603820800781
0.0007574558258056641
0.0007886886596679688
0.0007336139678955078
0.0008122920989990234
0.0007419586181640625
0.0007784366607666016
0.0007765293121337891
0.0007619857788085938
0.0007727146148681641
0.0007722377777099609
0.0007565021514892578
0.0007894039154052734
0.0007612705230712891
0.0007791519165039062
0.0007698535919189453
0.0007646083831787109
0.000774383544921875
0.0007727146148681641
0.0007536411285400391
0.0008082389831542969
0.0007543563842773438
0.0007727146148681641
0.0007772445678710938
0.0007593631744384766
0.0007791519165039062
0.000782012939453125
0.0007548332214355469
0.0007834434509277344
0.0007753372192382812
0.0007767677307128906
0.0007724761962890625
0.0007612705230712891
0.0007672309875488281
0.0007834434509277344
0.0007612705230712891
0.000789642333984375
0.0007627010345458984
0.0007851123809814453
0.000782012939453125
0.0007517337799072266
0.0007741451263427734
0.0007767677307128906
0.0007550716400146484
0.0007853507995605469
0.0007646083831787109
0.0007805824279785156
0.000782012939453125
0.0007476806640625
0.0007810592651367188
0.0007770061492919922
0.0007596015930175781
0.0007851123809814453
0.0007655620574951172
0.0007860660552978516
0.0007908344268798828
0.0007381439208984375
0.0007998943328857422
0.0007593631744384766
0.0007574558258056641
0.0007886886596679688
0.0007963180541992188
0.0007548332214355469
0.0007939338684082031
0.0007305145263671875
0.0007977485656738281
0.0007760524749755859
0.0007331371307373047
0.0008111000061035156
0.0007448196411132812
0.0008037090301513672
0.0007584095001220703
0.0007576942443847656
0.0007815361022949219
0.0007963180541992188
0.0007410049438476562
0.0007834434509277344
0.0007724761962890625
0.0007791519165039062
0.0007712841033935547
0.0007584095001220703
0.0007750988006591797
0.0007836818695068359
0.0007596015930175781
0.0007910728454589844
0.0007567405700683594
0.0007770061492919922
0.0007965564727783203
0.0007336139678955078
0.0008006095886230469
0.000759124755859375
0.0007770061492919922
0.0007545948028564453
0.0007901191711425781
0.0007672309875488281
0.0007810592651367188
0.0007538795471191406
0.0007784366607666016
0.0007808208465576172
0.000751495361328125
0.0008111000061035156
0.0007503032684326172
0.0007722377777099609
0.0008082389831542969
0.0007314682006835938
0.0007765293121337891
0.0008084774017333984
0.0007297992706298828
0.0007860660552978516
0.0007915496826171875
0.0007641315460205078
0.0007765293121337891
0.0007662773132324219
0.0007736682891845703
0.000774383544921875
0.0007481575012207031
0.0007927417755126953
0.0007610321044921875
0.0008020401000976562
0.00075531005859375
0.0007548332214355469
0.000782012939453125
0.0008020401000976562
0.0007297992706298828
0.0007827281951904297
0.0007722377777099609
0.0007846355438232422
0.0007746219635009766
0.0007500648498535156
0.0007851123809814453
0.0014154911041259766
0.0008070468902587891
0.0007603168487548828
0.0007774829864501953
0.0007777214050292969
0.00078582763671875
0.0007839202880859375
0.0007500648498535156
0.0007834434509277344
0.0007569789886474609
0.0007796287536621094
0.0007710456848144531
0.0007827281951904297
0.0007724761962890625
0.000762939453125
0.0007812976837158203
0.0007801055908203125
0.0007469654083251953
0.0008141994476318359
0.0007493495941162109
0.0007817745208740234
0.0007691383361816406
0.0007686614990234375
0.0007772445678710938
0.0007917881011962891
0.0007424354553222656
0.0007846355438232422
0.0007724761962890625
0.0007731914520263672
0.0008053779602050781
0.0007307529449462891
0.0008053779602050781
0.0007529258728027344
0.0007812976837158203
0.0007562637329101562
0.0007910728454589844
0.0007550716400146484
0.0007946491241455078
0.0007371902465820312
0.00080108642578125
0.0007576942443847656
0.0007882118225097656
0.0007607936859130859
0.0007939338684082031
0.000759124755859375
0.0007932186126708984
0.0007255077362060547
0.0007998943328857422
0.0007519721984863281
0.0007810592651367188
0.0007612705230712891
0.0007698535919189453
0.0007810592651367188
0.0007770061492919922
0.0007619857788085938
0.0007691383361816406
0.0007791519165039062
0.0007638931274414062
0.0007865428924560547
0.0007748603820800781
0.0007765293121337891
0.0007822513580322266
0.0007562637329101562
0.0007734298706054688
0.0007662773132324219
0.0007517337799072266
0.0007925033569335938
0.0007684230804443359
0.0007750988006591797
0.0007772445678710938
0.0007586479187011719
0.0007719993591308594
0.0007836818695068359
0.0007536411285400391
0.00078582763671875
0.0007648468017578125
0.0007791519165039062
0.0007753372192382812
0.0007655620574951172
0.0007755756378173828
0.0007843971252441406
0.0007526874542236328
0.0007865428924560547
0.0007660388946533203
0.0007824897766113281
0.0007708072662353516
0.000766754150390625
0.0007715225219726562
0.0007784366607666016
0.000759124755859375
0.0007889270782470703
0.0007781982421875
0.0007758140563964844
0.0007767677307128906
0.0007698535919189453
0.0007684230804443359
0.0007791519165039062
0.0007662773132324219
0.0007884502410888672
0.0007658004760742188
0.0007932186126708984
0.0007684230804443359
0.0007619857788085938
0.0007808208465576172
0.0007755756378173828
0.0007607936859130859
0.0007801055908203125
0.0007693767547607422
0.0007874965667724609
0.0007793903350830078
0.0007526874542236328
0.0007703304290771484
0.0007805824279785156
0.0007574558258056641
0.0007877349853515625
0.0007638931274414062
0.0007815361022949219
0.0007808208465576172
0.0007536411285400391
0.0007851123809814453
0.0007801055908203125
0.0007603168487548828
0.0007796287536621094
0.0007748603820800781
0.0007750988006591797
0.0007755756378173828
0.0007636547088623047
0.0007836818695068359
0.0007793903350830078
0.0007519721984863281
0.0007853507995605469
0.0007719993591308594
0.0007796287536621094
0.0007803440093994141
0.0007483959197998047
0.0007729530334472656
0.0007777214050292969
0.0007522106170654297
0.0007908344268798828
0.0007691383361816406
0.0007739067077636719
0.0007846355438232422
0.0007534027099609375
0.0007841587066650391
0.0007736682891845703
0.0007665157318115234
0.0007879734039306641
0.0007665157318115234
0.0007793903350830078
0.0007805824279785156
0.0007581710815429688
0.0007753372192382812
0.0007770061492919922
0.0007562637329101562
0.0007901191711425781
0.0007648468017578125
0.0007791519165039062
0.0007853507995605469
0.0007526874542236328
0.0007765293121337891
0.0007834434509277344
0.0007526874542236328
0.0007843971252441406
0.0007672309875488281
0.0007789134979248047
0.0007803440093994141
0.0007565021514892578
0.0007774829864501953
0.0007741451263427734
0.0007538795471191406
0.0007784366607666016
0.0007765293121337891
0.0007729530334472656
0.0007729530334472656
0.0007529258728027344
0.000774383544921875
0.0007753372192382812
0.0007488727569580078
0.0007784366607666016
0.0007700920104980469
0.000782012939453125
0.0007786750793457031
0.0007545948028564453
0.0007803440093994141
0.0007774829864501953
0.000762939453125
0.0007784366607666016
0.0007710456848144531
0.0007784366607666016
0.0007753372192382812
0.000762939453125
0.0007774829864501953
0.0007762908935546875
0.0007531642913818359
0.0007851123809814453
0.0007712841033935547
0.0007750988006591797
0.0007796287536621094
0.0007493495941162109
0.0007801055908203125
0.0007762908935546875
0.0007538795471191406
0.0007822513580322266
0.0007731914520263672
0.0007808208465576172
0.0007796287536621094
0.0007596015930175781
0.0007758140563964844
0.0007774829864501953
0.0007557868957519531
0.0007886886596679688
0.0007646083831787109
0.0007784366607666016
0.0007724761962890625
0.0007579326629638672
0.0007686614990234375
0.0007822513580322266
0.0007491111755371094
0.0007863044738769531
0.0007760524749755859
0.0007691383361816406
0.0007719993591308594
0.0007615089416503906
0.0007827281951904297
0.0007784366607666016
0.0007536411285400391
0.0007948875427246094
0.0007641315460205078
0.0007841587066650391
0.0007617473602294922
0.0007574558258056641
0.0007710456848144531
0.0007801055908203125
0.0007588863372802734
0.0007886886596679688
0.0007679462432861328
0.0007727146148681641
0.0007767677307128906
0.0007658004760742188
0.0007839202880859375
0.0007712841033935547
0.0007827281951904297
0.0007574558258056641
0.0007703304290771484
0.0007774829864501953
0.0008058547973632812
0.0007395744323730469
0.0008013248443603516
0.0007538795471191406
0.0007526874542236328
0.0007882118225097656
0.000766754150390625
0.0011076927185058594
0.0008225440979003906
0.0007374286651611328
0.0007758140563964844
0.0007755756378173828
0.0007643699645996094
0.0007796287536621094
0.0007731914520263672
0.0007810592651367188
0.0007724761962890625
0.0007598400115966797
0.0007784366607666016
0.0007703304290771484
0.0007605552673339844
0.0007781982421875
0.0007770061492919922
0.0007748603820800781
0.0007832050323486328
0.0007486343383789062
0.0007817745208740234
0.0007767677307128906
0.000751495361328125
0.0007851123809814453
0.0007770061492919922
0.0007736682891845703
0.0007793903350830078
0.0007529258728027344
0.0007793903350830078
0.0007658004760742188
0.0007634162902832031
0.0007841587066650391
0.000766754150390625
0.0007739067077636719
0.0007815361022949219
0.0007534027099609375
0.0007827281951904297
0.0007772445678710938
0.0007622241973876953
0.00078582763671875
0.0007700920104980469
0.0007753372192382812
0.0007874965667724609
0.0007584095001220703
0.0007762908935546875
0.0007791519165039062
0.0007565021514892578
0.00078582763671875
0.0007641315460205078
0.0007839202880859375
0.0007812976837158203
0.0007574558258056641
0.0007767677307128906
0.0007815361022949219
0.0007548332214355469
0.0007851123809814453
0.0007567405700683594
0.0007700920104980469
0.0007834434509277344
0.0007460117340087891
0.0007832050323486328
0.0007789134979248047
0.0007488727569580078
0.0007951259613037109
0.0007677078247070312
0.0007791519165039062
0.0007736682891845703
0.0007586479187011719
0.0007817745208740234
0.0007736682891845703
0.0007684230804443359
0.000782012939453125
0.0007660388946533203
0.0007860660552978516
0.0007793903350830078
0.0007607936859130859
0.0007741451263427734
0.0007832050323486328
0.0007593631744384766
0.0007784366607666016
0.0007727146148681641
0.0007791519165039062
0.0007791519165039062
0.0007548332214355469
0.0007801055908203125
0.0007746219635009766
0.0007472038269042969
0.0007863044738769531
0.0007722377777099609
0.0007753372192382812
0.0007712841033935547
0.0007624626159667969
0.0007812976837158203
0.0007681846618652344
0.0007658004760742188
0.0007841587066650391
0.0007770061492919922
0.0007758140563964844
0.0007851123809814453
0.0007495880126953125
0.0007669925689697266
0.0007932186126708984
0.0007479190826416016
0.0007894039154052734
0.0007853507995605469
0.0007827281951904297
0.0007855892181396484
0.0010821819305419922
0.0007765293121337891
0.0007736682891845703
0.0007548332214355469
0.0007801055908203125
0.0007674694061279297
0.0007758140563964844
0.0007777214050292969
0.0007505416870117188
0.0007815361022949219
0.0007827281951904297
0.0007519721984863281
0.0007886886596679688
0.0007691383361816406
0.0007767677307128906
0.0007719993591308594
0.0007672309875488281
0.0007719993591308594
0.0007712841033935547
0.0007643699645996094
0.0007870197296142578
0.0007722377777099609
0.0007834434509277344
0.0007741451263427734
0.0007631778717041016
0.0007710456848144531
0.0007801055908203125
0.0007493495941162109
0.0007860660552978516
0.0007662773132324219
0.0007803440093994141
0.0007753372192382812
0.000762939453125
0.0007836818695068359
0.0007760524749755859
0.00075531005859375
0.0007860660552978516
0.0007636547088623047
0.0007781982421875
0.0007762908935546875
0.0007686614990234375
0.0007746219635009766
0.0007872581481933594
0.0007495880126953125
0.0007927417755126953
0.0007665157318115234
0.0007786750793457031
0.0007781982421875
0.0007529258728027344
0.0007724761962890625
0.0007824897766113281
0.000751495361328125
0.0007898807525634766
0.0007696151733398438
0.0007822513580322266
0.0007793903350830078
0.0007517337799072266
0.0007839202880859375
0.0007715225219726562
0.0007596015930175781
0.0008082389831542969
0.0007488727569580078
0.0007734298706054688
0.0007717609405517578
0.0007569789886474609
0.0007746219635009766
0.0007731914520263672
0.0007572174072265625
0.0007860660552978516
0.0007610321044921875
0.0007791519165039062
0.0007765293121337891
0.0007612705230712891
0.000774383544921875
0.0007688999176025391
0.0007610321044921875
0.0007801055908203125
0.0007758140563964844
0.0007700920104980469
0.0007853507995605469
0.0007619857788085938
0.0007734298706054688
0.0007746219635009766
0.0007598400115966797
0.0007841587066650391
0.0007636547088623047
0.0007770061492919922
0.0007767677307128906
0.0007627010345458984
0.000774383544921875
0.0007784366607666016
0.0007600784301757812
0.0007874965667724609
0.0007627010345458984
0.0007841587066650391
0.0007681846618652344
0.0007598400115966797
0.0007772445678710938
0.0007724761962890625
0.0007555484771728516
0.0007860660552978516
0.0007717609405517578
0.0007774829864501953
0.0007715225219726562
0.0007641315460205078
0.0007791519165039062
0.0007817745208740234
0.0007560253143310547
0.000782012939453125
0.0007624626159667969
0.0007815361022949219
0.0007843971252441406
0.0007603168487548828
0.0007834434509277344
0.0007748603820800781
0.0007562637329101562
0.0007810592651367188
0.0007753372192382812
0.0007781982421875
0.0007846355438232422
0.0007827281951904297
0.0007784366607666016
0.000782012939453125
0.0007512569427490234
0.0007839202880859375
0.0007786750793457031
0.0007734298706054688
0.00078582763671875
0.0007617473602294922
0.0007772445678710938
0.0007762908935546875
0.0007586479187011719
0.0007843971252441406
0.0007703304290771484
0.0007834434509277344
0.0007781982421875
0.000762939453125
0.0007846355438232422
0.0007748603820800781
0.00075531005859375