0.0017104148864746094
0.0016427040100097656
0.0011935234069824219
0.0012106895446777344
0.0012209415435791016
0.00119781494140625
0.0011820793151855469
0.001054525375366211
0.0006270408630371094
0.0007643699645996094
0.0007193088531494141
0.0007381439208984375
0.0007779598236083984
0.00077056884765625
0.0007786750793457031
0.0007777214050292969
0.0007860660552978516
0.0007755756378173828
0.0007748603820800781
0.0007803440093994141
0.0007789134979248047
0.0007805824279785156
0.0007708072662353516
0.0007772445678710938
0.0007870197296142578
0.0007803440093994141
0.0007772445678710938
0.0007760524749755859
0.0007774829864501953
0.0007777214050292969
0.0007603168487548828
0.0008828639984130859
0.0007736682891845703
0.0007753372192382812
0.0007786750793457031
0.0007843971252441406
0.0007805824279785156
0.0007760524749755859
0.0007734298706054688
0.0007586479187011719
0.0007793903350830078
0.0008053779602050781
0.0007779598236083984
0.0007655620574951172
0.0007719993591308594
0.0007951259613037109
0.0007889270782470703
0.0007536411285400391
0.0007939338684082031
0.0007750988006591797
0.0007803440093994141
0.0008809566497802734
0.0008234977722167969
0.0006301403045654297
0.0006909370422363281
0.0007100105285644531
0.000732421875
0.000682830810546875
0.0007424354553222656
0.0007112026214599609
0.0006949901580810547
0.0007283687591552734
0.0007307529449462891
0.0007226467132568359
0.0007236003875732422
0.0011954307556152344
0.0011534690856933594
0.0011019706726074219
0.0006895065307617188
0.0008082389831542969
0.0010309219360351562
0.0007381439208984375
0.0007817745208740234
0.0007851123809814453
0.0007903575897216797
0.0007810592651367188
0.0007801055908203125
0.0007848739624023438
0.0007791519165039062
0.0007796287536621094
0.0007750988006591797
0.000782012939453125
0.0007762908935546875
0.0007815361022949219
0.000782012939453125
0.0007641315460205078
0.0007717609405517578
0.0007853507995605469
0.0007791519165039062
0.0007736682891845703
0.0007822513580322266
0.0008687973022460938
0.0007741451263427734
0.0007784366607666016
0.0007770061492919922
0.0007786750793457031
0.0007808208465576172
0.0007901191711425781
0.0007851123809814453
0.0007619857788085938
0.0007762908935546875
0.0007822513580322266
0.0008034706115722656
0.0007605552673339844
0.0008018016815185547
0.0007665157318115234
0.0008006095886230469
0.0007588863372802734
0.000804901123046875
0.0007853507995605469
0.0007855892181396484
0.0009031295776367188
0.0006473064422607422
0.0009472370147705078
0.0010483264923095703
0.0011210441589355469
0.001107931137084961
0.0010955333709716797
0.0010783672332763672
0.0011472702026367188
0.001079559326171875
0.0010595321655273438
0.0010907649993896484
0.0010645389556884766
0.0010571479797363281
0.0008788108825683594
0.0007100105285644531
0.001001596450805664
0.0010743141174316406
0.0007987022399902344
0.0007994174957275391
0.0007708072662353516
0.0007750988006591797
0.0007979869842529297
0.0007915496826171875
0.0007894039154052734
0.0007908344268798828
0.0007672309875488281
0.0007979869842529297
0.0007767677307128906
0.0007748603820800781
0.0007741451263427734
0.0007791519165039062
0.0007789134979248047
0.0007922649383544922
0.0007619857788085938
0.0007793903350830078
0.0007808208465576172
0.0008378028869628906
0.0007588863372802734
0.0008056163787841797
0.0007801055908203125
0.0007631778717041016
0.0007767677307128906
0.0007979869842529297
0.0007531642913818359
0.0007748603820800781
0.0007786750793457031
0.0007843971252441406
0.0007810592651367188
0.0007739067077636719
0.0007724761962890625
0.0007834434509277344
0.0007722377777099609
0.0007772445678710938
0.00077056884765625
0.0008013248443603516
0.0007538795471191406
0.0009047985076904297
0.0006492137908935547
0.0009524822235107422
0.0010819435119628906
0.0011439323425292969
0.0006272792816162109
0.0007300376892089844
0.0007498264312744141
0.000762939453125
0.0007936954498291016
0.0007548332214355469
0.0007677078247070312
0.0007038116455078125
0.0007786750793457031
0.0007357597351074219
0.0007722377777099609
0.0006608963012695312
0.0006434917449951172
0.0009958744049072266
0.0007252693176269531
0.0007495880126953125
0.0007781982421875
0.0007753372192382812
0.0007777214050292969
0.0007748603820800781
0.000774383544921875
0.0010924339294433594
0.0007834434509277344
0.0007700920104980469
0.0007822513580322266
0.0007767677307128906
0.0007753372192382812
0.0007824897766113281
0.0007712841033935547
0.0007777214050292969
0.0007851123809814453
0.0007922649383544922
0.0007669925689697266
0.0007715225219726562
0.0008628368377685547
0.0007801055908203125
0.0007817745208740234
0.0007717609405517578
0.0007784366607666016
0.0007777214050292969
0.0008015632629394531
0.0007579326629638672
0.0007998943328857422
0.0007669925689697266
0.0007786750793457031
0.0007781982421875
0.0007789134979248047
0.0007810592651367188
0.0007688999176025391
0.000782012939453125
0.0007996559143066406
0.0007517337799072266
0.0007855892181396484
0.00079345703125
0.0008740425109863281
0.0005955696105957031
0.0009605884552001953
0.001196146011352539
0.0012028217315673828
0.0011904239654541016
0.0006394386291503906
0.0007317066192626953
0.000782012939453125
0.0007500648498535156
0.0007905960083007812
0.0013773441314697266
0.001176595687866211
0.0006697177886962891
0.0007381439208984375
0.0006082057952880859
0.0009112358093261719
0.0009722709655761719
0.0007274150848388672
0.0007622241973876953
0.000774383544921875
0.0007801055908203125
0.0007719993591308594
0.0007719993591308594
0.0007779598236083984
0.0007855892181396484
0.0007801055908203125
0.0007822513580322266
0.0007824897766113281
0.0007982254028320312
0.0007565021514892578
0.0007789134979248047
0.0007736682891845703
0.0007774829864501953
0.0007796287536621094
0.0007798671722412109
0.0007998943328857422
0.0007696151733398438
0.0008623600006103516
0.0007634162902832031
0.0007822513580322266
0.000804901123046875
0.0007617473602294922
0.0007915496826171875
0.0007562637329101562
0.0007793903350830078
0.0007810592651367188
0.0007855892181396484
0.0007798671722412109
0.0007758140563964844
0.0007770061492919922
0.0007760524749755859
0.0007834434509277344
0.0007693767547607422
0.0007796287536621094
0.0007886886596679688
0.0007736682891845703
0.0007815361022949219
0.0008959770202636719
0.0008740425109863281
0.0010602474212646484
0.001131296157836914
0.0006079673767089844
0.0007114410400390625
0.0007262229919433594
0.0007302761077880859
0.0007314682006835938
0.0007355213165283203
0.0007472038269042969
0.0007331371307373047
0.0007331371307373047
0.0007474422454833984
0.0006804466247558594
0.0007436275482177734
0.000732421875
0.0005905628204345703
0.0006425380706787109
0.0007162094116210938
0.0006973743438720703
0.0007181167602539062
0.0007784366607666016
0.0007839202880859375
0.0007741451263427734
0.0007719993591308594
0.0007784366607666016
0.0007786750793457031
0.0007739067077636719
0.0007781982421875
0.0007781982421875
0.0008111000061035156
0.0007569789886474609
0.0008008480072021484
0.0007693767547607422
0.0007843971252441406
0.0007719993591308594
0.0007772445678710938
0.0007824897766113281
0.0007929801940917969
0.0007607936859130859
0.0008635520935058594
0.0007765293121337891
0.0007765293121337891
0.0007660388946533203
0.0007784366607666016
0.0007827281951904297
0.00077056884765625
0.0007829666137695312
0.0007686614990234375
0.0007789134979248047
0.0007801055908203125
0.000782012939453125
0.0007810592651367188
0.0007808208465576172
0.0007731914520263672
0.0007722377777099609
0.0007812976837158203
0.0007762908935546875
0.0007760524749755859
0.0007779598236083984
0.0009052753448486328
0.0006392002105712891
0.0009884834289550781
0.001058816909790039
0.0011091232299804688
0.001135110855102539
0.0010972023010253906
0.0010902881622314453
0.00116729736328125
0.0011188983917236328
0.001149892807006836
0.001192331314086914
0.001168966293334961
0.0008862018585205078
0.0006406307220458984
0.0007531642913818359
0.0009663105010986328
0.0007126331329345703
0.0007829666137695312
0.0007762908935546875
0.0007781982421875
0.0007770061492919922
0.0007827281951904297
0.0007765293121337891
0.0007765293121337891
0.0007791519165039062
0.0007872581481933594
0.0007727146148681641
0.0007812976837158203
0.0007784366607666016
0.0007731914520263672
0.0007829666137695312
0.000774383544921875
0.0007851123809814453
0.0007750988006591797
0.0007765293121337891
0.0007801055908203125
0.0008690357208251953
0.0007760524749755859
0.0007736682891845703
0.0007801055908203125
0.0007815361022949219
0.0007727146148681641
0.0007755756378173828
0.0007779598236083984
0.0007812976837158203
0.0007798671722412109
0.0007822513580322266
0.0007796287536621094
0.0007739067077636719
0.0007750988006591797
0.0007784366607666016
0.0007860660552978516
0.0007696151733398438
0.0007834434509277344
0.0007700920104980469
0.0007784366607666016
0.0009071826934814453
0.0006048679351806641
0.0009403228759765625
0.0011174678802490234
0.0011496543884277344
0.0011491775512695312
0.0005991458892822266
0.0007226467132568359
0.0007290840148925781
0.0007867813110351562
0.0007503032684326172
0.0007498264312744141
0.0007414817810058594
0.0007584095001220703
0.0007672309875488281
0.0007443428039550781
0.0006070137023925781
0.000598907470703125
0.0008699893951416016
0.0009710788726806641
0.0007352828979492188
0.0007777214050292969
0.0007734298706054688
0.0007824897766113281
0.000774383544921875
0.0007767677307128906
0.0007770061492919922
0.0007836818695068359
0.0007750988006591797
0.0007798671722412109
0.0007848739624023438
0.0007791519165039062
0.0007731914520263672
0.000782012939453125
0.0007855892181396484
0.0007758140563964844
0.0007781982421875
0.0007677078247070312
0.0007755756378173828
0.0007834434509277344
0.0008575916290283203
0.0007507801055908203
0.0007829666137695312
0.0007719993591308594
0.0007798671722412109
0.0007746219635009766
0.0007717609405517578
0.0007741451263427734
0.0007812976837158203
0.0007793903350830078
0.0007727146148681641
0.0007827281951904297
0.0007812976837158203
0.0007848739624023438
0.0007767677307128906
0.0007658004760742188
0.0007910728454589844
0.0007758140563964844
0.0007770061492919922
0.0007867813110351562
0.0007734298706054688
0.0008554458618164062
0.0008029937744140625
0.0010178089141845703
0.0010190010070800781
0.001039266586303711
0.001024007797241211
0.0010399818420410156
0.0010597705841064453
0.0010180473327636719
0.0010955333709716797
0.0010576248168945312
0.0011031627655029297
0.0011620521545410156
0.001155853271484375
0.0010404586791992188
0.0007169246673583984
0.0008504390716552734
0.0007121562957763672
0.0007596015930175781
0.0007781982421875
0.0007793903350830078
0.000774383544921875
0.0007822513580322266
0.0007703304290771484
0.0007772445678710938
0.0007755756378173828
0.0007829666137695312
0.0007734298706054688
0.0007882118225097656
0.0007712841033935547
0.0007915496826171875
0.0007734298706054688
0.0007767677307128906
0.0007805824279785156
0.0007736682891845703
0.0007748603820800781
0.0007815361022949219
0.0007741451263427734
0.0008127689361572266
0.0008151531219482422
0.0007734298706054688
0.0007774829864501953
0.0007734298706054688
0.000797271728515625
0.0007634162902832031
0.0007750988006591797
0.0007801055908203125
0.0007839202880859375
0.0007853507995605469
0.0007662773132324219
0.0007853507995605469
0.0007817745208740234
0.0007727146148681641
0.0007774829864501953
0.000782012939453125
0.0007753372192382812
0.0007779598236083984
0.0007810592651367188
0.0009047985076904297
0.000885009765625
0.0006237030029296875
0.0006456375122070312
0.0007419586181640625
0.0007419586181640625
0.0007159709930419922
0.0007491111755371094
0.0007557868957519531
0.0007464885711669922
0.0007963180541992188
0.0007340908050537109
0.0007328987121582031
0.0007174015045166016
0.0007634162902832031
0.0007450580596923828
0.0007472038269042969
0.0006427764892578125
0.0006427764892578125
0.0009458065032958984
0.0009732246398925781
0.0007500648498535156
0.0007803440093994141
0.0007715225219726562
0.0007786750793457031
0.0007853507995605469
0.0007750988006591797
0.000774383544921875
0.0007796287536621094
0.0007753372192382812
0.0007791519165039062
0.0007808208465576172
0.0007750988006591797
0.0007770061492919922
0.000782012939453125
0.0007722377777099609
0.0007781982421875
0.0007781982421875
0.0007717609405517578
0.0007803440093994141
0.0007774829864501953
0.0008635520935058594
0.0008063316345214844
0.0007665157318115234
0.0007977485656738281
0.0007565021514892578
0.0007789134979248047
0.0007739067077636719
0.0007767677307128906
0.0007834434509277344
0.0007753372192382812
0.0007908344268798828
0.0007741451263427734
0.0007774829864501953
0.00078582763671875
0.0007755756378173828
0.0007734298706054688
0.0008032321929931641
0.0007507801055908203
0.0007798671722412109
0.0007789134979248047
0.0008533000946044922
0.0011208057403564453
0.0010225772857666016
0.0011200904846191406
0.0010752677917480469
0.0011210441589355469
0.0011229515075683594
0.0011713504791259766
0.0011227130889892578
0.0011599063873291016
0.0011320114135742188
0.0011317729949951172
0.0009789466857910156
0.0006461143493652344
0.0007791519165039062
0.0009837150573730469
0.00072479248046875
0.0007719993591308594
0.0007772445678710938
0.0007779598236083984
0.0007793903350830078
0.0007739067077636719
0.0007798671722412109
0.0007758140563964844
0.000774383544921875
0.0007779598236083984
0.0007872581481933594
0.0007791519165039062
0.0007755756378173828
0.0007755756378173828
0.0007712841033935547
0.0007736682891845703
0.0007865428924560547
0.0007712841033935547
0.0007834434509277344
0.0007786750793457031
0.0008599758148193359
0.0007741451263427734
0.0007724761962890625
0.0007798671722412109
0.0007767677307128906
0.0007724761962890625
0.0007722377777099609
0.0007779598236083984
0.0007839202880859375
0.0007798671722412109
0.0007812976837158203
0.0007729530334472656
0.0007824897766113281
0.0007791519165039062
0.0007681846618652344
0.0007767677307128906
0.0007805824279785156
0.0007779598236083984
0.000774383544921875
0.0007851123809814453
0.0008997917175292969
0.0006356239318847656
0.0009369850158691406
0.0010526180267333984
0.0011303424835205078
0.0011191368103027344
0.0011219978332519531
0.00112152099609375
0.0011703968048095703
0.0011348724365234375
0.0011594295501708984
0.0011103153228759766
0.0011310577392578125
0.0009870529174804688
0.0006535053253173828
0.0009133815765380859
0.0007157325744628906
0.0007641315460205078
0.0007727146148681641
0.0007791519165039062
0.0007801055908203125
0.0007793903350830078
0.0007774829864501953
0.0007829666137695312
0.0007784366607666016
0.0007760524749755859
0.0007767677307128906
0.0007815361022949219
0.0007762908935546875
0.0007739067077636719
0.0007770061492919922
0.0007765293121337891
0.0007855892181396484
0.0007951259613037109
0.0007717609405517578
0.0007762908935546875
0.0007803440093994141
0.0008122920989990234
0.0007724761962890625
0.0007829666137695312
0.0007739067077636719
0.0007774829864501953
0.0007798671722412109
0.0007724761962890625
0.0007839202880859375
0.0007755756378173828
0.0007753372192382812
0.0007910728454589844
0.0007767677307128906
0.0007762908935546875
0.0007812976837158203
0.0007805824279785156
0.0007784366607666016
0.0007872581481933594
0.0006322860717773438
0.0006327629089355469
0.0008871555328369141
0.0007741451263427734
0.0007817745208740234
0.0009012222290039062
0.0008807182312011719
0.0010991096496582031
0.0005953311920166016
0.0007450580596923828
0.0007302761077880859
0.0007357597351074219
0.0007534027099609375
0.0007357597351074219
0.0007853507995605469
0.0007748603820800781
0.0007505416870117188
0.0007832050323486328
0.0007519721984863281
0.0007672309875488281
0.0007407665252685547
0.0006878376007080078
0.0005872249603271484
0.0008013248443603516
0.0009675025939941406
0.0007269382476806641
0.0010924339294433594
0.0008337497711181641
0.0007677078247070312
0.0007808208465576172
0.0007781982421875
0.0008063316345214844
0.0007576942443847656
0.0008053779602050781
0.0007565021514892578
0.0007798671722412109
0.0007822513580322266
0.0007765293121337891
0.0007812976837158203
0.0007827281951904297
0.0007810592651367188
0.0007760524749755859
0.0007753372192382812
0.0007810592651367188
0.0007748603820800781
0.0008759498596191406
0.0007753372192382812
0.0007784366607666016
0.0007801055908203125
0.0007789134979248047
0.0007770061492919922
0.0007810592651367188
0.0007810592651367188
0.0007715225219726562
0.0007810592651367188
0.0007851123809814453
0.0007815361022949219
0.0007772445678710938
0.0007755756378173828
0.0007758140563964844
0.0007846355438232422
0.0007781982421875
0.0007793903350830078
0.000774383544921875
0.0007727146148681641
0.0008563995361328125
0.0006651878356933594
0.0006461143493652344
0.0006783008575439453
0.000732421875
0.0007412433624267578
0.0007388591766357422
0.0007429122924804688
0.0007505416870117188
0.0007510185241699219
0.0007755756378173828
0.00075531005859375
0.0007596015930175781
0.0007672309875488281
0.0007669925689697266
0.0007390975952148438
0.0007605552673339844
0.0007402896881103516
0.0005898475646972656
0.0008823871612548828
0.000705718994140625
0.0007131099700927734
0.000782012939453125
0.0007772445678710938
0.0007815361022949219
0.0007750988006591797
0.0007810592651367188
0.0007750988006591797
0.0007824897766113281
0.0007786750793457031
0.0007793903350830078
0.0007872581481933594
0.0007765293121337891
0.0007798671722412109
0.0007784366607666016
0.0007715225219726562
0.0007731914520263672
0.0007741451263427734
0.0007808208465576172
0.0007765293121337891
0.0007829666137695312
0.0008676052093505859
0.0007784366607666016
0.0007786750793457031
0.0007736682891845703
0.0007846355438232422
0.0007824897766113281
0.0007791519165039062
0.0007741451263427734
0.0007822513580322266
0.0007715225219726562
0.0007870197296142578
0.0007817745208740234
0.0007727146148681641
0.0007865428924560547
0.0007696151733398438
0.0007805824279785156
0.0007767677307128906
0.0007846355438232422
0.000774383544921875
0.0007827281951904297
0.0009047985076904297
0.0009150505065917969
0.0010635852813720703
0.0011484622955322266
0.0011510848999023438
0.0006120204925537109
0.0007050037384033203
0.0007426738739013672
0.0007178783416748047
0.0007572174072265625
0.0007393360137939453
0.0007410049438476562
0.0007257461547851562
0.0007371902465820312
0.0007460117340087891
0.0007307529449462891
0.0006577968597412109
0.0006134510040283203
0.0007696151733398438
0.0009629726409912109
0.0007307529449462891
0.0007803440093994141
0.0007722377777099609
0.0007786750793457031
0.0007827281951904297
0.0007798671722412109
0.0007779598236083984
0.0007758140563964844
0.0007803440093994141
0.0007779598236083984
0.0007798671722412109
0.0007791519165039062
0.0007746219635009766
0.0007817745208740234
0.0007781982421875
0.0007703304290771484
0.0007870197296142578
0.0007748603820800781
0.0007767677307128906
0.0007765293121337891
0.0008685588836669922
0.0007803440093994141
0.0007834434509277344
0.0007734298706054688
0.0007863044738769531
0.000766754150390625
0.0007889270782470703
0.0007781982421875
0.0007832050323486328
0.0007789134979248047
0.0007777214050292969
0.0007777214050292969
0.0007810592651367188
0.0007784366607666016
0.0007822513580322266
0.0007765293121337891
0.0007796287536621094
0.0007772445678710938
0.0007796287536621094
0.0007793903350830078
0.0009043216705322266
0.0008723735809326172
0.0006263256072998047
0.0006392002105712891
0.0007469654083251953
0.0007612705230712891
0.00072479248046875
0.0007476806640625
0.0007631778717041016
0.0007638931274414062
0.0008084774017333984
0.0007767677307128906
0.0007596015930175781
0.0007832050323486328
0.0007650852203369141
0.0007617473602294922
0.0007045269012451172
0.0007777214050292969
0.0006306171417236328
0.0007777214050292969
0.0009677410125732422
0.00075531005859375
0.0007734298706054688
0.0007753372192382812
0.000782012939453125
0.0007734298706054688
0.0007791519165039062
0.0007808208465576172
0.0007808208465576172
0.0007758140563964844
0.0007755756378173828
0.0007827281951904297
0.0007748603820800781
0.0007810592651367188
0.0007777214050292969
0.0007712841033935547
0.00078582763671875
0.0007688999176025391
0.0007839202880859375
0.000774383544921875
0.0007865428924560547
0.0008673667907714844
0.0007736682891845703
0.0007784366607666016
0.0007853507995605469
0.0007796287536621094
0.0007700920104980469
0.0007810592651367188
0.0007793903350830078
0.0007767677307128906
0.0007824897766113281
0.0007829666137695312
0.0007803440093994141
0.0007753372192382812
0.0007798671722412109
0.0007829666137695312
0.0007791519165039062
0.0007817745208740234
0.0007808208465576172
0.0007781982421875
0.0007917881011962891
0.0008571147918701172
0.0006568431854248047
0.0006399154663085938
0.0006692409515380859
0.0007216930389404297
0.0007414817810058594
0.0007464885711669922
0.0007522106170654297
0.0007383823394775391
0.0007722377777099609
0.0007941722869873047
0.000759124755859375
0.0007717609405517578
0.0007491111755371094
0.0006952285766601562
0.000774383544921875
0.0007569789886474609
0.0008361339569091797
0.0006153583526611328
0.0009057521820068359
0.0007011890411376953
0.00070953369140625
0.0007855892181396484
0.0007753372192382812
0.0007767677307128906
0.0007781982421875
0.0007762908935546875
0.0007860660552978516
0.0007727146148681641
0.0007824897766113281
0.0007827281951904297
0.0012636184692382812
0.0008282661437988281
0.0007781982421875
0.0007762908935546875
0.0007798671722412109
0.0007715225219726562
0.0007789134979248047
0.00078582763671875
0.0007774829864501953
0.0007750988006591797
0.0008132457733154297
0.0007817745208740234
0.0007755756378173828
0.0007817745208740234
0.0007753372192382812
0.0007827281951904297
0.0007753372192382812
0.0007767677307128906
0.0007886886596679688
0.0007765293121337891
0.0007822513580322266
0.0007822513580322266
0.0007712841033935547
0.0007808208465576172
0.0007779598236083984
0.0007810592651367188
0.0007717609405517578
0.0007777214050292969
0.0007772445678710938