0.0008792877197265625
0.0028228759765625
0.002576112747192383
0.0025942325592041016
0.0026187896728515625
0.002579212188720703
0.0025899410247802734
0.002590179443359375
0.002583026885986328
0.0025987625122070312
0.002592325210571289
0.0025758743286132812
0.002588033676147461
0.0025856494903564453
0.0025975704193115234
0.002574443817138672
0.0025794506072998047
0.0026216506958007812
0.0025446414947509766
0.002508878707885742
0.0025777816772460938
0.0025882720947265625
0.0025682449340820312
0.0025663375854492188
0.0025861263275146484
0.0025985240936279297
0.0025606155395507812
0.0025670528411865234
0.0025653839111328125
0.0025267601013183594
0.0026242733001708984
0.0025517940521240234
0.0025305747985839844
0.002568960189819336
0.0025262832641601562
0.002606630325317383
0.0025815963745117188
0.0025665760040283203
0.002572774887084961
0.0025637149810791016
0.002524852752685547
0.002568483352661133
0.002569437026977539
0.0025892257690429688
0.0025594234466552734
0.0025370121002197266
0.002607107162475586
0.002583742141723633
0.0025472640991210938
0.0025942325592041016
0.0026023387908935547
0.002584695816040039
0.0025827884674072266
0.0025641918182373047
0.0025937557220458984
0.002579212188720703
0.002585887908935547
0.0025894641876220703
0.002616405487060547
0.0025665760040283203
0.002619028091430664
0.0025856494903564453
0.002593994140625
0.0025827884674072266
0.0025856494903564453
0.0025742053985595703
0.0025975704193115234
0.0025634765625
0.002569437026977539
0.0025970935821533203
0.002580881118774414
0.002584218978881836
0.0025954246520996094
0.0026116371154785156
0.002584695816040039
0.0025796890258789062
0.0025839805603027344
0.0025877952575683594
0.002561330795288086
0.0025396347045898438
0.0025882720947265625
0.002599954605102539
0.002611398696899414
0.002567291259765625
0.0025730133056640625
0.002568960189819336
0.002620220184326172
0.002608060836791992
0.002534627914428711
0.002619028091430664
0.0025446414947509766
0.0025551319122314453
0.0025615692138671875
0.002603292465209961
0.0025854110717773438
0.0026018619537353516
0.002575397491455078
0.0026111602783203125
0.0025472640991210938
0.002610921859741211
0.0025835037231445312
0.002590179443359375
0.0025777816772460938
0.0025882720947265625
0.002589702606201172
0.0026216506958007812
0.0026006698608398438
0.0025501251220703125
0.0026123523712158203
0.0025794506072998047
0.0025856494903564453
0.0025827884674072266
0.0025827884674072266
0.0025997161865234375
0.002573728561401367
0.0026094913482666016
0.002593994140625
0.002602815628051758
0.0025932788848876953
0.0025703907012939453
0.002589702606201172
0.002616405487060547
0.002605438232421875
0.0025625228881835938
0.0025894641876220703
0.002584695816040039
0.0026226043701171875
0.0025866031646728516
0.002574443817138672
0.0025751590728759766
0.00260162353515625
0.001556396484375
0.0008108615875244141
0.0006432533264160156
0.0008478164672851562
0.00064849853515625
0.0008091926574707031
0.0029191970825195312
0.0025894641876220703
0.0025827884674072266
0.002603292465209961
0.002558469772338867
0.0026061534881591797
0.002584218978881836
0.0025796890258789062
0.002580881118774414
0.0026085376739501953
0.0025582313537597656
0.0025887489318847656
0.0025718212127685547
0.0025932788848876953
0.002610445022583008
0.002573251724243164
0.0025703907012939453
0.0025556087493896484
0.002584695816040039
0.0026023387908935547
0.0025882720947265625
0.0026366710662841797
0.002493143081665039
0.002601146697998047
0.0025548934936523438
0.002609729766845703
0.002578258514404297
0.002614736557006836
0.002512693405151367
0.0025947093963623047
0.0025625228881835938
0.002597808837890625
0.0025856494903564453
0.002548694610595703
0.0025911331176757812
0.002595186233520508
0.002581357955932617
0.0025887489318847656
0.0025849342346191406
0.0026149749755859375
0.002570629119873047
0.002581357955932617
0.0025818347930908203
0.002605438232421875
0.002589702606201172
0.002572298049926758
0.002583026885986328
0.0025768280029296875
0.0025491714477539062
0.0025463104248046875
0.0025894641876220703
0.002574443817138672
0.002605438232421875
0.002549886703491211
0.0025756359100341797
0.0025827884674072266
0.0025815963745117188
0.002569437026977539
0.0025854110717773438
0.002583026885986328
0.0025892257690429688
0.0026285648345947266
0.0025522708892822266
0.0025827884674072266
0.0025763511657714844
0.002612590789794922
0.002554655075073242
0.0025823116302490234
0.002627849578857422
0.002536773681640625
0.0025632381439208984
0.002605915069580078
0.0025970935821533203
0.0025949478149414062
0.0025787353515625
0.0025894641876220703
0.002577066421508789
0.0025789737701416016
0.002592325210571289
0.002579212188720703
0.002580881118774414
0.0026061534881591797
0.0026276111602783203
0.0025446414947509766
0.0025565624237060547
0.0026030540466308594
0.0025832653045654297
0.002607107162475586
0.0026123523712158203
0.002579927444458008
0.002560853958129883
0.0025777816772460938
0.0025882720947265625
0.0025806427001953125
0.0026073455810546875
0.002584695816040039
0.0025835037231445312
0.002587556838989258
0.0025877952575683594
0.0025784969329833984
0.0025691986083984375
0.002606630325317383
0.0025832653045654297
0.0025997161865234375
0.0025620460510253906
0.0025963783264160156
0.002549886703491211
0.0025739669799804688
0.0025892257690429688
0.002584218978881836
0.0025987625122070312
0.0025663375854492188
0.0026009082794189453
0.0025849342346191406
0.0025529861450195312
0.002607107162475586
0.002629995346069336
0.0025653839111328125
0.002610445022583008
0.0025894641876220703
0.0025682449340820312
0.002582073211669922
0.002644777297973633
0.0025453567504882812
0.0025892257690429688
0.002576589584350586
0.002598285675048828
0.002567291259765625
0.0026144981384277344
0.002560853958129883
0.002582550048828125
0.002592325210571289
0.0025892257690429688
0.0025916099548339844
0.0025899410247802734
0.0025725364685058594
0.0026140213012695312
0.002549409866333008
0.0026073455810546875
0.002559661865234375
0.0025942325592041016
0.002599477767944336
0.0025870800018310547
0.002579927444458008
0.002592802047729492
0.0025801658630371094
0.002581357955932617
0.002592802047729492
0.0025877952575683594
0.0025784969329833984
0.0025815963745117188
0.002589702606201172
0.002596616744995117
0.002571582794189453
0.0025794506072998047
0.0025866031646728516
0.0025823116302490234
0.002599477767944336
0.002583026885986328
0.0025942325592041016
0.002582550048828125
0.002591371536254883
0.002608776092529297
0.0025818347930908203
0.0026166439056396484
0.0025746822357177734
0.002585172653198242
0.0025844573974609375
0.002588987350463867
0.0025746822357177734
0.0026209354400634766
0.0025653839111328125
0.002604961395263672
0.0025985240936279297
0.0025577545166015625
0.0026493072509765625
0.0025055408477783203
0.002602815628051758
0.0025892257690429688
0.0025911331176757812
0.002576589584350586
0.0025899410247802734
0.0025548934936523438
0.0026068687438964844
0.002590656280517578
0.002588033676147461
0.0025823116302490234
0.002603292465209961
0.002594470977783203
0.002572298049926758
0.0025930404663085938
0.0025801658630371094
0.0025916099548339844
0.002585172653198242
0.002585887908935547
0.002586841583251953
0.002583742141723633
0.0025768280029296875
0.002608060836791992
0.0025832653045654297
0.0025899410247802734
0.002591848373413086
0.002604961395263672
0.002603769302368164
0.002561807632446289
0.0025763511657714844
0.0025832653045654297
0.0025899410247802734
0.0025911331176757812
0.0025742053985595703
0.0025866031646728516
0.0025892257690429688
0.002578258514404297
0.0025691986083984375
0.0025861263275146484
0.0025861263275146484
0.002585887908935547
0.002548694610595703
0.0026099681854248047
0.002585172653198242
0.0025975704193115234
0.002576589584350586
0.0026092529296875
0.002592325210571289
0.0025811195373535156
0.0026121139526367188
0.0025832653045654297
0.002580881118774414
0.002592802047729492
0.0025784969329833984
0.0025835037231445312
0.002596139907836914
0.0026128292083740234
0.0025718212127685547
0.002575397491455078
0.0025925636291503906
0.002579212188720703
0.0025434494018554688
0.0025758743286132812
0.002558469772338867
0.0026209354400634766
0.0025513172149658203
0.0025811195373535156
0.002579927444458008
0.002590179443359375
0.002577066421508789
0.0025992393493652344
0.002583742141723633
0.0026078224182128906
0.0025801658630371094
0.0025768280029296875
0.002582550048828125
0.0026235580444335938
0.002538442611694336
0.002569913864135742
0.002580404281616211
0.002597808837890625
0.0025930404663085938
0.0025777816772460938
0.002582073211669922
0.0025854110717773438
0.0010266304016113281
0.0007214546203613281
0.0007472038269042969
0.0006465911865234375
0.0007681846618652344
0.003025054931640625
0.002583742141723633
0.002596616744995117
0.00260162353515625
0.002590179443359375
0.002596139907836914
0.002594470977783203
0.0025844573974609375
0.0025930404663085938
0.0025866031646728516
0.002587556838989258
0.0025839805603027344
0.002584695816040039
0.0025854110717773438
0.002586841583251953
0.002577066421508789
0.002586841583251953
0.0025730133056640625
0.0026078224182128906
0.0025937557220458984
0.0025796890258789062
0.0025870800018310547
0.0025823116302490234
0.002587556838989258
0.002599954605102539
0.0025873184204101562
0.002613067626953125
0.0025856494903564453
0.0025649070739746094
0.002584695816040039
0.0025513172149658203
0.0026063919067382812
0.0025827884674072266
0.0025882720947265625
0.002604961395263672
0.0025904178619384766
0.0025832653045654297
0.0025849342346191406
0.002588033676147461
0.0025818347930908203
0.0025899410247802734
0.0025665760040283203
0.002588510513305664
0.0025911331176757812
0.0025796890258789062
0.0025873184204101562
0.002583026885986328
0.0025949478149414062
0.002591848373413086
0.002599000930786133
0.0025832653045654297
0.0025734901428222656
0.002577066421508789
0.002588033676147461
0.0025823116302490234
0.002588033676147461
0.0025773048400878906
0.002604961395263672
0.002588510513305664
0.0025870800018310547
0.002591848373413086
0.002577543258666992
0.0025980472564697266
0.0025954246520996094
0.0025794506072998047
0.0025839805603027344
0.0026705265045166016
0.002456188201904297
0.0025758743286132812
0.0025949478149414062
0.002557992935180664
0.0025870800018310547
0.002606630325317383
0.002557516098022461
0.0025663375854492188
0.0025815963745117188
0.002574443817138672
0.0025866031646728516
0.0025899410247802734
0.0025794506072998047
0.002599954605102539
0.002593994140625
0.002602815628051758
0.002590656280517578
0.002592802047729492
0.0026144981384277344
0.002595186233520508
0.0025746822357177734
0.002601146697998047
0.002588510513305664
0.0025823116302490234
0.0025870800018310547
0.0025949478149414062
0.0026025772094726562
0.002575397491455078
0.0026044845581054688
0.0025861263275146484
0.0025908946990966797
0.0025892257690429688
0.0025818347930908203
0.0025947093963623047
0.0025861263275146484
0.00258636474609375
0.0025823116302490234
0.002591371536254883
0.0025849342346191406
0.0025887489318847656
0.0026085376739501953
0.0025856494903564453
0.0025959014892578125
0.002592802047729492
0.0025806427001953125
0.002609729766845703
0.002602100372314453
0.0025954246520996094
0.002595186233520508
0.0026035308837890625
0.0025975704193115234
0.0025730133056640625
0.0025794506072998047
0.0025949478149414062
0.002583026885986328
0.0025930404663085938
0.002585887908935547
0.0025827884674072266
0.002584218978881836
0.0025877952575683594
0.002583026885986328
0.002576112747192383
0.0025904178619384766
0.0016672611236572266
0.0011446475982666016
0.0008623600006103516
0.0008835792541503906
0.001142740249633789
0.0008485317230224609
0.0025937557220458984
0.0025758743286132812
0.0025911331176757812
0.002615213394165039
0.0025739669799804688
0.0025887489318847656
0.0025844573974609375
0.0026078224182128906
0.002589702606201172
0.002574443817138672
0.0025904178619384766
0.0025916099548339844
0.0025415420532226562
0.002590179443359375
0.0025789737701416016
0.0025582313537597656
0.002574443817138672
0.0026030540466308594
0.002557992935180664
0.0025730133056640625
0.002581357955932617
0.0026116371154785156
0.0025849342346191406
0.002583026885986328
0.002588987350463867
0.002610445022583008
0.002582073211669922
0.002584218978881836
0.0025866031646728516
0.0025832653045654297
0.0025796890258789062
0.00258636474609375
0.002596139907836914
0.0025815963745117188
0.0025894641876220703
0.0025789737701416016
0.002580404281616211
0.0025787353515625
0.0025823116302490234
0.0025680065155029297
0.0025856494903564453
0.0025849342346191406
0.0025854110717773438
0.0026092529296875
0.002579212188720703
0.0025866031646728516
0.0025861263275146484
0.002585172653198242
0.0025839805603027344
0.0025739669799804688
0.002591848373413086
0.002582073211669922
0.0025870800018310547
0.002593994140625
0.0025882720947265625
0.002583742141723633
0.0025854110717773438
0.002582073211669922
0.0025796890258789062
0.002585172653198242
0.0025866031646728516
0.002617359161376953
0.0025844573974609375
0.0025856494903564453
0.0025916099548339844
0.0025932788848876953
0.0025930404663085938
0.0025894641876220703
0.002597332000732422
0.002584695816040039
0.0025599002838134766
0.0025818347930908203
0.0026092529296875
0.0025942325592041016
0.0025796890258789062
0.002585172653198242
0.0025742053985595703
0.0025789737701416016
0.0025835037231445312
0.0025920867919921875
0.002583026885986328
0.002613067626953125
0.002591848373413086
0.0025818347930908203
0.0025823116302490234
0.002614259719848633
0.0025708675384521484
0.0025954246520996094
0.0026192665100097656
0.0025246143341064453
0.002573251724243164
0.0025968551635742188
0.0025544166564941406
0.0025894641876220703
0.002587556838989258
0.002556324005126953
0.002594470977783203
0.002590179443359375
0.002569437026977539
0.0025908946990966797
0.0026006698608398438
0.002615213394165039
0.0025932788848876953
0.002602815628051758
0.0025818347930908203
0.0025703907012939453
0.002587556838989258
0.0026092529296875
0.002584218978881836
0.002584695816040039
0.002582073211669922
0.0025963783264160156
0.0025849342346191406
0.0025565624237060547
0.0025904178619384766
0.0025815963745117188
0.002579927444458008
0.0025866031646728516
0.002550840377807617
0.0025849342346191406
0.0025777816772460938
0.0025856494903564453
0.0026068687438964844
0.0025854110717773438
0.0025930404663085938
0.0025904178619384766
0.0026030540466308594
0.0025856494903564453
0.0025854110717773438
0.002587556838989258
0.002585172653198242
0.0025832653045654297
0.002586841583251953
0.0025489330291748047
0.00258636474609375
0.0025839805603027344
0.0025708675384521484
0.002586841583251953
0.0025832653045654297
0.002579212188720703
0.0025937557220458984
0.0026082992553710938
0.0025887489318847656
0.0025742053985595703
0.002585172653198242
0.0025844573974609375
0.002608060836791992
0.0025894641876220703
0.0026085376739501953
0.002603769302368164
0.0025887489318847656
0.002584695816040039
0.002578258514404297
0.002577543258666992
0.0025823116302490234
0.0025839805603027344
0.00258636474609375
0.0026078224182128906
0.0025942325592041016
0.002579927444458008
0.0025854110717773438
0.002621173858642578
0.002603769302368164
0.0025827884674072266
0.0025861263275146484
0.002599477767944336
0.002531766891479492
0.0025773048400878906
0.002582550048828125
0.0025634765625
0.0025882720947265625
0.0025892257690429688
0.0025577545166015625
0.002577543258666992
0.002576112747192383
0.002578258514404297
0.0026144981384277344
0.0025959014892578125
0.002546072006225586
0.002598285675048828
0.0025980472564697266
0.0025703907012939453
0.002588033676147461
0.002543926239013672
0.0025784969329833984
0.002582550048828125
0.0025873184204101562
0.002602100372314453
0.0025801658630371094
0.0025777816772460938
0.002590656280517578
0.0025675296783447266
0.0025811195373535156
0.0025930404663085938
0.002595663070678711
0.0025849342346191406
0.0025691986083984375
0.002584218978881836
0.002571582794189453
0.002582073211669922
0.002579927444458008
0.0025899410247802734
0.002607107162475586
0.0025835037231445312
0.002580404281616211
0.0025870800018310547
0.002591371536254883
0.0025796890258789062
0.0025832653045654297
0.002588987350463867
0.0025861263275146484
0.0025637149810791016
0.0026400089263916016
0.0024733543395996094
0.0025925636291503906
0.002569437026977539
0.002591371536254883
0.002589702606201172
0.002613067626953125
0.00262451171875
0.002531766891479492
0.002590656280517578
0.0026006698608398438
0.0026123523712158203
0.002586841583251953
0.002604961395263672
0.002588987350463867
0.0025758743286132812
0.0025756359100341797
0.002580404281616211
0.002573251724243164
0.002587556838989258
0.002583026885986328
0.00260162353515625
0.0025925636291503906
0.0025801658630371094
0.002580881118774414
0.002609729766845703
0.002619504928588867
0.0025815963745117188
0.0026047229766845703
0.002588510513305664
0.0025832653045654297
0.0025386810302734375
0.0026061534881591797
0.0025746822357177734
0.0025703907012939453
0.0025763511657714844
0.002589702606201172
0.0025818347930908203
0.002578258514404297
0.00257110595703125
0.0025653839111328125
0.0025832653045654297
0.0025987625122070312
0.002583026885986328
0.0025632381439208984
0.002600431442260742
0.002595663070678711
0.002595186233520508
0.002597808837890625
0.0012421607971191406
0.0008382797241210938
0.0010395050048828125
0.002588987350463867
0.0025899410247802734
0.0025932788848876953
0.002597332000732422
0.0025856494903564453
0.0026090145111083984
0.002585172653198242
0.002597808837890625
0.0026178359985351562
0.0025949478149414062
0.002588033676147461
0.002579927444458008
0.0025787353515625
0.0025696754455566406
0.0025603771209716797
0.0025517940521240234
0.0025873184204101562
0.002572774887084961
0.0025784969329833984
0.0026085376739501953
0.002537250518798828
0.0025739669799804688
0.0025665760040283203
0.0025806427001953125
0.0025992393493652344
0.0025877952575683594
0.002600431442260742
0.0025930404663085938
0.0025734901428222656
0.0025877952575683594
0.0025963783264160156
0.0026133060455322266
0.002591371536254883
0.0025610923767089844
0.0026051998138427734
0.0025877952575683594
0.002553224563598633
0.0025870800018310547
0.002580881118774414
0.0025665760040283203
0.002580881118774414
0.00258636474609375
0.0025887489318847656
0.0025768280029296875
0.0025827884674072266
0.002584695816040039
0.002591848373413086
0.002588510513305664
0.002584218978881836
0.0026063919067382812
0.002585172653198242
0.002583742141723633
0.002586841583251953
0.002579212188720703
0.002541065216064453
0.0025908946990966797
0.002574920654296875
0.0026264190673828125
0.002523660659790039
0.0025696754455566406
0.0025892257690429688
0.0025632381439208984
0.002585887908935547
0.0026018619537353516
0.0025451183319091797
0.0025925636291503906
0.0025856494903564453
0.002581357955932617
0.0025796890258789062
0.0025873184204101562
0.0025908946990966797
0.0025801658630371094
0.0026068687438964844
0.0025823116302490234
0.0025818347930908203
0.0025916099548339844
0.002578258514404297
0.0025725364685058594
0.002603292465209961
0.0025827884674072266
0.002547740936279297
0.0025780200958251953
0.0026094913482666016
0.002587556838989258
0.002583742141723633
0.002610445022583008
0.002593994140625
0.002592325210571289
0.0025997161865234375
0.0025925636291503906
0.0025832653045654297
0.0025904178619384766
0.002606630325317383
0.002554178237915039
0.0025835037231445312
0.0025873184204101562
0.0025920867919921875
0.0025849342346191406
0.0025916099548339844
0.002587556838989258
0.00258636474609375
0.0025892257690429688
0.002583742141723633
0.002586841583251953
0.002589702606201172
0.0025932788848876953
0.002584695816040039
0.002605915069580078
0.0025856494903564453
0.002607107162475586
0.002579927444458008
0.0025849342346191406
0.002588033676147461
0.002596139907836914
0.0025949478149414062
0.002593517303466797
0.0026023387908935547
0.0025949478149414062
0.0025680065155029297
0.0025746822357177734
0.002574920654296875
0.0025968551635742188
0.0025839805603027344
0.0025894641876220703
0.0025916099548339844
0.0025763511657714844
0.002591848373413086
0.0025870800018310547
0.002589702606201172
0.0025861263275146484
0.0016558170318603516
0.0007925033569335938
0.0006160736083984375
0.0006153583526611328
0.0006172657012939453
0.0006058216094970703
0.0009312629699707031
0.002900362014770508
0.002585887908935547
0.0026178359985351562
0.002536773681640625
0.002585172653198242
0.002573728561401367
0.002587556838989258
0.002599000930786133
0.0025930404663085938
0.002552509307861328
0.0025768280029296875
0.0025811195373535156
0.002580881118774414
0.002588510513305664
0.0025894641876220703
0.0026044845581054688
0.002589702606201172
0.0025482177734375
0.0025854110717773438
0.002572298049926758
0.0025877952575683594
0.002604961395263672
0.002573728561401367
0.0025835037231445312
0.0025827884674072266
0.002604961395263672
0.0025773048400878906
0.0025806427001953125
0.0025894641876220703
0.0025739669799804688
0.002588033676147461
0.0025866031646728516
0.0026009082794189453
0.0025746822357177734
0.0025899410247802734
0.002590179443359375
0.002588987350463867
0.0025856494903564453
0.002580404281616211
0.0025742053985595703
0.0025887489318847656
0.002583742141723633
0.0025882720947265625
0.002610921859741211
0.0025854110717773438
0.002580404281616211
0.0025911331176757812
0.002589702606201172
0.0025832653045654297
0.0025823116302490234
0.0025937557220458984
0.0025892257690429688
0.002585172653198242
0.0025491714477539062
0.002588987350463867
0.002580881118774414
0.002582073211669922
0.0025773048400878906
0.002584695816040039
0.0025758743286132812