0.001680135726928711
0.0014350414276123047
0.0008628368377685547
0.0008368492126464844
0.0008466243743896484
0.0008389949798583984
0.0008370876312255859
0.0008373260498046875
0.0008447170257568359
0.0008382797241210938
0.0008385181427001953
0.0008411407470703125
0.0008437633514404297
0.0008351802825927734
0.0008392333984375
0.0008418560028076172
0.0008356571197509766
0.0008416175842285156
0.0008409023284912109
0.0008418560028076172
0.0008444786071777344
0.0008366107940673828
0.0008327960968017578
0.0008394718170166016
0.0008606910705566406
0.0008409023284912109
0.0008394718170166016
0.0008339881896972656
0.0008406639099121094
0.0008389949798583984
0.000843048095703125
0.0008394718170166016
0.0008406639099121094
0.0008380413055419922
0.0008416175842285156
0.0008413791656494141
0.0008387565612792969
0.0008270740509033203
0.0008554458618164062
0.0008308887481689453
0.0008380413055419922
0.0008447170257568359
0.0008399486541748047
0.0008366107940673828
0.0008409023284912109
0.0008428096771240234
0.0008487701416015625
0.0008385181427001953
0.0008184909820556641
0.0008594989776611328
0.0008490085601806641
0.0008356571197509766
0.0008449554443359375
0.0008325576782226562
0.0008459091186523438
0.0008254051208496094
0.0008382797241210938
0.0008535385131835938
0.0008420944213867188
0.0008180141448974609
0.000865936279296875
0.0008466243743896484
0.0008318424224853516
0.000843048095703125
0.0008459091186523438
0.0008084774017333984
0.0008747577667236328
0.0008363723754882812
0.0008494853973388672
0.0008380413055419922
0.0008335113525390625
0.0008475780487060547
0.0008447170257568359
0.0008380413055419922
0.0008442401885986328
0.0008313655853271484
0.0008389949798583984
0.0008444786071777344
0.0008466243743896484
0.0008373260498046875
0.0008525848388671875
0.0008349418640136719
0.0008435249328613281
0.0008435249328613281
0.0008337497711181641
0.0008480548858642578
0.0008368492126464844
0.0008337497711181641
0.0008389949798583984
0.000843048095703125
0.0008366107940673828
0.0008432865142822266
0.0008437633514404297
0.0008497238159179688
0.0008394718170166016
0.00083160400390625
0.0008249282836914062
0.0008585453033447266
0.0008502006530761719
0.0008282661437988281
0.0008418560028076172
0.0008225440979003906
0.0008625984191894531
0.0008454322814941406
0.0008404254913330078
0.0008456707000732422
0.0008206367492675781
0.0008549690246582031
0.0008513927459716797
0.0008409023284912109
0.0008399486541748047
0.0008411407470703125
0.0008349418640136719
0.0008428096771240234
0.0008451938629150391
0.0008337497711181641
0.0008447170257568359
0.0008440017700195312
0.0008399486541748047
0.0008227825164794922
0.0008616447448730469
0.0008463859558105469
0.0008327960968017578
0.0008411407470703125
0.0008542537689208984
0.0008211135864257812
0.0008451938629150391
0.0008609294891357422
0.0008397102355957031
0.0008394718170166016
0.0008509159088134766
0.0008339881896972656
0.0008404254913330078
0.0008444786071777344
0.0008380413055419922
0.0008108615875244141
0.0008442401885986328
0.0008597373962402344
0.0008380413055419922
0.0008227825164794922
0.0008394718170166016
0.0008654594421386719
0.0008418560028076172
0.0008172988891601562
0.0008461475372314453
0.0008466243743896484
0.0008642673492431641
0.0008432865142822266
0.0008599758148193359
0.0008392333984375
0.0008225440979003906
0.0008425712585449219
0.0008370876312255859
0.0008714199066162109
0.000843048095703125
0.0008192062377929688
0.0008580684661865234
0.0008358955383300781
0.0008411407470703125
0.000820159912109375
0.0008647441864013672
0.0008158683776855469
0.0008602142333984375
0.0008385181427001953
0.0008435249328613281
0.0008351802825927734
0.0008490085601806641
0.0008153915405273438
0.0008633136749267578
0.0008244514465332031
0.0008525848388671875
0.0008237361907958984
0.0008518695831298828
0.0008525848388671875
0.0008382797241210938
0.0008249282836914062
0.0008387565612792969
0.0008535385131835938
0.0008459091186523438
0.0008330345153808594
0.0008449554443359375
0.0008449554443359375
0.0008158683776855469
0.0008609294891357422
0.0008394718170166016
0.0008208751678466797
0.0008628368377685547
0.0008270740509033203
0.0008411407470703125
0.0008544921875
0.0008187294006347656
0.0008606910705566406
0.0008192062377929688
0.0008730888366699219
0.0008265972137451172
0.0008645057678222656
0.0008220672607421875
0.00086212158203125
0.0008256435394287109
0.0008568763732910156
0.0008268356323242188
0.0008521080017089844
0.0008194446563720703
0.0008413791656494141
0.0008380413055419922
0.0008451938629150391
0.0008435249328613281
0.0008409023284912109
0.0008385181427001953
0.0008387565612792969
0.0008502006530761719
0.0008673667907714844
0.0008184909820556641
0.0008370876312255859
0.0008497238159179688
0.0008361339569091797
0.0008587837219238281
0.0008256435394287109
0.0008344650268554688
0.0008451938629150391
0.0008382797241210938
0.00084686279296875
0.0008347034454345703
0.0008420944213867188
0.0008456707000732422
0.0008406639099121094
0.0008647441864013672
0.0008242130279541016
0.0008373260498046875
0.0008585453033447266
0.0008208751678466797
0.0008327960968017578
0.0014281272888183594
0.0008869171142578125
0.0008649826049804688
0.0008096694946289062
0.0008373260498046875
0.0008454322814941406
0.0008420944213867188
0.000865936279296875
0.0008180141448974609
0.0008397102355957031
0.0008444786071777344
0.0008461475372314453
0.0008397102355957031
0.0008416175842285156
0.0008451938629150391
0.0008378028869628906
0.0008361339569091797
0.0008409023284912109
0.0008485317230224609
0.0008373260498046875
0.0008323192596435547
0.0008461475372314453
0.0008611679077148438
0.0008215904235839844
0.0008387565612792969
0.0008463859558105469
0.0008394718170166016
0.0008478164672851562
0.001149892807006836
0.0008425712585449219
0.0008437633514404297
0.0008370876312255859
0.0008080005645751953
0.0008075237274169922
0.0009245872497558594
0.0015535354614257812
0.0009791851043701172
0.0009748935699462891
0.0009543895721435547
0.0008444786071777344
0.0008401870727539062
0.0008566379547119141
0.0008234977722167969
0.0008385181427001953
0.0008423328399658203
0.0008404254913330078
0.0008375644683837891
0.0008435249328613281
0.0008387565612792969
0.0008406639099121094
0.0008382797241210938
0.0008480548858642578
0.0008668899536132812
0.0008223056793212891
0.0008440017700195312
0.0008358955383300781
0.0008366107940673828
0.0008413791656494141
0.0008642673492431641
0.0008165836334228516
0.0008387565612792969
0.0008435249328613281
0.0008630752563476562
0.0008223056793212891
0.0008335113525390625
0.0008368492126464844
0.000865936279296875
0.0008203983306884766
0.0008599758148193359
0.0008261203765869141
0.0008361339569091797
0.0008378028869628906
0.0008575916290283203
0.0008249282836914062
0.0008337497711181641
0.0008580684661865234
0.0008246898651123047
0.0008342266082763672
0.0008373260498046875
0.0008463859558105469
0.0008306503295898438
0.0008473396301269531
0.0008406639099121094
0.0008378028869628906
0.0008463859558105469
0.0008528232574462891
0.0008378028869628906
0.0008330345153808594
0.0008599758148193359
0.0008254051208496094
0.0008561611175537109
0.0008435249328613281
0.0008625984191894531
0.0008134841918945312
0.0008459091186523438
0.0008349418640136719
0.0008585453033447266
0.0008215904235839844
0.0008428096771240234
0.0008363723754882812
0.0008413791656494141
0.0008332729339599609
0.0008339881896972656
0.0008411407470703125
0.0008411407470703125
0.0008413791656494141
0.0008356571197509766
0.0008459091186523438
0.0008332729339599609
0.0008616447448730469
0.0008230209350585938
0.0008347034454345703
0.0008416175842285156
0.0008387565612792969
0.0008406639099121094
0.0008428096771240234
0.0008361339569091797
0.0008378028869628906
0.0008473396301269531
0.0008392333984375
0.0008540153503417969
0.0008382797241210938
0.0008392333984375
0.0008678436279296875
0.0008099079132080078
0.0008435249328613281
0.0008475780487060547
0.0008373260498046875
0.000843048095703125
0.0008397102355957031
0.0008404254913330078
0.0008442401885986328
0.0008394718170166016
0.0008413791656494141
0.0008399486541748047
0.0008344650268554688
0.0008401870727539062
0.0008447170257568359
0.0008420944213867188
0.0008392333984375
0.0008444786071777344
0.0008394718170166016
0.0008475780487060547
0.0008380413055419922
0.0008397102355957031
0.0008494853973388672
0.0008444786071777344
0.0008394718170166016
0.0008528232574462891
0.0008547306060791016
0.0008323192596435547
0.0008454322814941406
0.0008418560028076172
0.0008487701416015625
0.0008387565612792969
0.0008373260498046875
0.0008406639099121094
0.0008423328399658203
0.000843048095703125
0.0008380413055419922
0.0008628368377685547
0.0008184909820556641
0.0008428096771240234
0.0008373260498046875
0.0008440017700195312
0.0006847381591796875
0.0006160736083984375
0.0007536411285400391
0.0008392333984375
0.0008418560028076172
0.0008392333984375
0.0008423328399658203
0.0008380413055419922
0.0008454322814941406
0.0008471012115478516
0.0008473396301269531
0.0008614063262939453
0.0008144378662109375
0.0008423328399658203
0.0008380413055419922
0.0008451938629150391
0.0008387565612792969
0.0008463859558105469
0.0008351802825927734
0.0008461475372314453
0.0008461475372314453
0.0008394718170166016
0.0008611679077148438
0.0008127689361572266
0.0008447170257568359
0.0008378028869628906
0.0008392333984375
0.0008378028869628906
0.0008459091186523438
0.0008370876312255859
0.0008482933044433594
0.0008401870727539062
0.000843048095703125
0.0008375644683837891
0.000850677490234375
0.0008356571197509766
0.0008478164672851562
0.0008404254913330078
0.0008401870727539062
0.0008361339569091797
0.0008366107940673828
0.0008678436279296875
0.0008177757263183594
0.0008366107940673828
0.0008389949798583984
0.0008692741394042969
0.0008115768432617188
0.0008444786071777344
0.0008344650268554688
0.0008623600006103516
0.0008192062377929688
0.0008418560028076172
0.0008394718170166016
0.000850677490234375
0.000843048095703125
0.0008556842803955078
0.0008318424224853516
0.0008618831634521484
0.0008220672607421875
0.0008673667907714844
0.00081634521484375
0.0008401870727539062
0.0008428096771240234
0.0008373260498046875
0.0008466243743896484
0.0008416175842285156
0.0011556148529052734
0.0008876323699951172
0.0008373260498046875
0.0008368492126464844
0.0008382797241210938
0.0008425712585449219
0.0008394718170166016
0.0008423328399658203
0.0008525848388671875
0.0008318424224853516
0.0008480548858642578
0.0008378028869628906
0.0008416175842285156
0.0008318424224853516
0.0008497238159179688
0.0008413791656494141
0.0008385181427001953
0.0008404254913330078
0.0008447170257568359
0.0008492469787597656
0.0008409023284912109
0.0008454322814941406
0.0008432865142822266
0.0008406639099121094
0.0008420944213867188
0.0008440017700195312
0.0008416175842285156
0.0008482933044433594
0.0008420944213867188
0.0008356571197509766
0.0008463859558105469
0.0008420944213867188
0.0008404254913330078
0.0008356571197509766
0.0008440017700195312
0.0008442401885986328
0.0008387565612792969
0.0008463859558105469
0.0008370876312255859
0.0008449554443359375
0.0008397102355957031
0.0008389949798583984
0.0008349418640136719
0.0008449554443359375
0.0008416175842285156
0.0008389949798583984
0.0008370876312255859
0.0008459091186523438
0.0008363723754882812
0.000835418701171875
0.0008432865142822266
0.0008387565612792969
0.0008406639099121094
0.0008442401885986328
0.0008411407470703125
0.0008299350738525391
0.0008399486541748047
0.0008416175842285156
0.0008347034454345703
0.0008351802825927734
0.0008387565612792969
0.0008471012115478516
0.0008404254913330078
0.0008401870727539062
0.0008413791656494141
0.0008380413055419922
0.0008442401885986328
0.0008473396301269531
0.0008358955383300781
0.0008380413055419922
0.0008411407470703125
0.0008525848388671875
0.0008459091186523438
0.0008385181427001953
0.0008404254913330078
0.0008399486541748047
0.0008394718170166016
0.0008394718170166016
0.0008447170257568359
0.0008401870727539062
0.0008437633514404297
0.0008385181427001953
0.0008442401885986328
0.0008420944213867188
0.0008490085601806641
0.0008339881896972656
0.0008442401885986328
0.0008389949798583984
0.0008363723754882812
0.0008411407470703125
0.0008411407470703125
0.0008413791656494141
0.0008432865142822266
0.000843048095703125
0.0008406639099121094
0.0008473396301269531
0.0008432865142822266
0.0008382797241210938
0.0008499622344970703
0.0008416175842285156
0.0008389949798583984
0.0008394718170166016
0.0008392333984375
0.0008349418640136719
0.0008473396301269531
0.0008392333984375
0.0008451938629150391
0.0008363723754882812
0.0008397102355957031
0.0008475780487060547
0.0008425712585449219
0.0008373260498046875
0.0008480548858642578
0.0008463859558105469
0.0008432865142822266
0.0008423328399658203
0.0008413791656494141
0.0008413791656494141
0.0008404254913330078
0.0008480548858642578
0.0008318424224853516
0.0008428096771240234
0.000835418701171875
0.0008385181427001953
0.0008442401885986328
0.0008342266082763672
0.0008442401885986328
0.0008420944213867188
0.0008530616760253906
0.0008416175842285156
0.0008387565612792969
0.0008411407470703125
0.0008451938629150391
0.0008332729339599609
0.0008540153503417969
0.0008368492126464844
0.0008380413055419922
0.0008406639099121094
0.0008416175842285156
0.0008420944213867188
0.0008392333984375
0.0008401870727539062
0.0008473396301269531
0.0008394718170166016
0.0008447170257568359
0.0008389949798583984
0.0008397102355957031
0.000843048095703125
0.0008442401885986328
0.0008337497711181641
0.0008454322814941406
0.0008404254913330078
0.0008418560028076172
0.0008339881896972656
0.0008451938629150391
0.0008385181427001953
0.0008423328399658203
0.0008461475372314453
0.0008366107940673828
0.0008409023284912109
0.0008425712585449219
0.0008375644683837891
0.0008492469787597656
0.0008413791656494141
0.0008406639099121094
0.0008380413055419922
0.0008411407470703125
0.0008466243743896484
0.0008347034454345703
0.000843048095703125
0.0008361339569091797
0.0008463859558105469
0.0008404254913330078
0.0008411407470703125
0.0008375644683837891
0.0008471012115478516
0.0008349418640136719
0.0008385181427001953
0.0008461475372314453
0.0008449554443359375
0.0008335113525390625
0.0008487701416015625
0.0008351802825927734
0.0008478164672851562
0.0008385181427001953
0.0008432865142822266
0.0008385181427001953
0.0008435249328613281
0.0008459091186523438
0.0008344650268554688
0.00084686279296875
0.0008425712585449219
0.0008366107940673828
0.0008471012115478516
0.0008361339569091797
0.0008478164672851562
0.0008358955383300781
0.0008454322814941406
0.0008473396301269531
0.0008389949798583984
0.0008366107940673828
0.0008368492126464844
0.0008447170257568359
0.0008437633514404297
0.0008404254913330078
0.0008370876312255859
0.0008456707000732422
0.0008327960968017578
0.0008368492126464844
0.0008423328399658203
0.0008380413055419922
0.0008485317230224609
0.0008349418640136719
0.0008652210235595703
0.0008237361907958984
0.0008370876312255859
0.0008473396301269531
0.0008387565612792969
0.0008366107940673828
0.0008356571197509766
0.0008461475372314453
0.0008418560028076172
0.000843048095703125
0.0008423328399658203
0.0008382797241210938
0.0008425712585449219
0.0008482933044433594
0.0008442401885986328
0.0008404254913330078
0.0008280277252197266
0.0008449554443359375
0.0008437633514404297
0.001256704330444336
0.000873565673828125
0.0008416175842285156
0.0008425712585449219
0.0008389949798583984
0.0008420944213867188
0.0008399486541748047
0.0008420944213867188
0.0008442401885986328
0.0008373260498046875
0.0008459091186523438
0.0008363723754882812
0.0008420944213867188
0.0008399486541748047
0.0008397102355957031
0.0008485317230224609
0.0008337497711181641
0.0008409023284912109
0.0008456707000732422
0.0008428096771240234
0.0008337497711181641
0.0008447170257568359
0.0008358955383300781
0.0008485317230224609
0.0008347034454345703
0.0008413791656494141
0.0008409023284912109
0.0008411407470703125
0.0008382797241210938
0.0008521080017089844
0.0008296966552734375
0.0008475780487060547
0.000843048095703125
0.0008380413055419922
0.0008478164672851562
0.0008418560028076172
0.0008473396301269531
0.0008401870727539062
0.0008392333984375
0.0008397102355957031
0.0008435249328613281
0.0008411407470703125
0.0008425712585449219
0.0008416175842285156
0.0008420944213867188
0.0008411407470703125
0.0008451938629150391
0.0008375644683837891
0.0008387565612792969
0.0008406639099121094
0.0008485317230224609
0.00083160400390625
0.0008425712585449219
0.0008394718170166016
0.0008480548858642578
0.0008289813995361328
0.0008416175842285156
0.0008344650268554688
0.0008454322814941406
0.0008525848388671875
0.0008413791656494141
0.0008406639099121094
0.0008392333984375
0.0008432865142822266
0.0008385181427001953
0.0008394718170166016
0.0008537769317626953
0.0008320808410644531
0.0008420944213867188
0.0008404254913330078
0.0008397102355957031
0.0008463859558105469
0.0008323192596435547
0.0008389949798583984
0.0008456707000732422
0.0008473396301269531
0.0008440017700195312
0.0008332729339599609
0.0008425712585449219
0.0008425712585449219
0.0008349418640136719
0.0008363723754882812
0.0008494853973388672
0.0008397102355957031
0.0008401870727539062
0.0008363723754882812
0.0008420944213867188
0.0008411407470703125
0.0008440017700195312
0.0008571147918701172
0.0008413791656494141
0.0008389949798583984
0.0008444786071777344
0.0008378028869628906
0.0008485317230224609
0.0008471012115478516
0.000835418701171875
0.0008370876312255859
0.00084686279296875
0.0008625984191894531
0.0008177757263183594
0.0008330345153808594
0.0008406639099121094
0.0008471012115478516
0.0008294582366943359
0.00084686279296875
0.0008370876312255859
0.0008435249328613281
0.0008387565612792969
0.0008432865142822266
0.0008399486541748047
0.0008437633514404297
0.0008351802825927734
0.0008440017700195312
0.0008456707000732422
0.0008428096771240234
0.0008392333984375
0.0008423328399658203
0.0008335113525390625
0.0008492469787597656
0.0008394718170166016
0.0008375644683837891
0.0008442401885986328
0.0008401870727539062
0.0008466243743896484
0.0008358955383300781
0.0008413791656494141
0.0008456707000732422
0.0008347034454345703
0.0008401870727539062
0.0008444786071777344
0.0008454322814941406
0.0008404254913330078
0.0008339881896972656
0.0008466243743896484
0.0008420944213867188
0.0008397102355957031
0.0008399486541748047
0.0008409023284912109
0.0008418560028076172
0.0008389949798583984
0.0008258819580078125
0.0008418560028076172
0.00084686279296875
0.0008630752563476562
0.0008170604705810547
0.0008420944213867188
0.000843048095703125
0.0008413791656494141
0.0008342266082763672
0.0008375644683837891
0.0008399486541748047
0.0008442401885986328
0.0008401870727539062
0.0008440017700195312
0.0008363723754882812
0.0008420944213867188
0.0008411407470703125
0.0008406639099121094
0.0008454322814941406
0.0008342266082763672
0.0008401870727539062
0.0008399486541748047
0.0008447170257568359
0.000843048095703125
0.0008418560028076172
0.0008330345153808594
0.0008404254913330078
0.0008375644683837891
0.0008451938629150391
0.0008423328399658203
0.0008409023284912109
0.0008342266082763672
0.0008389949798583984
0.0008492469787597656
0.0008387565612792969
0.0008461475372314453
0.0008375644683837891
0.0008356571197509766
0.0008440017700195312
0.0008454322814941406
0.0008428096771240234
0.0008499622344970703
0.0008409023284912109
0.001241922378540039
0.0009002685546875
0.0008456707000732422
0.0008392333984375
0.000835418701171875
0.0008404254913330078
0.0008482933044433594
0.0008335113525390625
0.0008389949798583984
0.0011706352233886719
0.0009086132049560547
0.0008337497711181641
0.0008454322814941406
0.0008351802825927734
0.0008454322814941406
0.0008411407470703125
0.0008397102355957031
0.0008366107940673828
0.0008435249328613281
0.0008401870727539062
0.0008397102355957031
0.0008375644683837891
0.0008447170257568359
0.0008428096771240234
0.0008487701416015625
0.0008387565612792969
0.0008420944213867188
0.0008478164672851562
0.0008361339569091797
0.0008358955383300781
0.0008454322814941406
0.0008466243743896484
0.0008378028869628906
0.0008418560028076172
0.0008397102355957031
0.00084686279296875
0.0008420944213867188
0.0008504390716552734
0.0012216567993164062
0.0008623600006103516
0.0008425712585449219
0.0008375644683837891
0.000835418701171875
0.0008375644683837891
0.0008432865142822266
0.0008368492126464844
0.0008387565612792969
0.0011599063873291016
0.000873565673828125
0.0008375644683837891
0.0008525848388671875
0.0008656978607177734
0.0008997917175292969
0.0008766651153564453
0.0008718967437744141
0.000881195068359375
0.0008697509765625
0.0008697509765625
0.0008664131164550781
0.0008740425109863281
0.0008661746978759766
0.0008699893951416016
0.0008728504180908203
0.0008623600006103516
0.0008695125579833984
0.0008766651153564453
0.0008728504180908203
0.0008890628814697266
0.0008804798126220703
0.0008652210235595703
0.0008702278137207031
0.0008771419525146484
0.0008702278137207031
0.0008637905120849609
0.0008790493011474609
0.0008761882781982422
0.0008664131164550781
0.0008606910705566406
0.0008637905120849609
0.0008730888366699219
0.0008769035339355469
0.0008711814880371094
0.0011889934539794922
0.0011951923370361328
0.0008778572082519531
0.0008673667907714844
0.0008747577667236328
0.0009076595306396484
0.0008685588836669922
0.0008869171142578125
0.0008697509765625
0.0008697509765625
0.0008764266967773438
0.0008790493011474609
0.0008769035339355469
0.0008361339569091797
0.0008368492126464844
0.0008404254913330078
0.0008370876312255859
0.0008378028869628906
0.0008413791656494141
0.0008330345153808594
0.0008401870727539062
0.0008654594421386719
0.0008764266967773438
0.0008797645568847656
0.0008807182312011719
0.0008859634399414062
0.00087738037109375
0.0008852481842041016
0.000885009765625
0.00087738037109375
0.0008828639984130859
0.0008881092071533203
0.0012035369873046875
0.0008997917175292969
0.0008864402770996094
0.0008733272552490234
0.0008516311645507812
0.0008444786071777344
0.0008409023284912109