0.001008749008178711
0.002542734146118164
0.0011851787567138672
0.0010955333709716797
0.001116037368774414
0.0012218952178955078
0.0011749267578125
0.001088857650756836
0.0010905265808105469
0.0010492801666259766
0.0011990070343017578
0.0010194778442382812
0.0012121200561523438
0.0
0.0
0.0
0.0
0.0
0.0
0.0
0.0
0.0
0.0
0.0
0.0
0.0
0.015651464462280273
0.0011243820190429688
0.0010671615600585938
0.0010945796966552734
0.0012578964233398438
0.0011301040649414062
0.0011205673217773438
0.0010378360748291016
0.0010037422180175781
0.0011582374572753906
0.001003265380859375
0.0010921955108642578
0.0010037422180175781
0.0010402202606201172
0.0011343955993652344
0.0010609626770019531
0.0010406970977783203
0.0010008811950683594
0.0011587142944335938
0.0013866424560546875
0.0012886524200439453
0.0023691654205322266
0.0012459754943847656
0.0010099411010742188
0.002062559127807617
0.0
0.001117706298828125
0.0013244152069091797
0.002015352249145508
0.0
0.0010731220245361328
0.001001596450805664
0.001003265380859375
0.0
0.001001596450805664
0.0010137557983398438
0.0010097026824951172
0.0010094642639160156
0.0010249614715576172
0.001027822494506836
0.0010099411010742188
0.0012357234954833984
0.0010023117065429688
0.0010638236999511719
0.0010986328125
0.0011355876922607422
0.002459287643432617
0.0
0.0014634132385253906
0.001123666763305664
0.0011699199676513672
0.002213001251220703
0.0012481212615966797
0.0010020732879638672
0.0009999275207519531
0.0009999275207519531
0.0009999275207519531
0.0010004043579101562
0.00099945068359375
0.0010001659393310547
0.0009999275207519531
0.0009999275207519531
0.0009999275207519531
0.0009999275207519531
0.0010004043579101562
0.0009999275207519531
0.0009999275207519531
0.0010001659393310547
0.0009999275207519531
0.0011141300201416016
0.0010156631469726562
0.0012674331665039062
0.0011289119720458984
0.0011415481567382812
0.0
0.0
0.0
0.0
0.0
0.0
0.0
0.0
0.0
0.0
0.0
0.0
0.0
0.016002893447875977
0.001210927963256836
0.0010035037994384766
0.002172708511352539
0.0010390281677246094
0.0012187957763671875
0.0011591911315917969
0.0010485649108886719
0.0010352134704589844
0.0
0.001491546630859375
0.0011146068572998047
0.0010819435119628906
0.0010673999786376953
0.0011012554168701172
0.0013396739959716797
0.0012230873107910156
0.0012578964233398438
0.0010118484497070312
0.0014290809631347656
0.0010557174682617188
0.0014350414276123047
0.00128173828125
0.0010390281677246094
0.0010559558868408203
0.0012316703796386719
0.0021581649780273438
0.0012354850769042969
0.0010569095611572266
0.0013742446899414062
0.00099945068359375
0.0026171207427978516
0.001054525375366211
0.0010077953338623047
0.0020520687103271484
0.0010175704956054688
0.001041412353515625
0.0020761489868164062
0.0013432502746582031
0.0010030269622802734
0.0010020732879638672
0.002389669418334961
0.002020120620727539
0.0010085105895996094
0.0022220611572265625
0.0010001659393310547
0.0009999275207519531
0.002285003662109375
0.0012316703796386719
0.0020148754119873047
0.002020597457885742
0.002781391143798828
0.0010433197021484375
0.0010797977447509766
0.002552509307861328
0.0010535717010498047
0.0010151863098144531
0.0024356842041015625
0.0024788379669189453
0.001165628433227539
0.0010056495666503906
0.001466989517211914
0.0010135173797607422
0.0010035037994384766
0.0010042190551757812
0.001003265380859375
0.0009999275207519531
0.001283407211303711
0.0022144317626953125
0.0010199546813964844
0.0010004043579101562
0.0021729469299316406
0.001119852066040039
0.0009996891021728516
0.002007007598876953
0.0010027885437011719
0.0010030269622802734
0.0012094974517822266
0.0020852088928222656
0.0011816024780273438
0.0010042190551757812
0.0010356903076171875
0.0021479129791259766
0.0010864734649658203
0.0011470317840576172
0.0020003318786621094
0.0012629032135009766
0.0010044574737548828
0.0011947154998779297
0.0013501644134521484
0.0013318061828613281
0.0012543201446533203
0.0013358592987060547
0.0010089874267578125
0.0010497570037841797
0.0009999275207519531
0.0
0.0013554096221923828
0.002206087112426758
0.0012052059173583984
0.001064300537109375
0.001272439956665039
0.0020074844360351562
0.0012395381927490234
0.0012617111206054688
0.001003265380859375
0.0010020732879638672
0.0012345314025878906
0.0010018348693847656
0.002267599105834961
0.0009992122650146484
0.0010001659393310547
0.0009999275207519531
0.001405477523803711
0.0010478496551513672
0.0010030269622802734
0.0022246837615966797
0.0013911724090576172
0.001295328140258789
0.0012230873107910156
0.0013744831085205078
0.0020716190338134766
0.0013513565063476562
0.0014433860778808594
0.0013270378112792969
0.0010309219360351562
0.0012722015380859375
0.002341032028198242
0.0014810562133789062
0.001020193099975586
0.0010039806365966797
0.0010273456573486328
0.0011165142059326172
0.0010237693786621094
0.0012614727020263672
0.0012860298156738281
0.0012395381927490234
0.001615762710571289
0.001055002212524414
0.0005743503570556641
0.00044655799865722656
0.001397848129272461
0.0015959739685058594
0.0010325908660888672
0.0012705326080322266
0.0023756027221679688
0.0012390613555908203
0.0014336109161376953
0.0013682842254638672
0.0010018348693847656
0.0010249614715576172
0.002354860305786133
0.0010159015655517578
0.0012772083282470703
0.0014960765838623047
0.0010099411010742188
0.0010073184967041016
0.002126455307006836
0.0010828971862792969
0.0010161399841308594
0.0010073184967041016
0.0011067390441894531
0.001027822494506836
0.0010712146759033203
0.0010094642639160156
0.0009999275207519531
0.001348257064819336
0.0024793148040771484
0.0011444091796875
0.0010306835174560547
0.0010056495666503906
0.0010030269622802734
0.0010082721710205078
0.0010027885437011719
0.0010001659393310547
0.002497434616088867
0.0012774467468261719
0.0010528564453125
0.0011827945709228516
0.0013155937194824219
0.0012326240539550781
0.0012137889862060547
0.0012612342834472656
0.0010018348693847656
0.0010280609130859375
0.0013244152069091797
0.0023725032806396484
0.0011250972747802734
0.0010027885437011719
0.0021817684173583984
0.0011391639709472656
0.0012059211730957031
0.0
0.002288341522216797
0.0010075569152832031
0.0012602806091308594
0.0012657642364501953
0.001013040542602539
0.001001119613647461
0.002227306365966797
0.0
0.0
0.0022966861724853516
0.0010082721710205078
0.0010001659393310547
0.0012106895446777344
0.001302957534790039
0.0012226104736328125
0.0013041496276855469
0.001184701919555664
0.001300811767578125
0.0012969970703125
0.0012326240539550781
0.001485586166381836
0.0010340213775634766
0.0022344589233398438
0.0007593631744384766
0.0011317729949951172
0.0010001659393310547
0.0013680458068847656
0.0010004043579101562
0.0011525154113769531
0.001004934310913086
0.0010025501251220703
0.002004384994506836
0.0
0.0014445781707763672
0.0021750926971435547
0.0010001659393310547
0.002268552780151367
0.001127004623413086
0.0011599063873291016
0.0011043548583984375
0.0012552738189697266
0.0010001659393310547
0.001115560531616211
0.0012464523315429688
0.0022039413452148438
0.0010859966278076172
0.001003265380859375
0.0010027885437011719
0.0010020732879638672
0.0014841556549072266
0.0013422966003417969
0.0010290145874023438
0.0014240741729736328
0.0
0.0025014877319335938
0.001094818115234375
0.001251220703125
0.002270221710205078
0.0012502670288085938
0.0010323524475097656
0.002035379409790039
0.0010449886322021484
0.0010480880737304688
0.0012831687927246094
0.0011186599731445312
0.001003265380859375
0.0
0.0014791488647460938
0.0014255046844482422
0.001003265380859375
0.001308441162109375
0.0010175704956054688
0.0010025501251220703
0.002045869827270508
0.0010807514190673828
0.0012683868408203125
0.0020990371704101562
0.0010001659393310547
0.0009996891021728516
0.0010001659393310547
0.0009999275207519531
0.0013170242309570312
0.0010132789611816406
0.0
0.002399444580078125
0.0012378692626953125
0.001280069351196289
0.0010020732879638672
0.0009999275207519531
0.0009999275207519531
0.0009999275207519531
0.0010001659393310547
0.0011606216430664062
0.0010046958923339844
0.0012142658233642578
0.0010824203491210938
0.00104522705078125
0.001039266586303711
0.0011093616485595703
0.002261638641357422
0.000997304916381836
0.0010263919830322266
0.0009646415710449219
0.0009608268737792969
0.002072572708129883
0.001003265380859375
0.0011973381042480469
0.0010025501251220703
0.0015001296997070312
0.0012335777282714844
0.0013997554779052734
0.0010426044464111328
0.0010025501251220703
0.0010023117065429688
0.0011975765228271484
0.0012247562408447266
0.001043558120727539
0.0012819766998291016
0.0009996891021728516
0.0011496543884277344
0.0012328624725341797
0.002040863037109375
0.0010733604431152344
0.0009999275207519531
0.0012946128845214844
0.0012774467468261719
0.0012187957763671875
0.0013327598571777344
0.0021142959594726562
0.00112152099609375
0.0010650157928466797
0.0010025501251220703
0.001073598861694336
0.0010139942169189453
0.0013201236724853516
0.0010962486267089844
0.0011281967163085938
0.001245260238647461
0.0011279582977294922
0.0010228157043457031
0.0010485649108886719
0.0010030269622802734
0.0009989738464355469
0.0010035037994384766
0.0024406909942626953
0.0
0.0014684200286865234
0.0012738704681396484
0.0012845993041992188
0.002386808395385742
0.0010080337524414062
0.0013890266418457031
0.0010035037994384766
0.0013957023620605469
0.0014126300811767578
0.0022885799407958984
0.0012929439544677734
0.0011887550354003906
0.0009999275207519531
0.0009999275207519531
0.0020966529846191406
0.001322031021118164
0.0013403892517089844
0.0012698173522949219
0.0012814998626708984
0.0025076866149902344
0.0010025501251220703
0.0010433197021484375
0.0010199546813964844
0.0020563602447509766
0.0010101795196533203
0.0012500286102294922
0.0014450550079345703
0.0010073184967041016
0.002224445343017578
0.0011680126190185547
0.0010023117065429688
0.0010943412780761719
0.0010037422180175781
0.002696514129638672
0.0
0.0
0.0
0.0
0.006011962890625
0.0
0.0017843246459960938
0.0011053085327148438
0.0011355876922607422
0.0010027885437011719
0.001222372055053711
0.0013506412506103516
0.0013325214385986328
0.001272439956665039
0.001260519027709961
0.0012068748474121094
0.0010001659393310547
0.0010881423950195312
0.0012998580932617188
0.0023403167724609375
0.0013828277587890625
0.0010063648223876953
0.0
0.0014138221740722656
0.0010104179382324219
0.002201080322265625
0.0010387897491455078
0.0014827251434326172
0.002039670944213867
0.0010247230529785156
0.0010883808135986328
0.0011181831359863281
0.0010001659393310547
0.0020749568939208984
0.0010159015655517578
0.0012056827545166016
0.0016489028930664062
0.0010602474212646484
0.001371622085571289
0.0013110637664794922
0.001310586929321289
0.0013513565063476562
0.0010023117065429688
0.002035379409790039
0.001184701919555664
0.002010345458984375
0.0
0.0014293193817138672
0.0010960102081298828
0.0011959075927734375
0.0012195110321044922
0.002310514450073242
0.0010035037994384766
0.0
0.0014324188232421875
0.0012319087982177734
0.0011963844299316406
0.0
0.0025970935821533203
0.0014221668243408203
0.0014851093292236328
0.0010018348693847656
0.0024924278259277344
0.001085042953491211
0.0011951923370361328
0.0012581348419189453
0.0013866424560546875
0.001096963882446289
0.0010025501251220703
0.001016378402709961
0.001065969467163086
0.0016727447509765625
0.0020143985748291016
0.0
0.0014510154724121094
0.0011348724365234375
0.0010106563568115234
0.0010027885437011719
0.0009996891021728516
0.0010101795196533203
0.0010030269622802734
0.0013568401336669922
0.0011234283447265625
0.0010018348693847656
0.001018524169921875
0.0010023117065429688
0.0010128021240234375
0.0
0.0014972686767578125
0.0011968612670898438
0.0010824203491210938
0.0012557506561279297
0.0012731552124023438
0.0012221336364746094
0.0010879039764404297
0.001119375228881836
0.0010025501251220703
0.001058816909790039
0.0010025501251220703
0.0010211467742919922
0.0011246204376220703
0.0013806819915771484
0.0010001659393310547
0.0013461112976074219
0.0010020732879638672
0.0010912418365478516
0.0011243820190429688
0.0010080337524414062
0.0010001659393310547
0.0011334419250488281
0.0010023117065429688
0.001073598861694336
0.001405954360961914
0.0012388229370117188
0.0020842552185058594
0.0014417171478271484
0.0010051727294921875
0.0010004043579101562
0.0010540485382080078
0.0012187957763671875
0.001222848892211914
0.0012469291687011719
0.0012845993041992188
0.0012240409851074219
0.0014882087707519531
0.0010035037994384766
0.0012996196746826172
0.0011730194091796875
0.0013840198516845703
0.001322031021118164
0.0014536380767822266
0.001161813735961914
0.001012563705444336
0.001087188720703125
0.0010004043579101562
0.0011966228485107422
0.0023505687713623047
0.0010025501251220703
0.0012943744659423828
0.0
0.0014765262603759766
0.00200653076171875
0.0010030269622802734
0.0012772083282470703
0.0012199878692626953
0.0010023117065429688
0.0013985633850097656
0.0011544227600097656
0.0010020732879638672
0.0011167526245117188
0.001356363296508789
0.001125335693359375
0.0
0.0
0.003838062286376953
0.0010402202606201172
0.00146484375
0.0016627311706542969
0.0010788440704345703
0.0011751651763916016
0.0013256072998046875
0.0010001659393310547
0.0009996891021728516
0.0009999275207519531
0.0013608932495117188
0.0022573471069335938
0.0
0.0013895034790039062
0.0012650489807128906
0.0014221668243408203
0.0021300315856933594
0.001329660415649414
0.0011935234069824219
0.0010571479797363281
0.0012722015380859375
0.0013306140899658203
0.0012211799621582031
0.0010764598846435547
0.0011723041534423828
0.0010809898376464844
0.0010027885437011719
0.0010342597961425781
0.0012149810791015625
0.0012633800506591797
0.0009999275207519531
0.0010371208190917969
0.0011036396026611328
0.001102447509765625
0.0011184215545654297
0.001252889633178711
0.001203298568725586
0.0011239051818847656
0.0010137557983398438
0.001135110855102539
0.0011250972747802734
0.002141714096069336
0.0010001659393310547
0.0010170936584472656
0.0012445449829101562
0.0011174678802490234
0.0011184215545654297
0.001062154769897461
0.0011022090911865234
0.0010023117065429688
0.0010023117065429688
0.0010023117065429688
0.001001596450805664
0.0
0.0009996891021728516
0.0010266304016113281
0.0013689994812011719
0.001033782958984375
0.0011105537414550781
0.001016378402709961
0.0
0.0012118816375732422
0.0010619163513183594
0.0011458396911621094
0.0013575553894042969
0.0014681816101074219
0.0011343955993652344
0.0011982917785644531
0.0011453628540039062
0.001003265380859375
0.001065969467163086
0.0010037422180175781
0.0011258125305175781
0.0
0.0013265609741210938
0.0010447502136230469
0.0011348724365234375
0.001005411148071289
0.0022656917572021484
0.0010335445404052734
0.0012559890747070312
0.0019307136535644531
0.0
0.0029430389404296875
0.0
0.0014607906341552734
0.002105236053466797
0.001374959945678711
0.0013530254364013672
0.0010082721710205078
0.0011525154113769531
0.0010175704956054688
0.001293182373046875
0.0014638900756835938
0.0012791156768798828
0.00110626220703125
0.001163482666015625
0.002271890640258789
0.0011713504791259766
0.0011436939239501953
0.0010519027709960938
0.0010526180267333984
0.0010612010955810547
0.0011823177337646484
0.0010023117065429688
0.0010571479797363281
0.0010175704956054688
0.0010230541229248047
0.0010082721710205078
0.0010085105895996094
0.0012974739074707031
0.0012862682342529297
0.0010035037994384766
0.0011677742004394531
0.0010023117065429688
0.0010731220245361328
0.0012392997741699219
0.0013298988342285156
0.001050710678100586
0.001142740249633789
0.0010068416595458984
0.0010099411010742188
0.0011043548583984375
0.0010061264038085938
0.0010144710540771484
0.0010039806365966797
0.0010013580322265625
0.0010073184967041016
0.0010004043579101562
0.0009999275207519531
0.0009999275207519531
0.0010004043579101562
0.0013141632080078125
0.0011377334594726562
0.0010027885437011719
0.0014240741729736328
0.0010356903076171875
0.001003265380859375
0.0010559558868408203
0.0011019706726074219
0.0010023117065429688
0.0013854503631591797
0.0010700225830078125
0.001155853271484375
0.0010211467742919922
0.0010678768157958984
0.002064943313598633
0.0012505054473876953
0.001359701156616211
0.0010786056518554688
0.0010256767272949219
0.0010235309600830078
0.0010445117950439453
0.0012068748474121094
0.001003265380859375
0.002112865447998047
0.0010058879852294922
0.001068115234375
0.0010941028594970703
0.0010027885437011719
0.001325845718383789
0.0010688304901123047
0.001953125
0.0003695487976074219
0.0
0.0
0.0
0.0
0.006624698638916016
0.0014455318450927734
0.0009996891021728516
0.001852273941040039
0.001013040542602539
0.0021982192993164062
0.0
0.00142669677734375
0.0012664794921875
0.0013501644134521484
0.0011224746704101562
0.0013461112976074219
0.0012581348419189453
0.0011584758758544922
0.0011179447174072266
0.0010724067687988281
0.0022149085998535156
0.0010175704956054688
0.0014994144439697266
0.0011553764343261719
0.0010025501251220703
0.0010027885437011719
0.0021059513092041016
0.0010335445404052734
0.0010161399841308594
0.0011591911315917969
0.0010406970977783203
0.0022652149200439453
0.0012218952178955078
0.0010097026824951172
0.0010938644409179688
0.0012140274047851562
0.0009999275207519531
0.0013277530670166016
0.001255035400390625
0.0022897720336914062
0.0
0.0014023780822753906
0.0023651123046875
0.0012023448944091797
0.0011644363403320312
0.00109100341796875
0.0010144710540771484
0.0011630058288574219
0.0013031959533691406
0.0011012554168701172
0.001138448715209961
0.0010020732879638672
0.0010683536529541016
0.002053499221801758
0.0011091232299804688
0.0010085105895996094
0.001171112060546875
0.0010685920715332031
0.0010020732879638672
0.0010025501251220703
0.001255035400390625
0.0010251998901367188
0.0010204315185546875
0.0010018348693847656
0.0010018348693847656
0.0010132789611816406
0.0010533332824707031
0.001485586166381836
0.0010564327239990234
0.0010731220245361328
0.0010378360748291016
0.0
0.002502918243408203
0.0013136863708496094
0.0011217594146728516
0.0010025501251220703
0.0006146430969238281
0.0010104179382324219
0.0010395050048828125
0.0010151863098144531
0.0
0.0
0.0
0.0
0.005631208419799805
0.0013387203216552734
0.001041412353515625
0.0010066032409667969
0.0010225772857666016
0.0010020732879638672
0.0010018348693847656
0.0010025501251220703
0.0010035037994384766
0.001999378204345703
0.0
0.0010058879852294922
0.0010030269622802734
0.0014271736145019531
0.001073598861694336
0.001165628433227539
0.0010063648223876953
0.0010142326354980469
0.0011143684387207031
0.0010476112365722656
0.0010027885437011719
0.0009996891021728516
0.0013020038604736328
0.0012087821960449219
0.0010030269622802734
0.002079010009765625
0.0012450218200683594
0.0011110305786132812
0.0013000965118408203
0.0011353492736816406
0.0010159015655517578
0.001361846923828125
0.0010139942169189453
0.001024484634399414
0.0010025501251220703
0.001001596450805664
0.0010132789611816406
0.0010845661163330078
0.0012021064758300781
0.0010030269622802734
0.0010976791381835938
0.0010020732879638672
0.0011754035949707031
0.0010018348693847656
0.001107931137084961
0.0010023117065429688
0.001003265380859375
0.0010020732879638672
0.0010020732879638672
0.0010242462158203125
0.0010018348693847656
0.0010581016540527344
0.0010023117065429688
0.0014972686767578125
0.0010025501251220703
0.0010118484497070312
0.0010020732879638672
0.0012056827545166016
0.0010039806365966797
0.0012497901916503906
0.0012407302856445312
0.0010838508605957031
0.0010025501251220703
0.0010612010955810547
0.0012362003326416016
0.0010023117065429688
0.001001596450805664
0.0010113716125488281
0.0011899471282958984
0.0012524127960205078
0.0012488365173339844
0.0010612010955810547
0.0010025501251220703
0.0010111331939697266
0.0010023117065429688
0.0020599365234375
0.0010421276092529297
0.0010061264038085938
0.0010018348693847656
0.001001596450805664
0.0010142326354980469
0.0010020732879638672
0.0010445117950439453
0.0010020732879638672
0.001013040542602539
0.0
0.0
0.0
0.00030994415283203125
0.0
0.0
0.0
0.0
0.0
0.007748603820800781
0.0010030269622802734
0.00130462646484375
0.0011038780212402344
0.0010387897491455078
0.001630544662475586
0.0012028217315673828
0.001440286636352539
0.0012886524200439453
0.0011916160583496094
0.0023953914642333984
0.0013470649719238281
0.0010342597961425781
0.0010113716125488281
0.0020978450775146484
0.0010991096496582031
0.0013930797576904297
0.0013585090637207031