0.0020072460174560547
0.0032165050506591797
0.0021991729736328125
0.0023529529571533203
0.0027360916137695312
0.002363443374633789
0.001392364501953125
0.003267049789428711
0.0022199153900146484
0.0018320083618164062
0.0027022361755371094
0.0019991397857666016
0.0019998550415039062
0.002124309539794922
0.0027256011962890625
0.0022521018981933594
0.0024979114532470703
0.002164125442504883
0.002142190933227539
0.0025157928466796875
0.0009999275207519531
0.0022597312927246094
0.002290010452270508
0.0031943321228027344
0.002000093460083008
0.0019998550415039062
0.003000020980834961
0.0019998550415039062
0.0030002593994140625
0.002000093460083008
0.0020117759704589844
0.0024530887603759766
0.003227710723876953
0.002344369888305664
0.002027273178100586
0.002320528030395508
0.003300905227661133
0.0034689903259277344
0.002194643020629883
0.002714872360229492
0.0014832019805908203
0.0028176307678222656
0.0036563873291015625
0.001264333724975586
0.0030944347381591797
0.0021371841430664062
0.0020554065704345703
0.0034253597259521484
0.0013759136199951172
0.0038013458251953125
0.0013043880462646484
0.0034034252166748047
0.0022897720336914062
0.002074003219604492
0.002474546432495117
0.002346515655517578
0.0030291080474853516
0.0022275447845458984
0.0022602081298828125
0.0020024776458740234
0.0021653175354003906
0.0024025440216064453
0.0034983158111572266
0.0022513866424560547
0.0021142959594726562
0.0023064613342285156
0.0021669864654541016
0.0031740665435791016
0.002257823944091797
0.0024280548095703125
0.0023310184478759766
0.002245664596557617
0.0023615360260009766
0.002147197723388672
0.002027273178100586
0.002507925033569336
0.002648591995239258
0.002493619918823242
0.0023152828216552734
0.0023126602172851562
0.0014009475708007812
0.0026857852935791016
0.002279996871948242
0.002458333969116211
0.0021398067474365234
0.0023522377014160156
0.003128528594970703
0.0022127628326416016
0.002093076705932617
0.0003609657287597656
0.0037817955017089844
0.0029993057250976562
0.002413511276245117
0.0021588802337646484
0.0022797584533691406
0.0020558834075927734
0.003042936325073242
0.002129793167114258
0.0020112991333007812
0.003278017044067383
0.002153158187866211
0.0030443668365478516
0.0023941993713378906
0.0020618438720703125
0.0030183792114257812
0.0010919570922851562
0.0036094188690185547
0.0020198822021484375
0.0031859874725341797
0.002248525619506836
0.0014317035675048828
0.0014040470123291016
0.0013415813446044922
0.002058267593383789
0.0033617019653320312
0.0023043155670166016
0.0012238025665283203
0.002347707748413086
0.003232240676879883
0.0021059513092041016
0.003121614456176758
0.0023071765899658203
0.002088308334350586
0.0031075477600097656
0.002045869827270508
0.0032689571380615234
0.0024437904357910156
0.002191305160522461
0.003345489501953125
0.002376556396484375
0.0022118091583251953
0.002654552459716797
0.0
0.0046787261962890625
0.002749919891357422
0.0014040470123291016
0.0033545494079589844
0.0020902156829833984
0.0023932456970214844
0.0032083988189697266
0.0021805763244628906
0.002499818801879883
0.0025768280029296875
0.0024089813232421875
0.003195524215698242
0.002412080764770508
0.0010035037994384766
0.002374410629272461
0.002084493637084961
0.0031163692474365234
0.0021347999572753906
0.0032596588134765625
0.0021216869354248047
0.002333402633666992
0.002425670623779297
0.0023627281188964844
0.0024721622467041016
0.0022459030151367188
0.0027320384979248047
0.002475738525390625
0.002107858657836914
0.002436399459838867
0.002220630645751953
0.002001523971557617
0.003482818603515625
0.002328634262084961
0.003386259078979492
0.0012090206146240234
0.00228118896484375
0.0021240711212158203
0.0013191699981689453
0.0
0.0
0.006808042526245117
0.0012943744659423828
0.0021715164184570312
0.002635478973388672
0.003009319305419922
0.002385854721069336
0.0024182796478271484
0.0021953582763671875
0.0024547576904296875
0.002364635467529297
0.0021152496337890625
0.0024504661560058594
0.0031232833862304688
0.002469301223754883
0.0034079551696777344
0.002347230911254883
0.002370119094848633
0.002128124237060547
0.002683877944946289
0.0014395713806152344
0.002999544143676758
0.0019998550415039062
0.0020003318786621094
0.0032553672790527344
0.002030611038208008
0.00413060188293457
0.0020444393157958984
0.0020232200622558594
0.002310037612915039
0.003102540969848633
0.0010001659393310547
0.0012485980987548828
0.0023469924926757812
0.003175973892211914
0.002261638641357422
0.0021114349365234375
0.002443552017211914
0.002686023712158203
0.002723217010498047
0.002550840377807617
0.001255035400390625
0.003026247024536133
0.0022084712982177734
0.0029997825622558594
0.002000093460083008
0.0029997825622558594
0.0020003318786621094
0.0031938552856445312
0.002592802047729492
0.002265453338623047
0.0033111572265625
0.002042531967163086
0.002488374710083008
0.0024061203002929688
0.003176450729370117
0.0020592212677001953
0.0024225711822509766
0.0034148693084716797
0.0020020008087158203
0.003177165985107422
0.0022673606872558594
0.002288818359375
0.002275228500366211
0.0031833648681640625
0.002078533172607422
0.0012383460998535156
0.002329111099243164
0.003690958023071289
0.0021278858184814453
0.0022635459899902344
0.0014979839324951172
0.003086090087890625
0.0020029544830322266
0.003114461898803711
0.0021102428436279297
0.0020122528076171875
0.0022878646850585938
0.0026769638061523438
0.0012030601501464844
0.002552509307861328
0.0010972023010253906
0.0
0.004880666732788086
0.0020170211791992188
0.001382589340209961
0.002579927444458008
0.0020151138305664062
0.0032389163970947266
0.003292083740234375
0.002463102340698242
0.0023496150970458984
0.00270843505859375
0.0020630359649658203
0.0024542808532714844
0.002431154251098633
0.002293825149536133
0.0013017654418945312
0.0022907257080078125
0.002457857131958008
0.0021851062774658203
0.001279592514038086
0.0021271705627441406
0.002310514450073242
0.0013251304626464844
0.0020287036895751953
0.0020258426666259766
0.003045320510864258
0.0013155937194824219
0.0033721923828125
0.0030257701873779297
0.001375436782836914
0.0021657943725585938
0.0020601749420166016
0.002484560012817383
0.0021390914916992188
0.0025835037231445312
0.002068758010864258
0.0034470558166503906
0.0024209022521972656
0.0020189285278320312
0.0023043155670166016
0.0011303424835205078
0.0020313262939453125
0.0012917518615722656
0.0023026466369628906
0.0011527538299560547
0.0024106502532958984
0.0026023387908935547
0.002007007598876953
0.002542734146118164
0.0020682811737060547
0.0031821727752685547
0.0022635459899902344
0.002124786376953125
0.002205371856689453
0.002450704574584961
0.001493692398071289
0.0034074783325195312
0.002349376678466797
0.0024328231811523438
0.0020341873168945312
0.0031042098999023438
0.0023827552795410156
0.002086162567138672
0.0020771026611328125
0.0033342838287353516
0.0021817684173583984
0.002142190933227539
0.0024805068969726562
0.003025531768798828
0.0022687911987304688
0.002317190170288086
0.001323699951171875
0.0030715465545654297
0.001354217529296875
0.002570629119873047
0.002068042755126953
0.0021605491638183594
0.0009987354278564453
0.0033516883850097656
0.0025000572204589844
0.002155780792236328
0.002053499221801758
0.002337217330932617
0.0023224353790283203
0.002197742462158203
0.0019488334655761719
0.0031332969665527344
0.0020029544830322266
0.0018265247344970703
0.0023746490478515625
0.0024919509887695312
0.0033686161041259766
0.0020024776458740234
0.0013477802276611328
0.002279520034790039
0.0021843910217285156
0.0027539730072021484
0.002404928207397461
0.002361297607421875
0.002103090286254883
0.0033440589904785156
0.0026695728302001953
0.0020225048065185547
0.0020987987518310547
0.0022346973419189453
0.0020334720611572266
0.003193378448486328
0.0019998550415039062
0.0029997825622558594
0.0020003318786621094
0.0022194385528564453
0.0024030208587646484
0.002285480499267578
0.003149747848510742
0.0023393630981445312
0.0023889541625976562
0.0025665760040283203
0.0020928382873535156
0.0025713443756103516
0.0023109912872314453
0.0027921199798583984
0.0023627281188964844
0.0020341873168945312
0.002000093460083008
0.003000020980834961
0.002368927001953125
0.0019676685333251953
0.002340555191040039
0.0025365352630615234
0.002539396286010742
0.0024652481079101562
0.0021142959594726562
0.0020341873168945312
0.0022864341735839844
0.003146648406982422
0.002084970474243164
0.002211332321166992
0.003004789352416992
0.002020120620727539
0.0010113716125488281
0.0031218528747558594
0.0020058155059814453
0.002599000930786133
0.0022115707397460938
0.0020105838775634766
0.002002716064453125
0.0024302005767822266
0.0020482540130615234
0.003405332565307617
0.0021436214447021484
0.003408193588256836
0.002285480499267578
0.0020437240600585938
0.002446413040161133
0.002028226852416992
0.0021543502807617188
0.001299142837524414
0.002002716064453125
0.0022542476654052734
0.0014197826385498047
0.002588987350463867
0.0011959075927734375
0.002676248550415039
0.0022988319396972656
0.0011401176452636719
0.003329753875732422
0.002028226852416992
0.002064228057861328
0.002187967300415039
0.0
0.006448268890380859
0.002128124237060547
0.002208709716796875
0.0024254322052001953
0.002222776412963867
0.0013828277587890625
0.003398418426513672
0.0021817684173583984
0.002122640609741211
0.0025844573974609375
0.002040863037109375
0.0032410621643066406
0.0014996528625488281
0.002030611038208008
0.0022230148315429688
0.0031309127807617188
0.002160787582397461
0.002215147018432617
0.0021431446075439453
0.002002716064453125
0.0014939308166503906
0.002020597457885742
0.0024051666259765625
0.001226663589477539
0.0013349056243896484
0.0022821426391601562
0.0022602081298828125
0.001336812973022461
0.0021719932556152344
0.0024840831756591797
0.002375364303588867
0.002184152603149414
0.002315998077392578
0.0022335052490234375
0.002139568328857422
0.0030443668365478516
0.0023488998413085938
0.0022547245025634766
0.003184795379638672
0.002523660659790039
0.002507448196411133
0.0016663074493408203
0.0025908946990966797
0.0029964447021484375
0.002221345901489258
0.0021431446075439453
0.002079010009765625
0.002557039260864258
0.002208232879638672
0.002415180206298828
0.002302408218383789
0.0028455257415771484
0.0020847320556640625
0.002329587936401367
0.0024416446685791016
0.0024955272674560547
0.0036361217498779297
0.002051115036010742
0.002159595489501953
0.0024099349975585938
0.002096414566040039
0.0022029876708984375
0.002099752426147461
0.002022266387939453
0.003582000732421875
0.0021293163299560547
0.0024645328521728516
0.0021178722381591797
0.0025382041931152344
0.002385854721069336
0.0023703575134277344
0.0035822391510009766
0.0022630691528320312
0.0012900829315185547
0.002216339111328125
0.002164125442504883
0.0020482540130615234
0.0034449100494384766
0.001007080078125
0.0033521652221679688
0.0026361942291259766
0.002151966094970703
0.002155303955078125
0.0
0.0
0.0
0.0
0.012176752090454102
0.002660989761352539
0.0011899471282958984
0.002464771270751953
0.0021538734436035156
0.0023496150970458984
0.0023889541625976562
0.0022008419036865234
0.0020554065704345703
0.0012984275817871094
0.0038917064666748047
0.0012104511260986328
0.002965688705444336
0.0024864673614501953
0.0028955936431884766
0.0010976791381835938
0.0024292469024658203
0.003318309783935547
0.002129077911376953
0.0020599365234375
0.003593921661376953
0.002230405807495117
0.003237485885620117
0.0023713111877441406
0.0010044574737548828
0.0023653507232666016
0.0021829605102539062
0.0011210441589355469
0.002601146697998047
0.0014879703521728516
0.0020520687103271484
0.0011017322540283203
0.0020940303802490234
0.0019998550415039062
0.002000093460083008
0.0033566951751708984
0.002237558364868164
0.002130746841430664
0.0022716522216796875
0.0010919570922851562
0.004302978515625
0.0008509159088134766
0.0
0.004361152648925781
0.002160310745239258
0.0020928382873535156
0.0035266876220703125
0.002571582794189453
0.0010144710540771484
0.0037899017333984375
0.002299070358276367
0.002006053924560547
0.0023610591888427734
0.0023169517517089844
0.0031156539916992188
0.002000093460083008
0.0031447410583496094
0.0014276504516601562
0.0024602413177490234
0.0021855831146240234
0.002231597900390625
0.0011444091796875
0.002435445785522461
0.0020744800567626953
0.0011324882507324219
0.003536701202392578
0.0020074844360351562
0.002470254898071289
0.0023903846740722656
0.0023398399353027344
0.0022661685943603516
0.002124786376953125
0.002146005630493164
0.0010025501251220703
0.0010027885437011719
0.0020754337310791016
0.0024099349975585938
0.002267599105834961
0.0032110214233398438
0.0024819374084472656
0.001092672348022461
0.00337982177734375
0.0
0.0
0.00710606575012207
0.0020055770874023438
0.002153158187866211
0.0023355484008789062
0.002399444580078125
0.002437591552734375
0.0024733543395996094
0.002177715301513672
0.003334522247314453
0.0014462471008300781
0.0034027099609375
0.002315998077392578
0.002686738967895508
0.0025136470794677734
0.002492189407348633
0.0014462471008300781
0.002221345901489258
0.001214742660522461
0.002486705780029297
0.0011992454528808594
0.0024111270904541016
0.002409696578979492
0.0024597644805908203
0.002317190170288086
0.003043651580810547
0.002199888229370117
0.0023963451385498047
0.002353668212890625
0.0010232925415039062
0.004013538360595703
0.002092599868774414
0.0014984607696533203
0.0023856163024902344
0.0031461715698242188
0.0020761489868164062
0.0020079612731933594
0.0020003318786621094
0.00241851806640625
0.003058195114135742
0.0
0.0
0.0074274539947509766
0.002019166946411133
0.0032351016998291016
0.0022439956665039062
0.0020303726196289062
0.002064228057861328
0.0037131309509277344
0.001226663589477539
0.003641843795776367
0.002000093460083008
0.002325296401977539
0.0030994415283203125
0.0023584365844726562
0.002181529998779297
0.0012598037719726562
0.002546548843383789
0.0022935867309570312
0.00237274169921875
0.0020945072174072266
0.0022733211517333984
0.0030584335327148438
0.002408742904663086
0.002420663833618164
0.0022284984588623047
0.002561330795288086
0.0023872852325439453
0.0027060508728027344
0.0026137828826904297
0.0020792484283447266
0.002367734909057617
0.0022606849670410156
0.002401590347290039
0.002379894256591797
0.0022993087768554688
0.003500699996948242
0.0022118091583251953
0.002254009246826172
0.003139019012451172
0.0013833045959472656
0.002550363540649414
0.0023081302642822266
0.0022895336151123047
0.0026874542236328125
0.0025169849395751953
0.0012803077697753906
0.003594636917114258
0.0023355484008789062
0.0021593570709228516
0.002869129180908203
0.0022041797637939453
0.002433300018310547
0.002999544143676758
0.0022580623626708984
0.00213623046875
0.0021588802337646484
0.0022444725036621094
0.0032999515533447266
0.0025599002838134766
0.002138376235961914
0.0020134449005126953
0.003291606903076172
0.0020051002502441406
0.002421140670776367
0.0030841827392578125
0.0021741390228271484
0.0023784637451171875
0.0021729469299316406
0.0021452903747558594
0.0035092830657958984
0.0023229122161865234
0.0021543502807617188
0.002341032028198242
0.0031435489654541016
0.002460956573486328
0.0024538040161132812
0.002002716064453125
0.0024547576904296875
0.0021390914916992188
0.002312183380126953
0.0
0.0
0.007566213607788086
0.0023157596588134766
0.0034072399139404297
0.0026264190673828125
0.0024480819702148438
0.0012927055358886719
0.0034666061401367188
0.0009996891021728516
0.0
0.005074262619018555
0.0025904178619384766
0.0024390220642089844
0.0027768611907958984
0.002803325653076172
0.0014662742614746094
0.002108335494995117
0.0023441314697265625
0.0014963150024414062
0.002085447311401367
0.0020122528076171875
0.0020117759704589844
0.003712892532348633
0.002324342727661133
0.0022606849670410156
0.0025887489318847656
0.002134084701538086
0.002699613571166992
0.0022873878479003906
0.002347707748413086
0.003431081771850586
0.002390623092651367
0.001276254653930664
0.0034444332122802734
0.0023810863494873047
0.0028569698333740234
0.002049684524536133
0.0023686885833740234
0.002146482467651367
0.0013184547424316406
0.0
0.0
0.008453845977783203
0.0022764205932617188
0.0025038719177246094
0.002062082290649414
0.0031173229217529297
0.0030553340911865234
0.001207590103149414
0.0025005340576171875
0.0035283565521240234
0.0020301342010498047
0.0024738311767578125
0.003058910369873047
0.0020329952239990234
0.0022318363189697266
0.0022928714752197266
0.002002716064453125
0.0023415088653564453
0.0021767616271972656
0.0022437572479248047
0.0022516250610351562
0.003815174102783203
0.002071380615234375
0.0024356842041015625
0.0021886825561523438
0.0022072792053222656
0.002600431442260742
0.0027916431427001953
0.002110719680786133
0.0011434555053710938
0.0027313232421875
0.0033719539642333984
0.002248525619506836
0.002157449722290039
0.00225067138671875
0.003263235092163086
0.0020020008087158203
0.002423524856567383
0.003307342529296875
0.0024390220642089844
0.001850128173828125
0.002675771713256836
0.0029077529907226562
0.002131938934326172
0.002150297164916992
0.0022459030151367188
0.002031087875366211
0.002202272415161133
0.0023496150970458984
0.0023450851440429688
0.0021474361419677734
0.0024080276489257812
0.0023763179779052734
0.002155303955078125
0.003136873245239258
0.0020678043365478516
0.002119302749633789
0.0031957626342773438
0.002407073974609375
0.0021724700927734375
0.0022389888763427734
0.002150297164916992
0.002346038818359375
0.0024933815002441406
0.002477884292602539
0.002264738082885742
0.003016948699951172
0.001207590103149414
0.0027277469635009766
0.0033042430877685547
0.002402782440185547
0.0020761489868164062
0.0023641586303710938
0.003413677215576172
0.002034425735473633
0.0022194385528564453
0.0031974315643310547
0.002013683319091797
0.002717256546020508
0.0021848678588867188
0.0010304450988769531
0.003208160400390625
0.0
0.0
0.005365848541259766
0.0
0.004550933837890625
0.004682064056396484
0.001222848892211914
0.0024955272674560547
0.002165079116821289
0.0022423267364501953
0.002044200897216797
0.0021975040435791016
0.0020470619201660156
0.003183603286743164
0.0021834373474121094
0.0031151771545410156
0.0014524459838867188
0.0020742416381835938
0.002547740936279297
0.00205230712890625
0.0026006698608398438
0.0014760494232177734
0.0027217864990234375
0.0024454593658447266
0.0030984878540039062
0.002274036407470703
0.002303600311279297
0.0022406578063964844
0.002635955810546875
0.0021965503692626953
0.002568960189819336
0.0020859241485595703
0.002191781997680664
0.0025336742401123047
0.002637624740600586
0.0024547576904296875
0.0026268959045410156
0.0022513866424560547
0.0024106502532958984
0.002104520797729492
0.002209186553955078
0.0
0.0
0.0
0.0
0.0
0.0
0.01692509651184082
0.002091646194458008
0.0032749176025390625
0.002046346664428711
0.0023546218872070312
0.0021445751190185547
0.0022859573364257812
0.002170085906982422
0.0030248165130615234
0.002164125442504883
0.0024192333221435547
0.0020372867584228516
0.0025556087493896484
0.001238107681274414
0.0022420883178710938
0.002397298812866211
0.0020754337310791016
0.002417325973510742
0.002106189727783203
0.0020482540130615234
0.002387523651123047
0.0023336410522460938
0.0028710365295410156
0.0021343231201171875
0.0022339820861816406
0.0024962425231933594
0.002119302749633789
0.002091646194458008
0.0023152828216552734
0.0023484230041503906
0.002116680145263672
0.002046346664428711
0.0027625560760498047
0.0024182796478271484
0.0021021366119384766
0.002299070358276367
0.002875089645385742
0.002203226089477539
0.002279043197631836
0.0031023025512695312
0.0024335384368896484
0.002468109130859375
0.0019998550415039062
0.0029993057250976562
0.0020003318786621094
0.0019998550415039062
0.0030002593994140625
0.002000093460083008
0.00206756591796875
0.002173900604248047
0.002668142318725586
0.002098560333251953
0.003098011016845703
0.0021054744720458984
0.0012955665588378906
0.0024907588958740234
0.0023927688598632812
0.0012619495391845703
0.003071308135986328
0.0014562606811523438
0.0029096603393554688
0.0030260086059570312
0.0024411678314208984
0.00335693359375
0.0031280517578125
0.002105236053466797
0.002152681350708008
0.002770662307739258
0.0022072792053222656
0.003049135208129883
0.002181529998779297
0.0024673938751220703
0.0035936832427978516
0.0013985633850097656
0.0020771026611328125
0.0
0.0
0.008295536041259766
0.0026106834411621094
0.002016305923461914
0.003174304962158203
0.0020148754119873047
0.002215862274169922
0.0033528804779052734
0.0024640560150146484
0.0020508766174316406
0.0031850337982177734
0.0030765533447265625
0.0024580955505371094
0.0021347999572753906
0.003076791763305664
0.002089977264404297
0.003124713897705078
0.0022385120391845703
0.0023484230041503906
0.0020210742950439453
0.0032143592834472656
0.0027904510498046875
0.0031156539916992188
0.002718210220336914
0.002077341079711914
0.0033032894134521484
0.002129793167114258
0.002054452896118164
0.0022470951080322266
0.0031282901763916016
0.002245187759399414
0.002341747283935547
0.0023374557495117188
0.003535032272338867
0.002158641815185547
0.0034956932067871094
0.002264261245727539
0.0010623931884765625