0.0022830963134765625
0.0020051002502441406
0.0010132789611816406
0.0010190010070800781
0.0022907257080078125
0.0010213851928710938
0.0011119842529296875
0.002007722854614258
0.0
0.0
0.003077983856201172
0.0013968944549560547
0.001255035400390625
0.0010128021240234375
0.0013353824615478516
0.0023033618927001953
0.0012540817260742188
0.0011188983917236328
0.0013375282287597656
0.0012288093566894531
0.0010144710540771484
0.0009996891021728516
0.002168416976928711
0.0
0.0026082992553710938
0.0010218620300292969
0.002401113510131836
0.0010972023010253906
0.0010933876037597656
0.001007080078125
0.0012226104736328125
0.0014407634735107422
0.0010023117065429688
0.0010380744934082031
0.0009996891021728516
0.0010385513305664062
0.0022749900817871094
0.0010001659393310547
0.0009999275207519531
0.0009999275207519531
0.0009996891021728516
0.0009999275207519531
0.0010004043579101562
0.0019998550415039062
0.0
0.0021305084228515625
0.0010027885437011719
0.0011432170867919922
0.0010247230529785156
0.0012879371643066406
0.0014882087707519531
0.001270294189453125
0.00103759765625
0.0012378692626953125
0.0021212100982666016
0.0
0.001491546630859375
0.001329660415649414
0.0013709068298339844
0.0022079944610595703
0.0010237693786621094
0.0010001659393310547
0.001110076904296875
0.0010182857513427734
0.0011603832244873047
0.0010564327239990234
0.002056598663330078
0.0011975765228271484
0.0011148452758789062
0.0010526180267333984
0.0010030269622802734
0.0014579296112060547
0.0013458728790283203
0.0010535717010498047
0.0021381378173828125
0.0010035037994384766
0.0009996891021728516
0.002390146255493164
0.001016855239868164
0.001004934310913086
0.0010037422180175781
0.0010037422180175781
0.0010938644409179688
0.0
0.002216815948486328
0.002228260040283203
0.0
0.0
0.0
0.0052356719970703125
0.0014612674713134766
0.0011854171752929688
0.0009996891021728516
0.0011224746704101562
0.002007722854614258
0.0012791156768798828
0.0011055469512939453
0.002250194549560547
0.0010027885437011719
0.0021681785583496094
0.0013380050659179688
0.0010528564453125
0.001424551010131836
0.0012340545654296875
0.0011665821075439453
0.0021147727966308594
0.0010025501251220703
0.0013840198516845703
0.0010182857513427734
0.0010030269622802734
0.0010027885437011719
0.0010166168212890625
0.0013687610626220703
0.0011241436004638672
0.0014848709106445312
0.0010221004486083984
0.0013899803161621094
0.00103759765625
0.0010666847229003906
0.001081228256225586
0.0011391639709472656
0.0013797283172607422
0.0011701583862304688
0.0010960102081298828
0.0010094642639160156
0.001003265380859375
0.002039194107055664
0.002077817916870117
0.0010027885437011719
0.0013134479522705078
0.0011315345764160156
0.0011169910430908203
0.002086639404296875
0.0010671615600585938
0.0010025501251220703
0.0010488033294677734
0.0012106895446777344
0.00223541259765625
0.001065969467163086
0.002048969268798828
0.0011219978332519531
0.0011169910430908203
0.0010826587677001953
0.0010023117065429688
0.0014927387237548828
0.0012159347534179688
0.0012574195861816406
0.0022003650665283203
0.0013318061828613281
0.0010035037994384766
0.0010137557983398438
0.0020334720611572266
0.0012943744659423828
0.0010056495666503906
0.0014219284057617188
0.001056671142578125
0.002525806427001953
0.0009999275207519531
0.0
0.0
0.0
0.007467508316040039
0.0010218620300292969
0.0010416507720947266
0.0020203590393066406
0.0010085105895996094
0.0011219978332519531
0.0020210742950439453
0.0010139942169189453
0.0013735294342041016
0.0010144710540771484
0.0023126602172851562
0.0011222362518310547
0.0010716915130615234
0.001130819320678711
0.0010170936584472656
0.002151966094970703
0.0009996891021728516
0.0010001659393310547
0.0009996891021728516
0.0010001659393310547
0.0009999275207519531
0.0021598339080810547
0.0010025501251220703
0.0012691020965576172
0.0010218620300292969
0.0011627674102783203
0.0010325908660888672
0.0010421276092529297
0.0011920928955078125
0.0011920928955078125
0.0011036396026611328
0.0014808177947998047
0.0010066032409667969
0.0
0.0013866424560546875
0.0024895668029785156
0.0014598369598388672
0.0010211467742919922
0.001337289810180664
0.0011932849884033203
0.001043081283569336
0.0009996891021728516
0.0012979507446289062
0.0012781620025634766
0.0011954307556152344
0.001003265380859375
0.002378702163696289
0.001171112060546875
0.0010461807250976562
0.0014495849609375
0.0011599063873291016
0.0010342597961425781
0.001003265380859375
0.001056671142578125
0.0014100074768066406
0.0011098384857177734
0.0010128021240234375
0.001008749008178711
0.0012021064758300781
0.0010972023010253906
0.001184701919555664
0.0010039806365966797
0.0010197162628173828
0.0020601749420166016
0.0010943412780761719
0.0010066032409667969
0.0010042190551757812
0.0010581016540527344
0.0014750957489013672
0.001375436782836914
0.0010962486267089844
0.0012929439544677734
0.0015032291412353516
0.0017521381378173828
0.00041604042053222656
0.0
0.0
0.0
0.007912874221801758
0.001003265380859375
0.0010004043579101562
0.0021033287048339844
0.0012276172637939453
0.0022056102752685547
0.0012781620025634766
0.002060413360595703
0.0012063980102539062
0.0011758804321289062
0.0009996891021728516
0.0015702247619628906
0.0010654926300048828
0.0010027885437011719
0.0010063648223876953
0.002457141876220703
0.001024007797241211
0.0010027885437011719
0.0010242462158203125
0.0013890266418457031
0.002287626266479492
0.0010030269622802734
0.0009992122650146484
0.0011019706726074219
0.0020580291748046875
0.0010619163513183594
0.0010020732879638672
0.001004934310913086
0.0020842552185058594
0.0
0.0014765262603759766
0.0011031627655029297
0.0013375282287597656
0.0010056495666503906
0.001241445541381836
0.0011835098266601562
0.0021512508392333984
0.0010042190551757812
0.00200653076171875
0.0
0.001462697982788086
0.0011687278747558594
0.0010139942169189453
0.0013148784637451172
0.0
0.0014691352844238281
0.0014171600341796875
0.002532482147216797
0.0013279914855957031
0.0011057853698730469
0.0010781288146972656
0.0011510848999023438
0.0010027885437011719
0.0011925697326660156
0.0010657310485839844
0.0010766983032226562
0.0013887882232666016
0.0
0.0010340213775634766
0.0010063648223876953
0.0010640621185302734
0.0010025501251220703
0.0013556480407714844
0.0012807846069335938
0.0010023117065429688
0.0010509490966796875
0.0013167858123779297
0.0014002323150634766
0.00112152099609375
0.0011293888092041016
0.0010573863983154297
0.0010673999786376953
0.0020101070404052734
0.0
0.0
0.0
0.004462003707885742
0.00101470947265625
0.0012614727020263672
0.0010480880737304688
0.0012030601501464844
0.0011396408081054688
0.0010869503021240234
0.0022492408752441406
0.0010669231414794922
0.0010094642639160156
0.001032114028930664
0.0010061264038085938
0.0013194084167480469
0.0011246204376220703
0.001344442367553711
0.0010063648223876953
0.001127004623413086
0.0010025501251220703
0.0011119842529296875
0.0010128021240234375
0.001310110092163086
0.0010440349578857422
0.0010929107666015625
0.0011606216430664062
0.0010061264038085938
0.0010025501251220703
0.0010020732879638672
0.0010037422180175781
0.0012273788452148438
0.0010960102081298828
0.002033233642578125
0.0
0.0014920234680175781
0.00102996826171875
0.0012691020965576172
0.0011055469512939453
0.001176595687866211
0.0012905597686767578
0.0010025501251220703
0.0
0.0010020732879638672
0.0010077953338623047
0.0022017955780029297
0.0010027885437011719
0.0010023117065429688
0.0011146068572998047
0.0011835098266601562
0.001003265380859375
0.0010232925415039062
0.0010080337524414062
0.0013511180877685547
0.0010027885437011719
0.0013844966888427734
0.0011527538299560547
0.001070261001586914
0.0020875930786132812
0.0011546611785888672
0.0010066032409667969
0.0013244152069091797
0.0011382102966308594
0.0010597705841064453
0.0010721683502197266
0.0010035037994384766
0.0010457038879394531
0.002002239227294922
0.0011835098266601562
0.0020444393157958984
0.0010657310485839844
0.0010292530059814453
0.0010101795196533203
0.002110004425048828
0.00099945068359375
0.0014972686767578125
0.0010030269622802734
0.0010027885437011719
0.0010025501251220703
0.0011432170867919922
0.0010044574737548828
0.0010023117065429688
0.0011184215545654297
0.0
0.0
0.004304170608520508
0.001013040542602539
0.001222848892211914
0.0010876655578613281
0.0011191368103027344
0.0010340213775634766
0.001003265380859375
0.0010025501251220703
0.0010027885437011719
0.001421213150024414
0.0010120868682861328
0.001031637191772461
0.002199888229370117
0.001239776611328125
0.0012784004211425781
0.0011489391326904297
0.0010046958923339844
0.0010023117065429688
0.0010652542114257812
0.0012927055358886719
0.0010325908660888672
0.0011272430419921875
0.001065969467163086
0.0010066032409667969
0.0010025501251220703
0.0010912418365478516
0.0010137557983398438
0.001009225845336914
0.0010874271392822266
0.0010020732879638672
0.0020294189453125
0.001283884048461914
0.001004934310913086
0.0012822151184082031
0.0010025501251220703
0.0010426044464111328
0.0022437572479248047
0.0
0.0014812946319580078
0.0013523101806640625
0.0010728836059570312
0.0010025501251220703
0.0010023117065429688
0.0012569427490234375
0.0010657310485839844
0.0011742115020751953
0.0010223388671875
0.0010027885437011719
0.0010030269622802734
0.0009999275207519531
0.0011451244354248047
0.0010020732879638672
0.001024484634399414
0.001302957534790039
0.001001596450805664
0.0010900497436523438
0.001184225082397461
0.0014791488647460938
0.0011420249938964844
0.0010673999786376953
0.0011417865753173828
0.0011444091796875
0.0
0.0
0.0
0.0
0.0058286190032958984
0.0010099411010742188
0.0010025501251220703
0.0022406578063964844
0.0014100074768066406
0.0
0.0020105838775634766
0.0014519691467285156
0.0010089874267578125
0.0010273456573486328
0.0010044574737548828
0.0010023117065429688
0.0010247230529785156
0.0010616779327392578
0.0020279884338378906
0.0010285377502441406
0.001283407211303711
0.0
0.0023581981658935547
0.0009503364562988281
0.0
0.0
0.0
0.005293369293212891
0.00104522705078125
0.0013647079467773438
0.0010023117065429688
0.0010154247283935547
0.0010044574737548828
0.001003265380859375
0.0010912418365478516
0.0010027885437011719
0.0009999275207519531
0.0010504722595214844
0.0013492107391357422
0.0010766983032226562
0.0021097660064697266
0.0
0.0021715164184570312
0.0013794898986816406
0.0010027885437011719
0.0011878013610839844
0.0010030269622802734
0.0010027885437011719
0.0010023117065429688
0.0010018348693847656
0.0010211467742919922
0.0
0.0010225772857666016
0.002350330352783203
0.0
0.0010180473327636719
0.0010020732879638672
0.0010020732879638672
0.002222299575805664
0.0014383792877197266
0.0010347366333007812
0.0
0.0011186599731445312
0.001003265380859375
0.0010018348693847656
0.002100229263305664
0.0011873245239257812
0.0010249614715576172
0.0010159015655517578
0.0
0.0
0.0010149478912353516
0.0021653175354003906
0.0010023117065429688
0.0010986328125
0.0010187625885009766
0.0010025501251220703
0.0010020732879638672
0.0010128021240234375
0.0012884140014648438
0.0011849403381347656
0.0010344982147216797
0.0011851787567138672
0.0022423267364501953
0.0013093948364257812
0.001003265380859375
0.0010628700256347656
0.0011184215545654297
0.001157522201538086
0.0012402534484863281
0.0010027885437011719
0.0013148784637451172
0.0014393329620361328
0.0
0.0014755725860595703
0.0010137557983398438
0.001085519790649414
0.0012121200561523438
0.0011997222900390625
0.0
0.001199960708618164
0.0012660026550292969
0.0013580322265625
0.0011203289031982422
0.0009992122650146484
0.0011518001556396484
0.0010020732879638672
0.0
0.0
0.0
0.0
0.0
0.0
0.0
0.0
0.0
0.0
0.0
0.0
0.0
0.015636205673217773
0.0
0.0
0.0010154247283935547
0.0010023117065429688
0.0011119842529296875
0.0010242462158203125
0.0010063648223876953
0.0011134147644042969
0.0010666847229003906
0.0010662078857421875
0.0011589527130126953
0.0010709762573242188
0.0009999275207519531
0.0013136863708496094
0.0011210441589355469
0.0011484622955322266
0.0011076927185058594
0.0010793209075927734
0.0014033317565917969
0.0010113716125488281
0.0011506080627441406
0.0010027885437011719
0.0013117790222167969
0.0010018348693847656
0.0011019706726074219
0.0010030269622802734
0.0010068416595458984
0.0010573863983154297
0.0011019706726074219
0.0011327266693115234
0.002311229705810547
0.0010912418365478516
0.0010061264038085938
0.0012242794036865234
0.0011026859283447266
0.0013706684112548828
0.0011420249938964844
0.0012955665588378906
0.0010535717010498047
0.0010020732879638672
0.0
0.0
0.0011680126190185547
0.0010576248168945312
0.0010669231414794922
0.0011026859283447266
0.0010297298431396484
0.0010380744934082031
0.0014634132385253906
0.0010836124420166016
0.0010027885437011719
0.001100778579711914
0.0010116100311279297
0.0
0.0021486282348632812
0.0013680458068847656
0.0010745525360107422
0.0010418891906738281
0.0011966228485107422
0.0010025501251220703
0.0014858245849609375
0.0010151863098144531
0.0012309551239013672
0.0011811256408691406
0.001321554183959961
0.0012280941009521484
0.0010294914245605469
0.0010027885437011719
0.001150369644165039
0.0010023117065429688
0.0010075569152832031
0.001428365707397461
0.0023255348205566406
0.0
0.0
0.005168437957763672
0.0011692047119140625
0.0020356178283691406
0.0012826919555664062
0.0023429393768310547
0.0022430419921875
0.0012543201446533203
0.0020220279693603516
0.0012099742889404297
0.0011844635009765625
0.0024938583374023438
0.0020508766174316406
0.0012443065643310547
0.0020766258239746094
0.001031637191772461
0.0010449886322021484
0.0010373592376708984
0.002174854278564453
0.0010035037994384766
0.0010805130004882812
0.0009996891021728516
0.001325368881225586
0.0023221969604492188
0.002092123031616211
0.0010318756103515625
0.0010023117065429688
0.0010304450988769531
0.001032114028930664
0.001085042953491211
0.0011742115020751953
0.001215219497680664
0.001028299331665039
0.0011792182922363281
0.0010488033294677734
0.0013148784637451172
0.0011153221130371094
0.0013213157653808594
0.0010464191436767578
0.0010976791381835938
0.0011124610900878906
0.0010173320770263672
0.001218557357788086
0.0010755062103271484
0.002349853515625
0.0011479854583740234
0.00099945068359375
0.0024149417877197266
0.0024678707122802734
0.0010001659393310547
0.002000093460083008
0.0010001659393310547
0.0023953914642333984
0.001013040542602539
0.0014047622680664062
0.0010280609130859375
0.0010023117065429688
0.0014698505401611328
0.0028028488159179688
0.0010068416595458984
0.0010449886322021484
0.0009996891021728516
0.0010080337524414062
0.002070903778076172
0.0010027885437011719
0.0010242462158203125
0.001024484634399414
0.0010037422180175781
0.0010030269622802734
0.0007102489471435547
0.0021123886108398438
0.0010170936584472656
0.00099945068359375
0.0010471343994140625
0.0013208389282226562
0.0016849040985107422
0.0011801719665527344
0.0010137557983398438
0.001003265380859375
0.0013203620910644531
0.0012209415435791016
0.0020380020141601562
0.0012581348419189453
0.0013287067413330078
0.0010051727294921875
0.001178741455078125
0.0011293888092041016
0.0010428428649902344
0.0020723342895507812
0.0010106563568115234
0.0010056495666503906
0.0013005733489990234
0.00102996826171875
0.001275777816772461
0.0012729167938232422
0.0011081695556640625
0.0020072460174560547
0.0011026859283447266
0.0010023117065429688
0.001131296157836914
0.001283407211303711
0.001032114028930664
0.0010030269622802734
0.0010061264038085938
0.0012669563293457031
0.0014286041259765625
0.0011096000671386719
0.0010151863098144531
0.002332448959350586
0.0010364055633544922
0.0010020732879638672
0.0011658668518066406
0.0010612010955810547
0.0010700225830078125
0.001337289810180664
0.0010480880737304688
0.0011432170867919922
0.0010025501251220703
0.0010025501251220703
0.0010023117065429688
0.0010023117065429688
0.0012094974517822266
0.0010020732879638672
0.0010135173797607422
0.0010023117065429688
0.001024484634399414
0.0011277198791503906
0.001111745834350586
0.0011870861053466797
0.001194000244140625
0.0010867118835449219
0.0010025501251220703
0.001107931137084961
0.0010027885437011719
0.0010025501251220703
0.0010027885437011719
0.0010638236999511719
0.0011317729949951172
0.0012276172637939453
0.0011050701141357422
0.0012249946594238281
0.0011315345764160156
0.0010027885437011719
0.0010030269622802734
0.0010020732879638672
0.0009999275207519531
0.0010190010070800781
0.0013835430145263672
0.002007722854614258
0.0010788440704345703
0.00135040283203125
0.0010056495666503906
0.0010867118835449219
0.0
0.0
0.0
0.006001472473144531
0.0010097026824951172
0.0010025501251220703
0.0013315677642822266
0.002037525177001953
0.0013420581817626953
0.0014431476593017578
0.0010895729064941406
0.0023984909057617188
0.001012563705444336
0.002063751220703125
0.0011358261108398438
0.001013040542602539
0.0010688304901123047
0.0010035037994384766
0.001007080078125
0.0011301040649414062
0.0010025501251220703
0.0010099411010742188
0.0013515949249267578
0.0021708011627197266
0.001008749008178711
0.0011496543884277344
0.0010285377502441406
0.0010235309600830078
0.001300811767578125
0.0012464523315429688
0.002277374267578125
0.0011315345764160156
0.0012507438659667969
0.0011255741119384766
0.0010001659393310547
0.0009999275207519531
0.0022618770599365234
0.001356363296508789
0.0010228157043457031
0.0010304450988769531
0.0012853145599365234
0.002054452896118164
0.0010187625885009766
0.0011954307556152344
0.001271963119506836
0.002118349075317383
0.0010037422180175781
0.0
0.002554178237915039
0.0012433528900146484
0.0010027885437011719
0.0010042190551757812
0.0010104179382324219
0.0009996891021728516
0.0010457038879394531
0.0014014244079589844
0.0014376640319824219
0.0010104179382324219
0.0021610260009765625
0.001276254653930664
0.0010027885437011719
0.0013546943664550781
0.002033710479736328
0.0013308525085449219
0.001280069351196289
0.0011224746704101562
0.0010254383087158203
0.0012979507446289062
0.0011076927185058594
0.0012445449829101562
0.0011861324310302734
0.0011148452758789062
0.001003265380859375
0.001837015151977539
0.0010085105895996094
0.0010001659393310547
0.0010004043579101562
0.0024328231811523438
0.0010175704956054688
0.0026984214782714844
0.0010449886322021484
0.0011799335479736328
0.0010268688201904297
0.002502918243408203
0.0010037422180175781
0.0021924972534179688
0.0012118816375732422
0.0012297630310058594
0.001352071762084961
0.0010082721710205078
0.001190185546875
0.0013310909271240234
0.0010459423065185547
0.0010652542114257812
0.0010237693786621094
0.0009999275207519531
0.0010118484497070312
0.00106048583984375
0.0010001659393310547
0.0011105537414550781
0.002254009246826172
0.0
0.0014896392822265625
0.0012564659118652344
0.0014190673828125
0.0011601448059082031
0.0011494159698486328
0.0011000633239746094
0.001107931137084961
0.0010137557983398438
0.0011630058288574219
0.0010933876037597656
0.002187490463256836
0.0
0.0014812946319580078
0.0010063648223876953
0.001207113265991211
0.0011746883392333984
0.0011720657348632812
0.0012547969818115234
0.0020751953125
0.0011649131774902344
0.0011038780212402344
0.0011913776397705078
0.0011487007141113281
0.0010020732879638672
0.001130819320678711
0.0010378360748291016
0.0010111331939697266
0.0011816024780273438
0.0011243820190429688
0.0010187625885009766
0.0012183189392089844
0.0012137889862060547
0.0012967586517333984
0.0013918876647949219
0.0009996891021728516
0.0
0.0020940303802490234
0.0010161399841308594
0.001066446304321289
0.0011763572692871094
0.0011911392211914062
0.0010039806365966797
0.0010476112365722656
0.0010018348693847656
0.001087188720703125
0.0011262893676757812
0.0010781288146972656
0.001146078109741211
0.0011827945709228516
0.0011944770812988281
0.0010983943939208984
0.001039266586303711
0.0010688304901123047
0.0016205310821533203
0.0
0.0
0.0
0.0
0.00543975830078125
0.0015730857849121094
0.0011012554168701172
0.0010037422180175781
0.0012280941009521484
0.0010492801666259766
0.0010704994201660156
0.001085042953491211
0.0010859966278076172
0.0011363029479980469
0.0014090538024902344
0.001405477523803711
0.0
0.0010886192321777344
0.0010154247283935547
0.0014176368713378906
0.0
0.0
0.0
0.0013971328735351562
0.0010156631469726562
0.0011599063873291016
0.0010149478912353516
0.0010676383972167969
0.0010166168212890625
0.0014009475708007812
0.0
0.001373291015625
0.0010020732879638672
0.0010182857513427734
0.0010061264038085938
0.0
0.0010120868682861328