0.0030791759490966797
0.002588987350463867
0.0021436214447021484
0.0021431446075439453
0.0030400753021240234
0.001295328140258789
0.00213623046875
0.003381490707397461
0.002409696578979492
0.002157449722290039
0.0026781558990478516
0.002210855484008789
0.002379894256591797
0.0025391578674316406
0.0023088455200195312
0.0027184486389160156
0.002679109573364258
0.0021190643310546875
0.002501249313354492
0.002100229263305664
0.002358675003051758
0.002400636672973633
0.002141714096069336
0.0013451576232910156
0.0011441707611083984
0.0
0.0
0.0
0.0
0.0
0.0
0.0167086124420166
0.0020165443420410156
0.003094196319580078
0.002260446548461914
0.002577543258666992
0.0020020008087158203
0.0021164417266845703
0.0030493736267089844
0.00318145751953125
0.0010352134704589844
0.002748727798461914
0.002765178680419922
0.0014379024505615234
0.002310514450073242
0.00266265869140625
0.0021600723266601562
0.002170085906982422
0.0026481151580810547
0.0020046234130859375
0.002307891845703125
0.0020003318786621094
0.002000093460083008
0.0019996166229248047
0.0020635128021240234
0.0009996891021728516
0.0020003318786621094
0.0020003318786621094
0.002254962921142578
0.0023953914642333984
0.0022780895233154297
0.002202749252319336
0.002438068389892578
0.002489328384399414
0.002270936965942383
0.0025479793548583984
0.0025496482849121094
0.002546072006225586
0.0
0.0
0.0
0.0
0.0
0.013911247253417969
0.0012285709381103516
0.002504587173461914
0.003484487533569336
0.0013036727905273438
0.002595663070678711
0.002298593521118164
0.002045154571533203
0.002343893051147461
0.002205371856689453
0.002841472625732422
0.001447916030883789
0.0032465457916259766
0.0022792816162109375
0.0023813247680664062
0.0028574466705322266
0.001455545425415039
0.0023040771484375
0.002093791961669922
0.003000497817993164
0.004000186920166016
0.005000114440917969
0.0019998550415039062
0.002000570297241211
0.0019996166229248047
0.002000093460083008
0.002000093460083008
0.0030221939086914062
0.003002643585205078
0.0019998550415039062
0.004000425338745117
0.003053426742553711
0.0033597946166992188
0.004000663757324219
0.0020003318786621094
0.0019996166229248047
0.002000093460083008
0.0024161338806152344
0.0024220943450927734
0.0029997825622558594
0.003000020980834961
0.002999544143676758
0.002000093460083008
0.0023009777069091797
0.003000974655151367
0.0029993057250976562
0.0019998550415039062
0.003000020980834961
0.0019996166229248047
0.0019996166229248047
0.0030875205993652344
0.0014438629150390625
0.002420186996459961
0.002099752426147461
0.0023107528686523438
0.004999876022338867
0.002244234085083008
0.002000570297241211
0.003245830535888672
0.0023000240325927734
0.0024945735931396484
0.0031404495239257812
0.002268075942993164
0.003072500228881836
0.0023174285888671875
0.002557039260864258
0.002003192901611328
0.002638101577758789
0.0023691654205322266
0.0023484230041503906
0.0025453567504882812
0.002190828323364258
0.0009911060333251953
0.0
0.006224393844604492
0.0
0.0
0.0
0.001180410385131836
0.0033774375915527344
0.002219676971435547
0.002248525619506836
0.003346681594848633
0.002501964569091797
0.0014147758483886719
0.0021986961364746094
0.00255584716796875
0.0020978450775146484
0.0026700496673583984
0.0031919479370117188
0.0024971961975097656
0.002000093460083008
0.002509593963623047
0.003194570541381836
0.0022885799407958984
0.0024814605712890625
0.0020112991333007812
0.0025010108947753906
0.0021021366119384766
0.002299070358276367
0.002282857894897461
0.003122568130493164
0.002099275588989258
0.0020089149475097656
0.0024497509002685547
0.0020923614501953125
0.002350330352783203
0.002351045608520508
0.0031130313873291016
0.0032036304473876953
0.0024814605712890625
0.0022754669189453125
0.0013184547424316406
0.003885507583618164
0.0029273033142089844
0.001726388931274414
0.002047300338745117
0.0023598670959472656
0.0022139549255371094
0.0021347999572753906
0.002479076385498047
0.0022437572479248047
0.002416849136352539
0.0012423992156982422
0.002824544906616211
0.0027213096618652344
0.0020723342895507812
0.002383708953857422
0.002070903778076172
0.0022499561309814453
0.0032978057861328125
0.0009996891021728516
0.002817392349243164
0.0018205642700195312
0.0022237300872802734
0.0030024051666259766
0.0019998550415039062
0.0020003318786621094
0.002413511276245117
0.0021452903747558594
0.0020852088928222656
0.002422332763671875
0.002171039581298828
0.0026235580444335938
0.002965211868286133
0.00099945068359375
0.001146554946899414
0.0021376609802246094
0.0032677650451660156
0.0034613609313964844
0.0024361610412597656
0.002290010452270508
0.002288341522216797
0.0025832653045654297
0.0
0.0
0.0
0.009813308715820312
0.0
0.0047571659088134766
0.0022487640380859375
0.0028243064880371094
0.0014047622680664062
0.003349781036376953
0.0024123191833496094
0.0032815933227539062
0.0021173954010009766
0.0014698505401611328
0.003446340560913086
0.0020558834075927734
0.0013918876647949219
0.003544330596923828
0.002387523651123047
0.0017354488372802734
0.003021240234375
0.0033109188079833984
0.0020055770874023438
0.003336191177368164
0.0021822452545166016
0.0024030208587646484
0.002336740493774414
0.002580404281616211
0.002167224884033203
0.003238677978515625
0.002198457717895508
0.0020668506622314453
0.0024046897888183594
0.0024862289428710938
0.002268552780151367
0.002312183380126953
0.003317594528198242
0.003139972686767578
0.0019996166229248047
0.002944469451904297
0.0020062923431396484
0.0
0.00360107421875
0.0
0.006064653396606445
0.0
0.004897356033325195
0.002541780471801758
0.002019166946411133
0.002670764923095703
0.0021598339080810547
0.0020182132720947266
0.0035049915313720703
0.002330780029296875
0.0021195411682128906
0.002269744873046875
0.002302885055541992
0.002213716506958008
0.0021657943725585938
0.0024662017822265625
0.0025086402893066406
0.002055644989013672
0.003081798553466797
0.0012209415435791016
0.002215862274169922
0.0024471282958984375
0.003358602523803711
0.002360105514526367
0.002424478530883789
0.0011997222900390625
0.0027997493743896484
0.0024347305297851562
0.002481698989868164
0.003146648406982422
0.002164125442504883
0.002293109893798828
0.0023336410522460938
0.003038167953491211
0.002682209014892578
0.001470804214477539
0.0014162063598632812
0.0
0.0
0.0
0.0
0.0
0.014821290969848633
0.002249479293823242
0.0022313594818115234
0.001394510269165039
0.0022711753845214844
0.0030868053436279297
0.001481771469116211
0.0025589466094970703
0.002372264862060547
0.002471446990966797
0.003207683563232422
0.0020499229431152344
0.00272369384765625
0.0022428035736083984
0.0032396316528320312
0.0024428367614746094
0.002107858657836914
0.0027205944061279297
0.0026712417602539062
0.003230571746826172
0.0031211376190185547
0.0021963119506835938
0.0016770362854003906
0.0030395984649658203
0.002138853073120117
0.0023436546325683594
0.0022907257080078125
0.002048015594482422
0.0025222301483154297
0.002704143524169922
0.002531290054321289
0.002646923065185547
0.0013344287872314453
0.002000093460083008
0.001348733901977539
0.0
0.002958059310913086
0.0026617050170898438
0.003802061080932617
0.0023925304412841797
0.0014917850494384766
0.002130270004272461
0.0026628971099853516
0.0027637481689453125
0.0020639896392822266
0.0022745132446289062
0.0023386478424072266
0.0024182796478271484
0.002500772476196289
0.0023958683013916016
0.0026865005493164062
0.002154111862182617
0.002104520797729492
0.0024764537811279297
0.0020627975463867188
0.002131938934326172
0.004706382751464844
0.002142190933227539
0.0020112991333007812
0.0022170543670654297
0.0014417171478271484
0.0024461746215820312
0.002766132354736328
0.0024476051330566406
0.0024139881134033203
0.0024328231811523438
0.002189159393310547
0.0020198822021484375
0.0024492740631103516
0.0022058486938476562
0.003464221954345703
0.0035026073455810547
0.0022220611572265625
0.0023126602172851562
0.0021288394927978516
0.0
0.0031735897064208984
0.0
0.004532814025878906
0.0038831233978271484
0.0020062923431396484
0.002611398696899414
0.0031502246856689453
0.002108335494995117
0.0010006427764892578
0.0022318363189697266
0.002763032913208008
0.0
0.004594564437866211
0.003440380096435547
0.002300262451171875
0.003259420394897461
0.0014483928680419922
0.0026488304138183594
0.002250194549560547
0.003979682922363281
0.004000425338745117
0.004999876022338867
0.002000093460083008
0.004999637603759766
0.002000093460083008
0.0009999275207519531
0.0028150081634521484
0.002000093460083008
0.003000020980834961
0.002000093460083008
0.0019998550415039062
0.0019998550415039062
0.0030002593994140625
0.002000093460083008
0.0029997825622558594
0.0038170814514160156
0.0021851062774658203
0.00200653076171875
0.0020079612731933594
0.0040128231048583984
0.00200653076171875
0.0038309097290039062
0.0039997100830078125
0.0014569759368896484
0.0024907588958740234
0.0020067691802978516
0.001999378204345703
0.0024781227111816406
0.001999378204345703
0.0019996166229248047
0.002304553985595703
0.0021228790283203125
0.0034677982330322266
0.002195119857788086
0.0035104751586914062
0.0020003318786621094
0.0031557083129882812
0.0020263195037841797
0.002000093460083008
0.002137422561645508
0.0027158260345458984
0.0022068023681640625
0.0021054744720458984
0.0022487640380859375
0.0033397674560546875
0.0010919570922851562
0.002871990203857422
0.002636432647705078
0.002009153366088867
0.002733945846557617
0.0021409988403320312
0.0032279491424560547
0.002393007278442383
0.0019996166229248047
0.002218008041381836
0.0010018348693847656
0.004161834716796875
0.0006604194641113281
0.004114866256713867
0.0019996166229248047
0.0033152103424072266
0.003114461898803711
0.0014617443084716797
0.002003192901611328
0.002460479736328125
0.0021085739135742188
0.0019998550415039062
0.0030002593994140625
0.0019998550415039062
0.0019998550415039062
0.0030002593994140625
0.0019996166229248047
0.002000093460083008
0.003000020980834961
0.0021753311157226562
0.0020661354064941406
0.002093791961669922
0.00302886962890625
0.003631591796875
0.0020029544830322266
0.004045724868774414
0.0021545886993408203
0.002354145050048828
0.0024318695068359375
0.002367734909057617
0.0021996498107910156
0.0014276504516601562
0.0032024383544921875
0.0020699501037597656
0.0022516250610351562
0.002000093460083008
0.0020105838775634766
0.002284526824951172
0.0026636123657226562
0.003240346908569336
0.0021386146545410156
0.0
0.0
0.006300210952758789
0.0
0.0034601688385009766
0.0028715133666992188
0.001239776611328125
0.0022242069244384766
0.002234220504760742
0.0010001659393310547
0.0016934871673583984
0.002221345901489258
0.003622770309448242
0.002577066421508789
0.0023903846740722656
0.0024344921112060547
0.00099945068359375
0.0022363662719726562
0.0032083988189697266
0.0011165142059326172
0.002072572708129883
0.001734018325805664
0.002200603485107422
0.0019998550415039062
0.0019998550415039062
0.004172563552856445
0.002118825912475586
0.002273082733154297
0.0010199546813964844
0.0014801025390625
0.0010020732879638672
0.002424955368041992
0.0013132095336914062
0.0029997825622558594
0.0024874210357666016
0.0026006698608398438
0.0023305416107177734
0.0020003318786621094
0.0023992061614990234
0.003412961959838867
0.0031473636627197266
0.0020003318786621094
0.003315448760986328
0.0025472640991210938
0.002456188201904297
0.002439260482788086
0.002497434616088867
0.0
0.004118680953979492
0.0043201446533203125
0.005464792251586914
0.002068042755126953
0.0013921260833740234
0.002245187759399414
0.0025725364685058594
0.002286672592163086
0.0013370513916015625
0.003497600555419922
0.003111124038696289
0.00449371337890625
0.003297567367553711
0.0024077892303466797
0.0026459693908691406
0.002000093460083008
0.002040386199951172
0.0023577213287353516
0.0020437240600585938
0.0020360946655273438
0.0021638870239257812
0.0030679702758789062
0.002000093460083008
0.002000093460083008
0.0026738643646240234
0.0019998550415039062
0.0025043487548828125
0.0022420883178710938
0.002438783645629883
0.002835512161254883
0.002015352249145508
0.0022268295288085938
0.0022885799407958984
0.005291938781738281
0.0022172927856445312
0.0014882087707519531
0.0025959014892578125
0.0
0.0028738975524902344
0.003713846206665039
0.0
0.0
0.006893157958984375
0.002225637435913086
0.0026175975799560547
0.0021507740020751953
0.002139568328857422
0.002081632614135742
0.002355337142944336
0.002002239227294922
0.003597736358642578
0.002506732940673828
0.0013549327850341797
0.0033545494079589844
0.0012226104736328125
0.002808094024658203
0.0020003318786621094
0.0028264522552490234
0.0023522377014160156
0.0022025108337402344
0.0020003318786621094
0.0019996166229248047
0.0023550987243652344
0.002065420150756836
0.002104520797729492
0.003235340118408203
0.002496004104614258
0.002177000045776367
0.003139019012451172
0.0013227462768554688
0.002355813980102539
0.002392292022705078
0.0023670196533203125
0.0023488998413085938
0.002149343490600586
0.003126859664916992
0.0022983551025390625
0.0023682117462158203
0.0013921260833740234
0.0
0.003956794738769531
0.0
0.00604557991027832
0.0
0.0
0.007070064544677734
0.002881765365600586
0.0033168792724609375
0.0016520023345947266
0.0024871826171875
0.002081632614135742
0.0010004043579101562
0.0023512840270996094
0.0010952949523925781
0.003280162811279297
0.0014274120330810547
0.002334117889404297
0.002420186996459961
0.0024023056030273438
0.002002716064453125
0.0026438236236572266
0.0014801025390625
0.0033919811248779297
0.002148151397705078
0.0010025501251220703
0.0033349990844726562
0.0041637420654296875
0.00153350830078125
0.0023789405822753906
0.002290487289428711
0.0025234222412109375
0.0014846324920654297
0.0024368762969970703
0.0026471614837646484
0.001432657241821289
0.0033464431762695312
0.002332448959350586
0.0012974739074707031
0.0032324790954589844
0.0009989738464355469
0.0023622512817382812
0.0037009716033935547
0.0020062923431396484
0.002791881561279297
0.0
0.0
0.00495457649230957
0.0020651817321777344
0.0022115707397460938
0.0025081634521484375
0.0020003318786621094
0.0024607181549072266
0.0011913776397705078
0.0023643970489501953
0.002434253692626953
0.0026984214782714844
0.0024688243865966797
0.0022704601287841797
0.002256155014038086
0.0021996498107910156
0.0014111995697021484
0.002362489700317383
0.0022821426391601562
0.002123117446899414
0.002217531204223633
0.0021982192993164062
0.003040313720703125
0.0034453868865966797
0.003120899200439453
0.0025594234466552734
0.002192974090576172
0.0024809837341308594
0.0024230480194091797
0.0024085044860839844
0.0023343563079833984
0.002181529998779297
0.002260923385620117
0.0014786720275878906
0.002551555633544922
0.003329753875732422
0.002822399139404297
0.0011341571807861328
0.0
0.003537416458129883
0.00430607795715332
0.0
0.0
0.00649714469909668
0.0023696422576904297
0.0020339488983154297
0.0023970603942871094
0.002218008041381836
0.0020694732666015625
0.0023603439331054688
0.002401113510131836
0.002010345458984375
0.003180265426635742
0.0024149417877197266
0.003310680389404297
0.0023512840270996094
0.0014429092407226562
0.002589702606201172
0.0024399757385253906
0.0023453235626220703
0.002020597457885742
0.0023069381713867188
0.002482175827026367
0.002281665802001953
0.002437591552734375
0.0012633800506591797
0.002197265625
0.0027408599853515625
0.002313375473022461
0.0023708343505859375
0.002225160598754883
0.0027091503143310547
0.0022208690643310547
0.0027642250061035156
0.0021071434020996094
0.001417398452758789
0.0026369094848632812
0.0031473636627197266
0.002060413360595703
0.0025832653045654297
0.0024063587188720703
0.0025959014892578125
0.0
0.0
0.0
0.008775472640991211
0.0024695396423339844
0.0027692317962646484
0.002301454544067383
0.002437114715576172
0.0012199878692626953
0.0025146007537841797
0.0023064613342285156
0.0022928714752197266
0.0027794837951660156
0.0024347305297851562
0.0034885406494140625
0.002473592758178711
0.002292633056640625
0.0012760162353515625
0.0027501583099365234
0.003383636474609375
0.0014636516571044922
0.0023081302642822266
0.002470254898071289
0.002121448516845703
0.002111196517944336
0.0024580955505371094
0.00350189208984375
0.0020644664764404297
0.002188444137573242
0.0023322105407714844
0.0025103092193603516
0.0021791458129882812
0.0020513534545898438
0.0024261474609375
0.003387928009033203
0.0023305416107177734
0.002301931381225586
0.0011301040649414062
0.0024645328521728516
0.0026764869689941406
0.0014710426330566406
0.0
0.0
0.0018546581268310547
0.0027158260345458984
0.0022356510162353516
0.0012540817260742188
0.0013592243194580078
0.00223541259765625
0.002015829086303711
0.003627300262451172
0.0021533966064453125
0.0030264854431152344
0.002031087875366211
0.0014243125915527344
0.0023338794708251953
0.002235889434814453
0.0023355484008789062
0.0019996166229248047
0.0030846595764160156
0.0020704269409179688
0.002363920211791992
0.002296924591064453
0.002086639404296875
0.0020945072174072266
0.0021545886993408203
0.0023543834686279297
0.002500772476196289
0.0023527145385742188
0.0021944046020507812
0.002147674560546875
0.0020346641540527344
0.002201080322265625
0.0021886825561523438
0.0021860599517822266
0.0026810169219970703
0.002083301544189453
0.0021600723266601562
0.0020656585693359375
0.0020895004272460938
0.002072572708129883
0.003100872039794922
0.002771615982055664
0.002087116241455078
0.0
0.002885580062866211
0.004980802536010742
0.0
0.004422187805175781
0.0
0.0035505294799804688
0.0022869110107421875
0.0025305747985839844
0.0010023117065429688
0.002496957778930664
0.002325296401977539
0.0019998550415039062
0.002591371536254883
0.0020945072174072266
0.0019998550415039062
0.0022814273834228516
0.0019996166229248047
0.003113985061645508
0.0030755996704101562
0.002487659454345703
0.002214193344116211
0.0023572444915771484
0.0020182132720947266
0.0020034313201904297
0.002701997756958008
0.00211334228515625
0.0025773048400878906
0.0021190643310546875
0.0024766921997070312
0.0025069713592529297
0.0019996166229248047
0.0018949508666992188
0.002431154251098633
0.003293752670288086
0.0030956268310546875
0.0012822151184082031
0.001135110855102539
0.0024285316467285156
0.0023298263549804688
0.002100706100463867
0.0025522708892822266
0.0010027885437011719
0.003578662872314453
0.0020101070404052734
0.002337217330932617
0.0024976730346679688
0.0013203620910644531
0.0023131370544433594
0.002054452896118164
0.003019094467163086
0.0014579296112060547
0.0020067691802978516
0.0022733211517333984
0.0026760101318359375
0.002275228500366211
0.002102375030517578
0.002382516860961914
0.0023927688598632812
0.002128124237060547
0.0014805793762207031
0.0027158260345458984
0.0021162033081054688
0.005475521087646484
0.003570079803466797
0.0022668838500976562
0.002286672592163086
0.0034029483795166016
0.0013914108276367188
0.001088857650756836
0.002048492431640625
0.0023016929626464844
0.002488374710083008
0.002857208251953125
0.0022330284118652344
0.001493215560913086
0.002502918243408203
0.002128124237060547
0.0025892257690429688
0.002191781997680664
0.001363992691040039
0.0026636123657226562
0.002453327178955078
0.0023577213287353516
0.0015017986297607422
0.0009996891021728516
0.0044209957122802734
0.0016565322875976562
0.002100229263305664
0.002172231674194336
0.0020024776458740234
0.0032837390899658203
0.0010018348693847656
0.0024733543395996094
0.002701282501220703
0.0020093917846679688
0.002814054489135742
0.0014836788177490234
0.0024263858795166016
0.002097606658935547
0.002335071563720703
0.0020003318786621094
0.0013234615325927734
0.002719402313232422
0.0023403167724609375
0.002065420150756836
0.0023865699768066406
0.0020020008087158203
0.002000093460083008
0.0021448135375976562
0.0024950504302978516
0.0020494461059570312
0.0023374557495117188
0.003434896469116211
0.0010001659393310547
0.002604961395263672
0.003376483917236328
0.0020987987518310547
0.0012180805206298828
0.0034008026123046875
0.0010132789611816406
0.003354787826538086
0.0030968189239501953
0.002119779586791992
0.0010483264923095703
0.0026314258575439453
0.0020427703857421875
0.0025339126586914062
0.003724336624145508
0.001819610595703125
0.0031621456146240234
0.003088235855102539
0.003117799758911133
0.0
0.0043964385986328125
0.002595663070678711
0.002160787582397461
0.0030884742736816406
0.0032491683959960938
0.0022783279418945312
0.0020780563354492188
0.0031795501708984375
0.002265453338623047
0.0020918846130371094
0.002445697784423828
0.0012936592102050781
0.0023081302642822266
0.0020024776458740234
0.0023987293243408203
0.0032303333282470703
0.0030040740966796875
0.004148244857788086
0.0014507770538330078
0.0022954940795898438
0.0023338794708251953
0.0010111331939697266
0.0024814605712890625