0.0033311843872070312
0.002125263214111328
0.002319812774658203
0.002573251724243164
0.0020029544830322266
0.0019075870513916016
0.0035545825958251953
0.0042383670806884766
0.0021305084228515625
0.0022242069244384766
0.0033392906188964844
0.0024557113647460938
0.003094911575317383
0.002340078353881836
0.002886533737182617
0.0022962093353271484
0.002039194107055664
0.0
0.005316495895385742
0.002012014389038086
0.001096487045288086
0.00318145751953125
0.0020246505737304688
0.0024268627166748047
0.0036325454711914062
0.002080678939819336
0.002583742141723633
0.002190828323364258
0.002226114273071289
0.0023717880249023438
0.0022971630096435547
0.0020020008087158203
0.0031774044036865234
0.002341032028198242
0.002462148666381836
0.002290010452270508
0.0032248497009277344
0.002378225326538086
0.0024535655975341797
0.0022149085998535156
0.002119779586791992
0.003623485565185547
0.002022266387939453
0.0024971961975097656
0.002563953399658203
0.002131938934326172
0.0027060508728027344
0.0021903514862060547
0.002183198928833008
0.0032241344451904297
0.003241300582885742
0.003068208694458008
0.002494335174560547
0.0021581649780273438
0.002606630325317383
0.0033872127532958984
0.002569437026977539
0.0024878978729248047
0.002607107162475586
0.003036975860595703
0.0038802623748779297
0.0010035037994384766
0.003912448883056641
0.002442598342895508
0.0022134780883789062
0.0031049251556396484
0.0009999275207519531
0.002061128616333008
0.0020639896392822266
0.0023827552795410156
0.0033159255981445312
0.0014870166778564453
0.0012688636779785156
0.0028743743896484375
0.003101825714111328
0.0021114349365234375
0.003111600875854492
0.0031294822692871094
0.002392292022705078
0.0029010772705078125
0.0023763179779052734
0.0021364688873291016
0.0023894309997558594
0.002316713333129883
0.0020720958709716797
0.002485990524291992
0.0030777454376220703
0.0030608177185058594
0.0013344287872314453
0.0030612945556640625
0.0034618377685546875
0.002378225326538086
0.0033330917358398438
0.0017828941345214844
0.002737760543823242
0.0025146007537841797
0.002420663833618164
0.0021309852600097656
0.002024412155151367
0.0033643245697021484
0.0024700164794921875
0.0022153854370117188
0.002133607864379883
0.0027196407318115234
0.002104043960571289
0.003123760223388672
0.0009999275207519531
0.0033843517303466797
0.001486063003540039
0.003372669219970703
0.0031087398529052734
0.003336191177368164
0.0023093223571777344
0.0020303726196289062
0.003142118453979492
0.002351522445678711
0.002065896987915039
0.003119945526123047
0.002632617950439453
0.0024526119232177734
0.0020940303802490234
0.0022263526916503906
0.0021071434020996094
0.003149271011352539
0.002323627471923828
0.0020608901977539062
0.0023822784423828125
0.002292156219482422
0.002538919448852539
0.002097606658935547
0.002295255661010742
0.002157926559448242
0.002218961715698242
0.002050638198852539
0.0028913021087646484
0.0
0.004359006881713867
0.0024690628051757812
0.0023598670959472656
0.002113819122314453
0.0030710697174072266
0.0020134449005126953
0.0013506412506103516
0.0034275054931640625
0.0020895004272460938
0.003381967544555664
0.003306865692138672
0.0024139881134033203
0.0032727718353271484
0.001026153564453125
0.003140687942504883
0.002232074737548828
0.002440214157104492
0.0032579898834228516
0.0020308494567871094
0.003196239471435547
0.0024771690368652344
0.002492666244506836
0.001371622085571289
0.0020699501037597656
0.0022246837615966797
0.0020236968994140625
0.0022995471954345703
0.002544403076171875
0.0030815601348876953
0.0020732879638671875
0.0022020339965820312
0.0025482177734375
0.0034456253051757812
0.0022058486938476562
0.0025751590728759766
0.0024170875549316406
0.002556324005126953
0.0022132396697998047
0.0
0.004557132720947266
0.0022678375244140625
0.002370119094848633
0.003538846969604492
0.002241373062133789
0.0020151138305664062
0.003023386001586914
0.002267122268676758
0.003240346908569336
0.0022199153900146484
0.002069711685180664
0.002111196517944336
0.0035533905029296875
0.002021312713623047
0.003261089324951172
0.0020406246185302734
0.0020134449005126953
0.0023403167724609375
0.0031576156616210938
0.0022192001342773438
0.003246307373046875
0.002057313919067383
0.0014758110046386719
0.0030202865600585938
0.0023496150970458984
0.002477884292602539
0.002457857131958008
0.0022640228271484375
0.0022559165954589844
0.0023980140686035156
0.0020406246185302734
0.0023522377014160156
0.003139495849609375
0.0019996166229248047
0.0025780200958251953
0.0021152496337890625
0.002558469772338867
0.002592325210571289
0.0010018348693847656
0.004313468933105469
0.002477407455444336
0.002482891082763672
0.0021965503692626953
0.0025174617767333984
0.0021393299102783203
0.0024247169494628906
0.0034546852111816406
0.002350330352783203
0.0022683143615722656
0.0020093917846679688
0.002140522003173828
0.0030493736267089844
0.0023369789123535156
0.003120899200439453
0.003297567367553711
0.002521038055419922
0.002089977264404297
0.0023038387298583984
0.0020558834075927734
0.004006862640380859
0.0013208389282226562
0.0032989978790283203
0.0024940967559814453
0.0020847320556640625
0.0025005340576171875
0.0023887157440185547
0.0021631717681884766
0.0034830570220947266
0.002438783645629883
0.0021333694458007812
0.0020024776458740234
0.002219676971435547
0.0024187564849853516
0.0020372867584228516
0.002099275588989258
0.0026640892028808594
0.002402782440185547
0.002181529998779297
0.001928567886352539
0.0
0.0066568851470947266
0.0031821727752685547
0.0011742115020751953
0.002274751663208008
0.002096891403198242
0.002469778060913086
0.0021600723266601562
0.0022046566009521484
0.0037882328033447266
0.0034101009368896484
0.002436399459838867
0.003396749496459961
0.002081155776977539
0.002499103546142578
0.0022809505462646484
0.0020668506622314453
0.0024101734161376953
0.002367734909057617
0.0020508766174316406
0.003999948501586914
0.0024373531341552734
0.0024271011352539062
0.002432584762573242
0.002002716064453125
0.002252340316772461
0.0031044483184814453
0.002146005630493164
0.003102540969848633
0.0023431777954101562
0.0034515857696533203
0.002084493637084961
0.0021119117736816406
0.002036571502685547
0.002007722854614258
0.0024902820587158203
0.002314329147338867
0.0025823116302490234
0.0010190010070800781
0.004451751708984375
0.002908945083618164
0.0
0.005327701568603516
0.0021479129791259766
0.002270936965942383
0.0014812946319580078
0.002450704574584961
0.002309083938598633
0.0022804737091064453
0.0022246837615966797
0.002167940139770508
0.002438068389892578
0.0024747848510742188
0.002424478530883789
0.0026383399963378906
0.0022401809692382812
0.0020203590393066406
0.0033006668090820312
0.002121448516845703
0.0
0.003948688507080078
0.0024704933166503906
0.003075838088989258
0.0020151138305664062
0.002344846725463867
0.0020558834075927734
0.0020699501037597656
0.002536773681640625
0.004192829132080078
0.0020613670349121094
0.0021071434020996094
0.0024819374084472656
0.002003192901611328
0.002582550048828125
0.002417325973510742
0.002028942108154297
0.0020732879638671875
0.0028367042541503906
0.0022575855255126953
0.0018393993377685547
0.004225492477416992
0.0026955604553222656
0.0015943050384521484
0.0030269622802734375
0.002317190170288086
0.003094196319580078
0.0031499862670898438
0.0010950565338134766
0.0032312870025634766
0.002469301223754883
0.0033822059631347656
0.00217437744140625
0.002137899398803711
0.002324342727661133
0.003112316131591797
0.002382993698120117
0.002019166946411133
0.0033364295959472656
0.0023725032806396484
0.0021216869354248047
0.0023686885833740234
0.003583192825317383
0.002440929412841797
0.0031249523162841797
0.002050161361694336
0.0020608901977539062
0.0034432411193847656
0.0021851062774658203
0.0022368431091308594
0.0032956600189208984
0.002245664596557617
0.0020360946655273438
0.002257108688354492
0.002431631088256836
0.002145528793334961
0.003081083297729492
0.0026488304138183594
0.002294778823852539
0.0
0.0
0.007130861282348633
0.0022416114807128906
0.0031554698944091797
0.0024459362030029297
0.0030694007873535156
0.002492666244506836
0.0024394989013671875
0.002065420150756836
0.002695322036743164
0.002491474151611328
0.0023887157440185547
0.0020837783813476562
0.003113269805908203
0.0023734569549560547
0.003256082534790039
0.002032041549682617
0.0020973682403564453
0.0033826828002929688
0.0021219253540039062
0.0030634403228759766
0.002092123031616211
0.0020744800567626953
0.002474069595336914
0.0024907588958740234
0.002028226852416992
0.002487659454345703
0.003000020980834961
0.0019998550415039062
0.0020008087158203125
0.0029993057250976562
0.0020470619201660156
0.0021910667419433594
0.002744913101196289
0.0037577152252197266
0.0024271011352539062
0.002260446548461914
0.0027854442596435547
0.0011706352233886719
0.0020465850830078125
0.0
0.0
0.009805917739868164
0.0021750926971435547
0.0013430118560791016
0.003202676773071289
0.0015480518341064453
0.0022552013397216797
0.003794431686401367
0.0035796165466308594
0.0014643669128417969
0.003253936767578125
0.0010073184967041016
0.0036056041717529297
0.002279520034790039
0.002086639404296875
0.0024802684783935547
0.0020589828491210938
0.0010089874267578125
0.002022981643676758
0.0032401084899902344
0.001100301742553711
0.003510713577270508
0.002081155776977539
0.002002239227294922
0.002126455307006836
0.0023877620697021484
0.002165079116821289
0.002155303955078125
0.0022454261779785156
0.003395557403564453
0.002022266387939453
0.0021109580993652344
0.0011374950408935547
0.003009319305419922
0.0020742416381835938
0.002100229263305664
0.0020241737365722656
0.00308990478515625
0.0
0.0046656131744384766
0.003095388412475586
0.0021173954010009766
0.002076387405395508
0.003338336944580078
0.0022525787353515625
0.003116607666015625
0.0021386146545410156
0.002337217330932617
0.004388093948364258
0.002232074737548828
0.0020062923431396484
0.0011560916900634766
0.0022759437561035156
0.0022389888763427734
0.0023856163024902344
0.0013132095336914062
0.002206563949584961
0.0023202896118164062
0.0024645328521728516
0.00305938720703125
0.002053976058959961
0.0024704933166503906
0.0020606517791748047
0.0023458003997802734
0.0020694732666015625
0.0035486221313476562
0.0018918514251708984
0.0030350685119628906
0.00316619873046875
0.002567768096923828
0.002513408660888672
0.002006053924560547
0.0020563602447509766
0.003351926803588867
0.002415180206298828
0.0021812915802001953
0.0012559890747070312
0.0
0.005486965179443359
0.003235340118408203
0.0023343563079833984
0.002306699752807617
0.0022878646850585938
0.002034902572631836
0.0021390914916992188
0.002274751663208008
0.002580404281616211
0.0031876564025878906
0.0020411014556884766
0.002310514450073242
0.0033333301544189453
0.0021600723266601562
0.002120494842529297
0.0030591487884521484
0.0022194385528564453
0.002297639846801758
0.002418994903564453
0.0022134780883789062
0.0030570030212402344
0.0022437572479248047
0.0024559497833251953
0.0013778209686279297
0.0034003257751464844
0.0021250247955322266
0.0022497177124023438
0.002197265625
0.002041339874267578
0.0013267993927001953
0.003129720687866211
0.003270387649536133
0.0024437904357910156
0.0030934810638427734
0.002020120620727539
0.0022220611572265625
0.002284526824951172
0.0023474693298339844
0.0025954246520996094
0.0
0.0
0.0
0.0
0.0
0.012600183486938477
0.0037500858306884766
0.002586841583251953
0.002254486083984375
0.0030939579010009766
0.002592325210571289
0.0022745132446289062
0.0022640228271484375
0.0025234222412109375
0.0022461414337158203
0.0025076866149902344
0.0030884742736816406
0.0021047592163085938
0.002225160598754883
0.002128124237060547
0.0020885467529296875
0.003439188003540039
0.0022792816162109375
0.0024590492248535156
0.0021376609802246094
0.002117633819580078
0.0020744800567626953
0.002569913864135742
0.003054380416870117
0.0031745433807373047
0.002294301986694336
0.0034744739532470703
0.002633333206176758
0.0012285709381103516
0.0024805068969726562
0.002239227294921875
0.0024251937866210938
0.0032858848571777344
0.0030765533447265625
0.0024747848510742188
0.001888275146484375
0.0022644996643066406
0.003987550735473633
0.0023779869079589844
0.0034515857696533203
0.002260446548461914
0.0022003650665283203
0.002115964889526367
0.002523183822631836
0.0020804405212402344
0.002016782760620117
0.002160310745239258
0.002135753631591797
0.003220796585083008
0.002000093460083008
0.0019998550415039062
0.0030007362365722656
0.0019996166229248047
0.0019996166229248047
0.0029997825622558594
0.002000093460083008
0.002000093460083008
0.003222227096557617
0.0020112991333007812
0.0030608177185058594
0.0014672279357910156
0.003366231918334961
0.0023889541625976562
0.0023932456970214844
0.0022237300872802734
0.002092599868774414
0.0019996166229248047
0.002089262008666992
0.0030508041381835938
0.004121541976928711
0.002353668212890625
0.0031435489654541016
0.0014438629150390625
0.002144336700439453
0.0032460689544677734
0.0017437934875488281
0.002314329147338867
0.003049612045288086
0.002206087112426758
0.0022192001342773438
0.0020787715911865234
0.0012373924255371094
0.0020232200622558594
0.0010569095611572266
0.0035021305084228516
0.0024950504302978516
0.0031976699829101562
0.002335071563720703
0.003188610076904297
0.0014085769653320312
0.0034673213958740234
0.002002716064453125
0.00262451171875
0.003095388412475586
0.0021033287048339844
0.002351522445678711
0.0025069713592529297
0.002034425735473633
0.0031080245971679688
0.0022165775299072266
0.0020024776458740234
0.002665281295776367
0.0020024776458740234
0.002144336700439453
0.002054929733276367
0.0026314258575439453
0.001491546630859375
0.002363920211791992
0.0020062923431396484
0.002810955047607422
0.003289937973022461
0.002002716064453125
0.0031015872955322266
0.0020003318786621094
0.0024547576904296875
0.0027201175689697266
0.003288745880126953
0.0014622211456298828
0.002429485321044922
0.002218961715698242
0.0022995471954345703
0.0034890174865722656
0.0019996166229248047
0.002336740493774414
0.002250194549560547
0.0020554065704345703
0.003469228744506836
0.0023021697998046875
0.002032041549682617
0.002002239227294922
0.002329111099243164
0.002452850341796875
0.0040130615234375
0.0020868778228759766
0.003348827362060547
0.0023696422576904297
0.0033097267150878906
0.0031380653381347656
0.0021944046020507812
0.0032401084899902344
0.0020720958709716797
0.0024793148040771484
0.002276897430419922
0.0022275447845458984
0.002242565155029297
0.002408266067504883
0.002215147018432617
0.003594636917114258
0.007401466369628906
0.0031630992889404297
0.0007047653198242188
0.005233287811279297
0.0037119388580322266
0.0030210018157958984
0.0029997825622558594
0.0029997825622558594
0.003000020980834961
0.00321197509765625
0.0022759437561035156
0.0024263858795166016
0.003107309341430664
0.002138853073120117
0.0033092498779296875
0.0024690628051757812
0.004072666168212891
0.0035505294799804688
0.0022025108337402344
0.0022721290588378906
0.003336668014526367
0.0020246505737304688
0.002419710159301758
0.002450227737426758
0.002264261245727539
0.00250244140625
0.002112865447998047
0.0021064281463623047
0.0010001659393310547
0.003187894821166992
0.0026984214782714844
0.0020263195037841797
0.0034949779510498047
0.0010418891906738281
0.002074718475341797
0.002099275588989258
0.0025246143341064453
0.0010023117065429688
0.0035545825958251953
0.0010366439819335938
0.004196643829345703
0.0021514892578125
0.002306699752807617
0.002388477325439453
0.002118825912475586
0.0020797252655029297
0.002187013626098633
0.002031087875366211
0.0022258758544921875
0.002586841583251953
0.0022962093353271484
0.0020990371704101562
0.0028455257415771484
0.00336456298828125
0.002679109573364258
0.0022377967834472656
0.002332925796508789
0.00201416015625
0.003345489501953125
0.0012497901916503906
0.0040819644927978516
0.002755880355834961
0.0020475387573242188
0.0025031566619873047
0.0022513866424560547
0.0024614334106445312
0.002101421356201172
0.0032320022583007812
0.0027141571044921875
0.001348733901977539
0.003172636032104492
0.0020546913146972656
0.0024802684783935547
0.0030984878540039062
0.002015829086303711
0.0021996498107910156
0.0025784969329833984
0.0013659000396728516
0.0035250186920166016
0.0019114017486572266
0.0
0.003222942352294922
0.005049943923950195
0.002500295639038086
0.0020689964294433594
0.002058267593383789
0.002031564712524414
0.0033397674560546875
0.0021381378173828125
0.0022323131561279297
0.002447366714477539
0.002245187759399414
0.0024983882904052734
0.0034279823303222656
0.0020089149475097656
0.0032324790954589844
0.0022933483123779297
0.0019996166229248047
0.0019998550415039062
0.0030007362365722656
0.0023889541625976562
0.003669261932373047
0.002249002456665039
0.0022161006927490234
0.0022454261779785156
0.0026297569274902344
0.002253293991088867
0.002300739288330078
0.002677440643310547
0.0012462139129638672
0.0034008026123046875
0.0020608901977539062
0.002342700958251953
0.0021512508392333984
0.0022535324096679688
0.002251863479614258
0.002400636672973633
0.0020885467529296875
0.002100706100463867
0.001066446304321289
0.0013837814331054688
0.0
0.0054433345794677734
0.0036439895629882812
0.002431154251098633
0.0023555755615234375
0.002216339111328125
0.002218008041381836
0.0026557445526123047
0.001999378204345703
0.0012269020080566406
0.0031905174255371094
0.0
0.003107786178588867
0.002344846725463867
0.0025033950805664062
0.0028285980224609375
0.0022499561309814453
0.002252340316772461
0.002424955368041992
0.002602100372314453
0.0024559497833251953
0.0026702880859375
0.0020487308502197266
0.0027017593383789062
0.0020155906677246094
0.002367734909057617
0.002504110336303711
0.0032019615173339844
0.0023055076599121094
0.0021774768829345703
0.0022001266479492188
0.0036401748657226562
0.0023488998413085938
0.0010197162628173828
0.0032727718353271484
0.002265453338623047
0.0020093917846679688
0.0020465850830078125
0.0023276805877685547
0.0022666454315185547
0.0024437904357910156
0.0022382736206054688
0.0
0.0
0.007743120193481445
0.0020284652709960938
0.0020918846130371094
0.0032389163970947266
0.0021009445190429688
0.002233743667602539
0.0032684803009033203
0.002241373062133789
0.0030024051666259766
0.00327301025390625
0.002071380615234375
0.002372264862060547
0.003263235092163086
0.0020029544830322266
0.002448558807373047
0.0010006427764892578
0.003752470016479492
0.0030565261840820312
0.002079486846923828
0.0033864974975585938
0.0011098384857177734
0.0024590492248535156
0.0032961368560791016
0.0022101402282714844
0.002363920211791992
0.0025606155395507812
0.0023534297943115234
0.0014255046844482422
0.002156496047973633
0.0022690296173095703
0.0029082298278808594
0.002193450927734375
0.002367258071899414
0.002562999725341797
0.0026121139526367188
0.0020020008087158203
0.0026366710662841797
0.0
0.0
0.008375883102416992
0.0020236968994140625
0.0013432502746582031
0.002550840377807617
0.0032644271850585938
0.0020422935485839844
0.002252817153930664
0.0023987293243408203
0.003089427947998047
0.0022499561309814453
0.002229928970336914
0.0022368431091308594
0.004091739654541016
0.001317739486694336
0.0023512840270996094
0.002354145050048828
0.0022940635681152344
0.0028107166290283203
0.0011556148529052734
0.0034918785095214844
0.00307464599609375
0.0031862258911132812
0.0024499893188476562
0.0032525062561035156
0.0021970272064208984
0.002046823501586914
0.0033011436462402344
0.002180814743041992
0.0020771026611328125
0.0023622512817382812
0.0022373199462890625
0.0023908615112304688
0.0023381710052490234
0.002043008804321289
0.0030364990234375
0.0022187232971191406
0.002298593521118164
0.0009999275207519531
0.0
0.005750417709350586
0.0023567676544189453
0.002616405487060547
0.002087116241455078
0.0023844242095947266
0.0024509429931640625
0.002007722854614258
0.003511667251586914
0.0010025501251220703
0.0026252269744873047
0.002163410186767578
0.002283334732055664
0.0022363662719726562
0.002002239227294922
0.0014846324920654297
0.0026841163635253906
0.003507852554321289
0.0022842884063720703
0.00214385986328125
0.0024487972259521484
0.002141714096069336
0.0020246505737304688
0.0034110546112060547
0.0011701583862304688
0.0030989646911621094
0.001470327377319336
0.0020530223846435547
0.003175973892211914
0.0034253597259521484
0.0022614002227783203
0.0022585391998291016
0.0032150745391845703
0.0031900405883789062
0.0024712085723876953
0.003024578094482422
0.0020799636840820312
0.0024633407592773438
0.0021195411682128906
0.0022249221801757812
0.0
0.004513263702392578
0.0
0.0
0.007615327835083008
0.0020568370819091797
0.002353668212890625
0.0023038387298583984
0.003597259521484375
0.002059459686279297
0.0031099319458007812
0.002383708953857422
0.001001596450805664
0.002498626708984375
0.0028243064880371094
0.002243518829345703
0.002077817916870117
0.0014007091522216797
0.002669095993041992
0.0031430721282958984
0.0012786388397216797
0.0032079219818115234
0.0023348331451416016
0.0011191368103027344
0.0023102760314941406
0.002002716064453125
0.002471446990966797
0.0024318695068359375
0.00231170654296875
0.0017247200012207031
0.003774881362915039
0.003130674362182617
0.002166271209716797
0.002443075180053711