0.00654911994934082
0.0011546611785888672
0.002008199691772461
0.0010051727294921875
0.0010843276977539062
0.0010035037994384766
0.0010738372802734375
0.0020759105682373047
0.0010051727294921875
0.0010037422180175781
0.0011515617370605469
0.0023376941680908203
0.0022971630096435547
0.001234292984008789
0.002010345458984375
0.002010345458984375
0.001004934310913086
0.0010051727294921875
0.002323150634765625
0.0010857582092285156
0.0025441646575927734
0.0014808177947998047
0.0
0.0025718212127685547
0.0
0.0
0.0
0.0
0.006850242614746094
0.0
0.0
0.0
0.0
0.007779121398925781
0.0010035037994384766
0.0022780895233154297
0.0010843276977539062
0.0023407936096191406
0.0020558834075927734
0.0010051727294921875
0.002009868621826172
0.0010044574737548828
0.0014431476593017578
0.0010046958923339844
0.0011398792266845703
0.0010046958923339844
0.0010080337524414062
0.0020165443420410156
0.0020394325256347656
0.0010051727294921875
0.0020208358764648438
0.0010051727294921875
0.0013799667358398438
0.0020780563354492188
0.0011000633239746094
0.0010056495666503906
0.0021009445190429688
0.002006053924560547
0.0
0.0027115345001220703
0.0010044574737548828
0.001218557357788086
0.0020067691802978516
0.001003265380859375
0.0010037422180175781
0.0022013187408447266
0.0010037422180175781
0.002009868621826172
0.0010037422180175781
0.002096414566040039
0.002024412155151367
0.0010704994201660156
0.0010046958923339844
0.0010044574737548828
0.0010035037994384766
0.0010044574737548828
0.0024557113647460938
0.0010039806365966797
0.002008676528930664
0.00110626220703125
0.002088785171508789
0.002011537551879883
0.0010037422180175781
0.001264333724975586
0.0010037422180175781
0.002433300018310547
0.0010859966278076172
0.001004934310913086
0.0010035037994384766
0.0017924308776855469
0.0
0.0
0.0
0.0
0.007871866226196289
0.002011537551879883
0.001005411148071289
0.0010063648223876953
0.002196073532104492
0.0010046958923339844
0.002030611038208008
0.0010042190551757812
0.0010080337524414062
0.0020949840545654297
0.0012166500091552734
0.0022499561309814453
0.0020110607147216797
0.001003265380859375
0.0022754669189453125
0.0010056495666503906
0.0020232200622558594
0.0010044574737548828
0.0020096302032470703
0.0010042190551757812
0.0010035037994384766
0.002549409866333008
0.0010039806365966797
0.002012491226196289
0.0010042190551757812
0.0010042190551757812
0.0010879039764404297
0.0010030269622802734
0.002067089080810547
0.0010039806365966797
0.0010051727294921875
0.0010035037994384766
0.0025472640991210938
0.0021207332611083984
0.0010044574737548828
0.0010039806365966797
0.0010042190551757812
0.0010037422180175781
0.0020177364349365234
0.0020117759704589844
0.0010042190551757812
0.001291036605834961
0.0032117366790771484
0.0020477771759033203
0.001407623291015625
0.001077890396118164
0.002103090286254883
0.0010051727294921875
0.0010037422180175781
0.0013012886047363281
0.0020093917846679688
0.0010046958923339844
0.002228260040283203
0.0020101070404052734
0.0020036697387695312
0.00252532958984375
0.0012562274932861328
0.00201416015625
0.002724885940551758
0.0006062984466552734
0.0
0.0
0.005941629409790039
0.0020532608032226562
0.0010058879852294922
0.0010042190551757812
0.001003265380859375
0.0020072460174560547
0.0010042190551757812
0.0010023117065429688
0.0020112991333007812
0.0010058879852294922
0.0020117759704589844
0.0010333061218261719
0.001003265380859375
0.0010154247283935547
0.001066446304321289
0.002125978469848633
0.0010042190551757812
0.001004934310913086
0.00200653076171875
0.0020093917846679688
0.0010051727294921875
0.0010063648223876953
0.001004934310913086
0.0010046958923339844
0.0020096302032470703
0.0011548995971679688
0.0020058155059814453
0.0010044574737548828
0.0020956993103027344
0.0020093917846679688
0.0010075569152832031
0.0020873546600341797
0.0020227432250976562
0.0020122528076171875
0.0010058879852294922
0.002012491226196289
0.0010056495666503906
0.0020089149475097656
0.0010037422180175781
0.001005411148071289
0.0020096302032470703
0.002043008804321289
0.0010080337524414062
0.0020117759704589844
0.0011205673217773438
0.0010039806365966797
0.0010712146759033203
0.0020072460174560547
0.001003265380859375
0.0020110607147216797
0.0010051727294921875
0.002147674560546875
0.0010058879852294922
0.0020112991333007812
0.0010044574737548828
0.002055644989013672
0.0020072460174560547
0.0010035037994384766
0.001004934310913086
0.0010046958923339844
0.0021572113037109375
0.0011324882507324219
0.0010061264038085938
0.0
0.004079341888427734
0.002034425735473633
0.0017218589782714844
0.002012014389038086
0.001005411148071289
0.002006053924560547
0.0010037422180175781
0.0010194778442382812
0.0010042190551757812
0.0020062923431396484
0.0010044574737548828
0.00200653076171875
0.0010037422180175781
0.0011098384857177734
0.002240419387817383
0.0010652542114257812
0.002007007598876953
0.0010035037994384766
0.0010030269622802734
0.0010023117065429688
0.0013010501861572266
0.0025763511657714844
0.0010046958923339844
0.001005411148071289
0.0020780563354492188
0.0010197162628173828
0.0010046958923339844
0.0010030269622802734
0.0020055770874023438
0.0010161399841308594
0.002307891845703125
0.0010042190551757812
0.0010037422180175781
0.001003265380859375
0.0011343955993652344
0.002045154571533203
0.0010044574737548828
0.0010046958923339844
0.0010037422180175781
0.0011088848114013672
0.002010345458984375
0.001004934310913086
0.0010039806365966797
0.0010037422180175781
0.0010030269622802734
0.0010039806365966797
0.0009999275207519531
0.0010035037994384766
0.001003265380859375
0.002087116241455078
0.0014696121215820312
0.0010156631469726562
0.0022296905517578125
0.001003265380859375
0.0012011528015136719
0.0012826919555664062
0.002007007598876953
0.0024602413177490234
0.0020093917846679688
0.0011954307556152344
0.0010037422180175781
0.00200653076171875
0.0010042190551757812
0.0010025501251220703
0.0022547245025634766
0.0010030269622802734
0.0011594295501708984
0.0010035037994384766
0.001455545425415039
0.003000974655151367
0.0004482269287109375
0.0
0.0043337345123291016
0.002296924591064453
0.0010044574737548828
0.0010051727294921875
0.00225830078125
0.0012552738189697266
0.002010822296142578
0.0010044574737548828
0.0020112991333007812
0.002238035202026367
0.001004934310913086
0.0020835399627685547
0.001003265380859375
0.0013055801391601562
0.0012674331665039062
0.0010457038879394531
0.0020051002502441406
0.0010166168212890625
0.0010030269622802734
0.0010030269622802734
0.002351045608520508
0.0014348030090332031
0.0011527538299560547
0.0011143684387207031
0.0010051727294921875
0.002206563949584961
0.0010039806365966797
0.0010898113250732422
0.0010030269622802734
0.0021774768829345703
0.0010035037994384766
0.0010030269622802734
0.0010037422180175781
0.0010039806365966797
0.0020079612731933594
0.0020122528076171875
0.0010051727294921875
0.0010845661163330078
0.0020072460174560547
0.00099945068359375
0.0011203289031982422
0.001004934310913086
0.0010035037994384766
0.0010023117065429688
0.002203226089477539
0.001069784164428711
0.0010046958923339844
0.0010712146759033203
0.002087831497192383
0.001332998275756836
0.0010807514190673828
0.0025298595428466797
0.0010035037994384766
0.0020177364349365234
0.0010037422180175781
0.0010044574737548828
0.0024132728576660156
0.0010044574737548828
0.002684354782104492
0.001016855239868164
0.002012491226196289
0.0010919570922851562
0.002007722854614258
0.002079010009765625
0.0
0.003731966018676758
0.002020597457885742
0.0017104148864746094
0.0010046958923339844
0.0027282238006591797
0.0010046958923339844
0.0010051727294921875
0.0010039806365966797
0.0010027885437011719
0.0020041465759277344
0.001308441162109375
0.0010042190551757812
0.0010867118835449219
0.0020627975463867188
0.002068758010864258
0.001003265380859375
0.001154184341430664
0.0010042190551757812
0.0010037422180175781
0.0010027885437011719
0.0010128021240234375
0.002009153366088867
0.0011336803436279297
0.002010345458984375
0.0011394023895263672
0.0020401477813720703
0.0012698173522949219
0.0010051727294921875
0.0024166107177734375
0.0013453960418701172
0.0020105838775634766
0.0010807514190673828
0.0010056495666503906
0.0021762847900390625
0.0011861324310302734
0.002009153366088867
0.0010035037994384766
0.001003265380859375
0.0013599395751953125
0.002026796340942383
0.0010044574737548828
0.0010044574737548828
0.0010042190551757812
0.0010037422180175781
0.0020437240600585938
0.0010037422180175781
0.0010294914245605469
0.0010023117065429688
0.002071857452392578
0.0010027885437011719
0.0012176036834716797
0.0020072460174560547
0.0010023117065429688
0.0012238025665283203
0.002247333526611328
0.0010044574737548828
0.002168416976928711
0.0010759830474853516
0.002239227294921875
0.002007007598876953
0.0010037422180175781
0.0010039806365966797
0.0010037422180175781
0.0010035037994384766
0.002466440200805664
0.0010042190551757812
0.0010039806365966797
0.0
0.002962827682495117
0.0015037059783935547
0.0010082721710205078
0.0014204978942871094
0.0010042190551757812
0.0011951923370361328
0.0022344589233398438
0.0022881031036376953
0.0016999244689941406
0.0012545585632324219
0.0010180473327636719
0.0010025501251220703
0.0024547576904296875
0.0010929107666015625
0.0023987293243408203
0.0011165142059326172
0.0010001659393310547
0.0014503002166748047
0.0012221336364746094
0.0010018348693847656
0.0022628307342529297
0.0012159347534179688
0.0020639896392822266
0.0020074844360351562
0.0010859966278076172
0.001012563705444336
0.0010013580322265625
0.002275705337524414
0.0010173320770263672
0.002119779586791992
0.0012156963348388672
0.001474142074584961
0.0011761188507080078
0.001409292221069336
0.002003908157348633
0.0010409355163574219
0.0014657974243164062
0.0024373531341552734
0.001065969467163086
0.0015003681182861328
0.0014338493347167969
0.0010075569152832031
0.0020847320556640625
0.0011060237884521484
0.0010018348693847656
0.0010187625885009766
0.0020935535430908203
0.0013813972473144531
0.001028299331665039
0.0011572837829589844
0.0010006427764892578
0.0022199153900146484
0.002144336700439453
0.0010590553283691406
0.0020072460174560547
0.0010292530059814453
0.0013718605041503906
0.0010023117065429688
0.0024023056030273438
0.001216888427734375
0.002012491226196289
0.0010902881622314453
0.002101421356201172
0.0010876655578613281
0.0010528564453125
0.0
0.0
0.0
0.0
0.00700831413269043
0.002167940139770508
0.001003265380859375
0.002007722854614258
0.0010030269622802734
0.0025177001953125
0.0012485980987548828
0.0022406578063964844
0.002038717269897461
0.0013499259948730469
0.002046346664428711
0.0010747909545898438
0.0010018348693847656
0.0021944046020507812
0.00115966796875
0.0010020732879638672
0.0
0.0014998912811279297
0.0012941360473632812
0.002204418182373047
0.001184225082397461
0.0010199546813964844
0.0021088123321533203
0.0010068416595458984
0.0024831295013427734
0.0022225379943847656
0.0010616779327392578
0.0027577877044677734
0.0025377273559570312
0.001857757568359375
0.002699136734008789
0.002038240432739258
0.0026006698608398438
0.002004384994506836
0.0032150745391845703
0.0023255348205566406
0.0012009143829345703
0.0020360946655273438
0.0024404525756835938
0.0020051002502441406
0.0010025501251220703
0.0024428367614746094
0.0020139217376708984
0.0023200511932373047
0.0012025833129882812
0.0023124217987060547
0.002007722854614258
0.0021805763244628906
0.0011417865753173828
0.0022432804107666016
0.0
0.0
0.005392551422119141
0.0
0.0
0.0064699649810791016
0.0016791820526123047
0.002074003219604492
0.0021054744720458984
0.0011322498321533203
0.002115964889526367
0.0012476444244384766
0.0014705657958984375
0.0010967254638671875
0.002122640609741211
0.0021245479583740234
0.001104593276977539
0.0011684894561767578
0.0010042190551757812
0.0020151138305664062
0.0011336803436279297
0.0010044574737548828
0.002014636993408203
0.0013630390167236328
0.0010035037994384766
0.0010769367218017578
0.0020360946655273438
0.0011408329010009766
0.002205371856689453
0.0013527870178222656
0.0
0.002939939498901367
0.0010228157043457031
0.001070261001586914
0.002017974853515625
0.0020706653594970703
0.0024449825286865234
0.0014221668243408203
0.001111745834350586
0.0010020732879638672
0.002391815185546875
0.0010001659393310547
0.0020101070404052734
0.0010845661163330078
0.002197742462158203
0.0012400150299072266
0.0010116100311279297
0.0022575855255126953
0.0010116100311279297
0.0010073184967041016
0.0020253658294677734
0.0012509822845458984
0.001010894775390625
0.0022230148315429688
0.0012211799621582031
0.0010023117065429688
0.0020034313201904297
0.0011510848999023438
0.0014827251434326172
0.002378225326538086
0.0011105537414550781
0.001481771469116211
0.0
0.002032756805419922
0.0
0.0
0.0
0.0
0.008376121520996094
0.0010576248168945312
0.0010018348693847656
0.0024530887603759766
0.0011436939239501953
0.0010671615600585938
0.0013065338134765625
0.0010142326354980469
0.0021009445190429688
0.0020067691802978516
0.0010807514190673828
0.0023593902587890625
0.0020456314086914062
0.0009999275207519531
0.0009996891021728516
0.0009999275207519531
0.0010633468627929688
0.0012340545654296875
0.002400636672973633
0.0022835731506347656
0.0012907981872558594
0.001271963119506836
0.0021390914916992188
0.0010199546813964844
0.0010192394256591797
0.0022420883178710938
0.0014088153839111328
0.001155853271484375
0.0011293888092041016
0.002007722854614258
0.0012576580047607422
0.0014803409576416016
0.0023980140686035156
0.0012552738189697266
0.0014963150024414062
0.001474618911743164
0.00228118896484375
0.0012788772583007812
0.0010025501251220703
0.0010361671447753906
0.0023844242095947266
0.0014388561248779297
0.0010135173797607422
0.001069784164428711
0.0023956298828125
0.001065969467163086
0.0021789073944091797
0.0010457038879394531
0.0010001659393310547
0.0022323131561279297
0.0014758110046386719
0.0011203289031982422
0.002180814743041992
0.0010068416595458984
0.0010161399841308594
0.002084016799926758
0.0010349750518798828
0.0010120868682861328
0.0010025501251220703
0.0020902156829833984
0.0010001659393310547
0.0020198822021484375
0.001436471939086914
0.0024454593658447266
0.0020570755004882812
0.0009999275207519531
0.0012693405151367188
0.0013976097106933594
0.002071857452392578
0.0009999275207519531
0.0010001659393310547
0.0009999275207519531
0.0009999275207519531
0.0031299591064453125
0.001168966293334961
0.0025815963745117188
0.0011796951293945312
0.002135753631591797
0.001003265380859375
0.0012204647064208984
0.0010025501251220703
0.0010180473327636719
0.0011188983917236328
0.0020089149475097656
0.001336812973022461
0.0011129379272460938
0.0020689964294433594
0.0013222694396972656
0.0010020732879638672
0.0010001659393310547
0.0010924339294433594
0.0010094642639160156
0.0010104179382324219
0.002086162567138672
0.0013022422790527344
0.0010445117950439453
0.0021691322326660156
0.0021729469299316406
0.0010538101196289062
0.0014905929565429688
0.0014526844024658203
0.0020198822021484375
0.0010793209075927734
0.0014715194702148438
0.0010025501251220703
0.002200603485107422
0.0010988712310791016
0.0010762214660644531
0.0011782646179199219
0.0021140575408935547
0.0013821125030517578
0.0013120174407958984
0.0010025501251220703
0.0
0.0
0.0024747848510742188
0.0010020732879638672
0.0010004043579101562
0.0010223388671875
0.0020432472229003906
0.0013959407806396484
0.0010058879852294922
0.0
0.0
0.002561330795288086
0.0013642311096191406
0.0
0.0
0.004091978073120117
0.0
0.0
0.0
0.0
0.007345914840698242
0.0010001659393310547
0.0010440349578857422
0.0010554790496826172
0.0010006427764892578
0.0011217594146728516
0.0021071434020996094
0.0012483596801757812
0.0014781951904296875
0.0010128021240234375
0.0025453567504882812
0.0012278556823730469
0.0010154247283935547
0.0010025501251220703
0.002013683319091797
0.0010030269622802734
0.0021677017211914062
0.0010018348693847656
0.0010018348693847656
0.002591371536254883
0.002050161361694336
0.00103759765625
0.002087116241455078
0.0009996891021728516
0.0013797283172607422
0.0
0.0010728836059570312
0.0010020732879638672
0.0012066364288330078
0.0022382736206054688
0.0010020732879638672
0.0010592937469482422
0.0021016597747802734
0.0021724700927734375
0.0010268688201904297
0.0010001659393310547
0.0020220279693603516
0.0020902156829833984
0.0013718605041503906
0.0020127296447753906
0.0022504329681396484
0.0010211467742919922
0.0021538734436035156
0.0010743141174316406
0.0023665428161621094
0.0011105537414550781
0.002341747283935547
0.0010287761688232422
0.0020742416381835938
0.0023915767669677734
0.0012466907501220703
0.0010020732879638672
0.002043485641479492
0.0012669563293457031
0.002180814743041992
0.0011250972747802734
0.0010030269622802734
0.0021457672119140625
0.00031876564025878906
0.0
0.0
0.0
0.00783681869506836
0.002103567123413086
0.001001119613647461
0.0
0.0024776458740234375
0.002218008041381836
0.0
0.0010540485382080078
0.0014190673828125
0.002730131149291992
0.002645730972290039
0.0010030269622802734
0.0021369457244873047
0.002026081085205078
0.0010371208190917969
0.0010018348693847656
0.0010671615600585938
0.002097606658935547
0.0012559890747070312
0.0014905929565429688
0.001444101333618164
0.0010199546813964844
0.002171039581298828
0.0010037422180175781
0.0018367767333984375
0.0011327266693115234
0.0012445449829101562
0.002062082290649414
0.0010349750518798828
0.0021207332611083984
0.002037525177001953
0.0012946128845214844
0.0010020732879638672
0.0
0.0029296875
0.0013227462768554688
0.0010139942169189453
0.0010023117065429688
0.0014693737030029297
0.0011641979217529297
0.0021314620971679688
0.0010635852813720703
0.0011632442474365234
0.001001596450805664
0.0011670589447021484
0.0022993087768554688
0.001028299331665039
0.0010004043579101562
0.0014810562133789062
0.0010027885437011719
0.0010292530059814453
0.0010037422180175781
0.0020046234130859375
0.0010061264038085938
0.0010030269622802734
0.002056121826171875
0.0009999275207519531
0.0
0.0010831356048583984
0.0010001659393310547
0.0
0.0
0.0
0.007303476333618164
0.0013976097106933594
0.0010020732879638672
0.0
0.0014657974243164062
0.0013222694396972656
0.001001596450805664
0.0010476112365722656
0.002020120620727539
0.0012972354888916016
0.0011293888092041016
0.002102375030517578
0.0012798309326171875
0.0020589828491210938
0.0010776519775390625
0.002150297164916992
0.001138448715209961
0.0011415481567382812
0.0010137557983398438
0.0026144981384277344
0.00107574462890625
0.0010020732879638672
0.002109050750732422
0.0011680126190185547
0.0021169185638427734
0.0010020732879638672
0.002161741256713867
0.0015025138854980469
0.0011563301086425781
0.001003265380859375
0.001219034194946289
0.0020902156829833984
0.0014064311981201172
0.002023458480834961
0.001013040542602539
0.001085519790649414
0.0011856555938720703
0.0011506080627441406
0.0010809898376464844
0.002123117446899414
0.0010018348693847656
0.0011031627655029297
0.0010209083557128906
0.00135040283203125
0.0020079612731933594
0.0010025501251220703
0.0011851787567138672
0.0010197162628173828
0.0011246204376220703
0.0011632442474365234
0.002040863037109375
0.0009996891021728516
0.002009868621826172
0.0020134449005126953
0.001299142837524414
0.00147247314453125
0.001443624496459961
0.0010197162628173828
0.0024497509002685547
0.0010030269622802734
0.0009999275207519531
0.0020596981048583984
0.001100778579711914
0.002077817916870117
0.001058816909790039
0.0
0.0032105445861816406
0.0
0.0
0.0
0.0
0.006968021392822266
0.0020020008087158203
0.0010097026824951172
0.001004934310913086
0.0011284351348876953
0.001081705093383789
0.002511739730834961
0.0010383129119873047
0.0010273456573486328
0.0011925697326660156
0.0025060176849365234
0.0009996891021728516
0.0021419525146484375
0.0023882389068603516
0.0014674663543701172
0.0021142959594726562
0.0011620521545410156
0.002005338668823242
0.002106904983520508
0.0013315677642822266
0.0014705657958984375
0.0022318363189697266
0.002471446990966797
0.0011191368103027344
0.0010023117065429688
0.0010721683502197266
0.0010025501251220703
0.0024988651275634766
0.0011916160583496094
0.0012826919555664062
0.0022368431091308594
0.0013358592987060547
0.0011372566223144531
0.0012326240539550781
0.0010955333709716797
0.0023238658905029297
0.0010232925415039062
0.0013129711151123047
0.0011911392211914062
0.0012173652648925781
0.001215219497680664
0.002469301223754883
0.0010595321655273438
0.0011761188507080078
0.0011429786682128906
0.002184629440307617
0.0011699199676513672
0.001005411148071289
0.0020165443420410156
0.0011677742004394531
0.001007080078125
0.0023310184478759766
0.001003265380859375
0.0009999275207519531
0.0025064945220947266
0.0010221004486083984
0.002308368682861328
0.0011038780212402344
0.0013878345489501953