0.0021257400512695312
0.00244903564453125
0.0011129379272460938
0.0013282299041748047
0.0013175010681152344
0.0023033618927001953
0.001005411148071289
0.0010046958923339844
0.0013661384582519531
0.0028076171875
0.0
0.0014934539794921875
0.0025205612182617188
0.001474142074584961
0.001329183578491211
0.0021855831146240234
0.0011105537414550781
0.0014362335205078125
0.00136566162109375
0.0010230541229248047
0.0010509490966796875
0.0013949871063232422
0.0013308525085449219
0.0025992393493652344
0.0012121200561523438
0.0014460086822509766
0.001008749008178711
0.0009999275207519531
0.001280069351196289
0.0022346973419189453
0.0012156963348388672
0.0014581680297851562
0.001007080078125
0.002012014389038086
0.0010085105895996094
0.0012712478637695312
0.001337289810180664
0.0012619495391845703
0.0021181106567382812
0.0010166168212890625
0.0012612342834472656
0.0010271072387695312
0.0026595592498779297
0.002428293228149414
0.002404451370239258
0.0020253658294677734
0.0020313262939453125
0.0012936592102050781
0.0022690296173095703
0.0011436939239501953
0.0
0.0
0.0
0.007322788238525391
0.002293109893798828
0.00231170654296875
0.003293752670288086
0.002140045166015625
0.0012149810791015625
0.0024259090423583984
0.0012302398681640625
0.0012257099151611328
0.0012886524200439453
0.0011484622955322266
0.0012202262878417969
0.0010824203491210938
0.0012362003326416016
0.0014526844024658203
0.0013957023620605469
0.002782583236694336
0.0010805130004882812
0.0010018348693847656
0.002370595932006836
0.0010178089141845703
0.002012968063354492
0.0012793540954589844
0.0010800361633300781
0.002153635025024414
0.001409292221069336
0.0010035037994384766
0.0010170936584472656
0.0026330947875976562
0.0010020732879638672
0.00107574462890625
0.001013040542602539
0.0014820098876953125
0.0010056495666503906
0.0020182132720947266
0.0011391639709472656
0.002102375030517578
0.0010058879852294922
0.0011138916015625
0.0010020732879638672
0.002198457717895508
0.0021860599517822266
0.001016378402709961
0.0011696815490722656
0.0021877288818359375
0.0020570755004882812
0.0011029243469238281
0.0021545886993408203
0.002209186553955078
0.0014526844024658203
0.0024492740631103516
0.0010025501251220703
0.002303600311279297
0.0012052059173583984
0.0009999275207519531
0.0009996891021728516
0.0010001659393310547
0.0009016990661621094
0.003068208694458008
0.001264333724975586
0.0010020732879638672
0.0011408329010009766
0.0027523040771484375
0.0010030269622802734
0.0023956298828125
0.0007340908050537109
0.0023119449615478516
0.0020186901092529297
0.0010306835174560547
0.0012485980987548828
0.0010793209075927734
0.0020973682403564453
0.0011973381042480469
0.002138853073120117
0.002237081527709961
0.0025391578674316406
0.0010154247283935547
0.0020346641540527344
0.0012099742889404297
0.0023467540740966797
0.0010149478912353516
0.0020341873168945312
0.0024726390838623047
0.0009996891021728516
0.0020952224731445312
0.0014834403991699219
0.0020720958709716797
0.0010025501251220703
0.0024025440216064453
0.0013058185577392578
0.0025365352630615234
0.0020563602447509766
0.0010378360748291016
0.002036571502685547
0.002451181411743164
0.0010225772857666016
0.0020084381103515625
0.0011224746704101562
0.0013871192932128906
0.0023293495178222656
0.0014023780822753906
0.0014903545379638672
0.0014967918395996094
0.00225830078125
0.0010042190551757812
0.0010044574737548828
0.0025811195373535156
0.001251220703125
0.0010020732879638672
0.002407073974609375
0.0013976097106933594
0.0021021366119384766
0.0010378360748291016
0.0009999275207519531
0.0011839866638183594
0.0021779537200927734
0.0
0.0
0.0
0.0
0.006860494613647461
0.001132965087890625
0.0010175704956054688
0.0011186599731445312
0.0010039806365966797
0.0010161399841308594
0.002399921417236328
0.0010023117065429688
0.001407623291015625
0.002011537551879883
0.001096487045288086
0.001046895980834961
0.0021479129791259766
0.0010027885437011719
0.0014834403991699219
0.0023050308227539062
0.0013017654418945312
0.0013804435729980469
0.0014269351959228516
0.0013506412506103516
0.0010030269622802734
0.001020669937133789
0.001352071762084961
0.0013813972473144531
0.0027277469635009766
0.0014770030975341797
0.0014767646789550781
0.0011053085327148438
0.0010001659393310547
0.0010423660278320312
0.0013058185577392578
0.0021886825561523438
0.0014319419860839844
0.0012891292572021484
0.0022995471954345703
0.0010018348693847656
0.0
0.0014700889587402344
0.001337289810180664
0.0025751590728759766
0.00102996826171875
0.0011429786682128906
0.0013799667358398438
0.002226591110229492
0.0021500587463378906
0.0014758110046386719
0.0010998249053955078
0.0020685195922851562
0.0012896060943603516
0.0014722347259521484
0.0014553070068359375
0.0012841224670410156
0.0013027191162109375
0.0024442672729492188
0.001340627670288086
0.001401662826538086
0.0023784637451171875
0.001308441162109375
0.0014600753784179688
0.001325845718383789
0.0010845661163330078
0.002164125442504883
0.0
0.0
0.0
0.005623340606689453
0.0013229846954345703
0.0011446475982666016
0.0011985301971435547
0.0013680458068847656
0.0026078224182128906
0.0010228157043457031
0.001373291015625
0.0020186901092529297
0.0010082721710205078
0.001003265380859375
0.0010859966278076172
0.0013964176177978516
0.0014951229095458984
0.001280069351196289
0.0011205673217773438
0.0024864673614501953
0.0010035037994384766
0.0014662742614746094
0.001321554183959961
0.002177715301513672
0.0012428760528564453
0.0021631717681884766
0.002314329147338867
0.0013470649719238281
0.0010116100311279297
0.001302480697631836
0.0024483203887939453
0.0011548995971679688
0.0013701915740966797
0.0010831356048583984
0.0013818740844726562
0.0024483203887939453
0.0010638236999511719
0.0020034313201904297
0.00099945068359375
0.003596782684326172
0.0010726451873779297
0.0010027885437011719
0.002049684524536133
0.0010383129119873047
0.002161741256713867
0.0010035037994384766
0.0011096000671386719
0.001384735107421875
0.0013942718505859375
0.002166748046875
0.0010635852813720703
0.0010075569152832031
0.0027837753295898438
0.001146078109741211
0.0010485649108886719
0.0014464855194091797
0.0013942718505859375
0.0024302005767822266
0.0011518001556396484
0.0014679431915283203
0.0013689994812011719
0.0013551712036132812
0.0014505386352539062
0.001270294189453125
0.0018684864044189453
0.0
0.0030660629272460938
0.0
0.0
0.0
0.0
0.007254838943481445
0.0009992122650146484
0.0010118484497070312
0.0010025501251220703
0.0010020732879638672
0.001001596450805664
0.0022118091583251953
0.0010709762573242188
0.0014564990997314453
0.001100778579711914
0.0022783279418945312
0.0013380050659179688
0.0010020732879638672
0.0013790130615234375
0.0013158321380615234
0.0012631416320800781
0.0013036727905273438
0.0014612674713134766
0.0013415813446044922
0.0012791156768798828
0.0013718605041503906
0.0014431476593017578
0.002119302749633789
0.0010020732879638672
0.0012285709381103516
0.001232147216796875
0.0022573471069335938
0.0011610984802246094
0.0010781288146972656
0.0011851787567138672
0.0013723373413085938
0.0010187625885009766
0.0013120174407958984
0.002390146255493164
0.001146078109741211
0.0021250247955322266
0.0010023117065429688
0.0012781620025634766
0.0014493465423583984
0.001451253890991211
0.002393960952758789
0.0010340213775634766
0.0024077892303466797
0.0011034011840820312
0.002473592758178711
0.0012080669403076172
0.0020062923431396484
0.0012989044189453125
0.002038717269897461
0.0010442733764648438
0.0011410713195800781
0.0013535022735595703
0.0012941360473632812
0.0013005733489990234
0.0013926029205322266
0.002164125442504883
0.0010151863098144531
0.002634286880493164
0.0011005401611328125
0.0011470317840576172
0.0011334419250488281
0.002059459686279297
0.0010128021240234375
0.0
0.0
0.0
0.0
0.00696563720703125
0.002230405807495117
0.0010027885437011719
0.0009996891021728516
0.0010221004486083984
0.0027086734771728516
0.0010020732879638672
0.0013654232025146484
0.001234292984008789
0.0012540817260742188
0.0012423992156982422
0.0022521018981933594
0.0010764598846435547
0.001001596450805664
0.0012295246124267578
0.0022165775299072266
0.0013053417205810547
0.0014102458953857422
0.0012993812561035156
0.0013322830200195312
0.0013499259948730469
0.0011456012725830078
0.002269268035888672
0.0010037422180175781
0.0010023117065429688
0.0025196075439453125
0.0010025501251220703
0.0012423992156982422
0.0011296272277832031
0.0022399425506591797
0.0010519027709960938
0.0012288093566894531
0.0021631717681884766
0.0032083988189697266
0.0010025501251220703
0.001216888427734375
0.0013947486877441406
0.0012607574462890625
0.0012192726135253906
0.001020669937133789
0.00131988525390625
0.0013244152069091797
0.0013129711151123047
0.0011632442474365234
0.0022618770599365234
0.002270221710205078
0.0010485649108886719
0.0025718212127685547
0.0010249614715576172
0.0
0.002496957778930664
0.0010099411010742188
0.0020513534545898438
0.0010023117065429688
0.0010864734649658203
0.001271963119506836
0.0013279914855957031
0.0021326541900634766
0.0010089874267578125
0.001004934310913086
0.0023131370544433594
0.0010027885437011719
0.0010023117065429688
0.0
0.0
0.0
0.0062732696533203125
0.0010478496551513672
0.0010025501251220703
0.0012249946594238281
0.001383066177368164
0.0023403167724609375
0.0014238357543945312
0.0014259815216064453
0.0013270378112792969
0.0012650489807128906
0.0012617111206054688
0.001125335693359375
0.0010967254638671875
0.0013995170593261719
0.0013012886047363281
0.0
0.0
0.0
0.0
0.00726771354675293
0.0021638870239257812
0.0010020732879638672
0.0011515617370605469
0.0013456344604492188
0.0012602806091308594
0.0010044574737548828
0.0010018348693847656
0.0013010501861572266
0.0012903213500976562
0.0012691020965576172
0.0021054744720458984
0.0011250972747802734
0.0010807514190673828
0.0013165473937988281
0.0012629032135009766
0.0020627975463867188
0.0010023117065429688
0.0012674331665039062
0.0012705326080322266
0.0012831687927246094
0.002044200897216797
0.001001596450805664
0.0010743141174316406
0.001102447509765625
0.002588033676147461
0.0010852813720703125
0.0012691020965576172
0.001184225082397461
0.0012056827545166016
0.0025403499603271484
0.002037525177001953
0.0010051727294921875
0.0010020732879638672
0.0012924671173095703
0.0009996891021728516
0.0009999275207519531
0.00209808349609375
0.001268148422241211
0.0010027885437011719
0.0022819042205810547
0.0010309219360351562
0.001071929931640625
0.0010039806365966797
0.002706766128540039
0.0012638568878173828
0.0014774799346923828
0.0
0.0031414031982421875
0.0
0.0
0.0
0.0
0.007931947708129883
0.0012521743774414062
0.0014586448669433594
0.0013172626495361328
0.0013470649719238281
0.0012691020965576172
0.0013659000396728516
0.0010020732879638672
0.0021784305572509766
0.0010385513305664062
0.0022559165954589844
0.0010728836059570312
0.0011518001556396484
0.0013115406036376953
0.0012214183807373047
0.0013477802276611328
0.0020487308502197266
0.0010235309600830078
0.0011601448059082031
0.0012445449829101562
0.0012433528900146484
0.000995635986328125
0.0014383792877197266
0.002277851104736328
0.002233743667602539
0.0010035037994384766
0.0024819374084472656
0.0010199546813964844
0.0020089149475097656
0.0010423660278320312
0.0010001659393310547
0.0011165142059326172
0.003531932830810547
0.002223968505859375
0.001432657241821289
0.0013301372528076172
0.0013494491577148438
0.0014634132385253906
0.0010902881622314453
0.0020809173583984375
0.0010154247283935547
0.0022096633911132812
0.0013377666473388672
0.0021326541900634766
0.0010039806365966797
0.0010144710540771484
0.0022630691528320312
0.0010972023010253906
0.0014693737030029297
0.002025604248046875
0.0010175704956054688
0.0014431476593017578
0.0022211074829101562
0.0010020732879638672
0.0024843215942382812
0.001110076904296875
0.0010924339294433594
0.0011126995086669922
0.0014286041259765625
0.0013782978057861328
0.0
0.0
0.0
0.0
0.0079803466796875
0.0010585784912109375
0.002047300338745117
0.0010364055633544922
0.0010483264923095703
0.0012729167938232422
0.0020051002502441406
0.0010528564453125
0.001016378402709961
0.0023550987243652344
0.002076387405395508
0.0010526180267333984
0.0009999275207519531
0.0027933120727539062
0.0010323524475097656
0.002480745315551758
0.0014085769653320312
0.0022673606872558594
0.001260519027709961
0.0012278556823730469
0.0020210742950439453
0.0020279884338378906
0.0012018680572509766
0.0010004043579101562
0.0019998550415039062
0.0010879039764404297
0.0022606849670410156
0.0010874271392822266
0.0012025833129882812
0.0014009475708007812
0.0014481544494628906
0.0012829303741455078
0.0024378299713134766
0.0010023117065429688
0.0010535717010498047
0.0013935565948486328
0.0012676715850830078
0.0020415782928466797
0.0010020732879638672
0.002344369888305664
0.002084493637084961
0.0010116100311279297
0.0024788379669189453
0.0012259483337402344
0.0014760494232177734
0.002383708953857422
0.0010349750518798828
0.0013325214385986328
0.0014553070068359375
0.002636432647705078
0.0011115074157714844
0.0021152496337890625
0.0014202594757080078
0.0021762847900390625
0.0010027885437011719
0.0023255348205566406
0.0020875930786132812
0.0010058879852294922
0.0012905597686767578
0.00045871734619140625
0.0
0.0010783672332763672
0.0025632381439208984
0.0011103153228759766
0.0014102458953857422
0.001962423324584961
0.001079559326171875
0.002249479293823242
0.001013040542602539
0.0023012161254882812
0.0010182857513427734
0.0010037422180175781
0.0010051727294921875
0.002039670944213867
0.002268552780151367
0.0010237693786621094
0.001026153564453125
0.0012860298156738281
0.0010025501251220703
0.002012968063354492
0.0010404586791992188
0.0024466514587402344
0.0014009475708007812
0.0011076927185058594
0.002002239227294922
0.0010004043579101562
0.001153707504272461
0.0012693405151367188
0.0022873878479003906
0.0022733211517333984
0.001157522201538086
0.001188516616821289
0.0024378299713134766
0.0012969970703125
0.0010018348693847656
0.0011298656463623047
0.003510713577270508
0.0011415481567382812
0.0010843276977539062
0.0021359920501708984
0.0010302066802978516
0.0020101070404052734
0.0011785030364990234
0.0027701854705810547
0.0023245811462402344
0.0010209083557128906
0.0021064281463623047
0.0022661685943603516
0.0010025501251220703
0.0011594295501708984
0.0022840499877929688
0.0020062923431396484
0.0020720958709716797
0.0020079612731933594
0.0013196468353271484
0.002003908157348633
0.0021424293518066406
0.0010027885437011719
0.0
0.0026330947875976562
0.0
0.0
0.0
0.007958412170410156
0.0012798309326171875
0.0021598339080810547
0.0010917186737060547
0.002007007598876953
0.0010039806365966797
0.0010328292846679688
0.0011458396911621094
0.002569913864135742
0.0014274120330810547
0.002134561538696289
0.0010960102081298828
0.002077341079711914
0.0020432472229003906
0.002177715301513672
0.0020875930786132812
0.0020313262939453125
0.0012772083282470703
0.002226114273071289
0.0014660358428955078
0.0021538734436035156
0.0010023117065429688
0.0021219253540039062
0.001134634017944336
0.002115011215209961
0.0010001659393310547
0.0010182857513427734
0.002110719680786133
0.0010001659393310547
0.00099945068359375
0.001468658447265625
0.0012471675872802734
0.002446413040161133
0.0010027885437011719
0.002058744430541992
0.0010020732879638672
0.0010929107666015625
0.0011768341064453125
0.0012226104736328125
0.002066373825073242
0.0010349750518798828
0.0023806095123291016
0.0010828971862792969
0.0022737979888916016
0.0010547637939453125
0.0013492107391357422
0.0020749568939208984
0.0012156963348388672
0.0010025501251220703
0.001481771469116211
0.002250194549560547
0.0010027885437011719
0.0010001659393310547
0.0011470317840576172
0.0
0.0
0.0
0.0
0.007994890213012695
0.002407073974609375
0.0010139942169189453
0.0010023117065429688
0.0020461082458496094
0.001003265380859375
0.001285552978515625
0.002124309539794922
0.001434326171875
0.0010576248168945312
0.0013413429260253906
0.0021750926971435547
0.0010058879852294922
0.0031592845916748047
0.0010035037994384766
0.001325368881225586
0.002558469772338867
0.001049041748046875
0.0010728836059570312
0.0010023117065429688
0.0020189285278320312
0.002175569534301758
0.0009999275207519531
0.0009999275207519531
0.0024459362030029297
0.0010097026824951172
0.0
0.0
0.0
0.006688594818115234
0.0013172626495361328
0.0014884471893310547
0.001413106918334961
0.0013637542724609375
0.0012667179107666016
0.0012531280517578125
0.0020313262939453125
0.0010018348693847656
0.0012052059173583984
0.0012362003326416016
0.0023627281188964844
0.0020673274993896484
0.0011487007141113281
0.0022139549255371094
0.0014722347259521484
0.0010030269622802734
0.0012645721435546875
0.002673625946044922
0.0011188983917236328
0.0024781227111816406
0.003500699996948242
0.002049684524536133
0.0010478496551513672
0.0025572776794433594
0.00131988525390625
0.0014777183532714844
0.0010976791381835938
0.0012798309326171875
0.0019724369049072266
0.0009992122650146484
0.0024514198303222656
0.0030858516693115234
0.004000425338745117
0.003399372100830078
0.0023534297943115234
0.0032689571380615234
0.002796649932861328
0.002000093460083008
0.0020003318786621094
0.003644704818725586
0.001999378204345703
0.0019998550415039062
0.0030007362365722656
0.0023872852325439453
0.0023174285888671875
0.0010612010955810547
0.0021800994873046875
0.0010135173797607422
0.0010035037994384766
0.0012810230255126953
0.0010406970977783203
0.0010023117065429688
0.0010013580322265625
0.0010097026824951172
0.0020155906677246094
0.0026237964630126953
0.001003265380859375
0.0010066032409667969
0.0010170936584472656
0.001001596450805664
0.001421213150024414
0.001007080078125
0.0010013580322265625
0.001115560531616211
0.0010480880737304688
0.001173257827758789
0.001237630844116211
0.0010085105895996094
0.0010118484497070312
0.0010023117065429688
0.002003192901611328
0.001008749008178711
0.001001596450805664
0.0010051727294921875
0.0010650157928466797
0.0010247230529785156
0.0010139942169189453
0.0020110607147216797
0.0010013580322265625
0.0010154247283935547
0.0014882087707519531
0.0010051727294921875
0.0021283626556396484
0.001107931137084961
0.0010111331939697266
0.0010056495666503906
0.0
0.0
0.0
0.0
0.0
0.0
0.0
0.0
0.0
0.0
0.0
0.0
0.01576399803161621
0.0025472640991210938
0.001119852066040039
0.0014653205871582031
0.0010025501251220703
0.0021228790283203125
0.0011861324310302734
0.0010764598846435547
0.002117156982421875
0.0010023117065429688
0.002415180206298828
0.0014808177947998047
0.0010020732879638672
0.0010919570922851562
0.002404451370239258
0.002007007598876953
0.001003265380859375
0.0014352798461914062
0.0021314620971679688
0.0022568702697753906
0.0011816024780273438
0.0011720657348632812
0.0014979839324951172
0.0011379718780517578
0.001268625259399414
0.0010025501251220703
0.001409292221069336
0.0010030269622802734
0.002568960189819336
0.0010023117065429688
0.0012547969818115234
0.0014421939849853516
0.0010843276977539062
0.0021219253540039062
0.0010023117065429688
0.0010457038879394531
0.001239776611328125
0.0012083053588867188
0.0012090206146240234
0.002209186553955078
0.0011513233184814453
0.0011856555938720703
0.0010237693786621094
0.0021102428436279297
0.0010383129119873047
0.001085042953491211
0.0013217926025390625
0.0012221336364746094
0.0012052059173583984
0.002144336700439453
0.001046895980834961
0.001369476318359375
0.001247406005859375
0.002318143844604492
0.003234386444091797
0.0011413097381591797
0.001009225845336914
0.0010552406311035156
0.002237558364868164
0.0
0.0
0.0
0.0
0.0
0.0
0.0
0.0
0.0
0.0
0.01528310775756836
0.0026383399963378906
0.0013463497161865234
0.0010004043579101562
0.0
0.0032520294189453125
0.0010039806365966797
0.0010027885437011719
0.0014634132385253906
0.0013165473937988281
0.001294851303100586
0.002015829086303711
0.001001596450805664
0.001046895980834961
0.0012707710266113281
0.002414226531982422
0.0010027885437011719
0.0
0.0014979839324951172
0.0025174617767333984
0.0021522045135498047
0.0010862350463867188
0.0010023117065429688
0.0013217926025390625
0.0013000965118408203
0.0022323131561279297
0.0014081001281738281
0.001041412353515625
0.0014939308166503906
0.0020520687103271484
0.0010304450988769531
0.0013892650604248047
0.0014472007751464844
0.0013284683227539062
0.0010175704956054688
0.00106048583984375
0.001115560531616211
0.002480030059814453
0.0010943412780761719
0.0020074844360351562
0.0010025501251220703
0.0010018348693847656
0.0012254714965820312
0.0012612342834472656
0.0012695789337158203
0.0013496875762939453
0.0013480186462402344