0.005423069000244141
0.0030841827392578125
0.0035676956176757812
0.0033605098724365234
0.004555225372314453
0.003486156463623047
0.002588510513305664
0.0023131370544433594
0.003286600112915039
0.004355669021606445
0.0030105113983154297
0.004107952117919922
0.00368499755859375
0.004337787628173828
0.0033347606658935547
0.003508329391479492
0.004169940948486328
0.001375436782836914
0.0012998580932617188
0.0034110546112060547
0.0020220279693603516
0.001275777816772461
0.003299236297607422
0.0036580562591552734
0.0020055770874023438
0.0034084320068359375
0.004262447357177734
0.0034029483795166016
0.003265857696533203
0.0031800270080566406
0.0031964778900146484
0.003149747848510742
0.003231048583984375
0.0034961700439453125
0.003666400909423828
0.003041505813598633
0.0024187564849853516
0.0034394264221191406
0.003255128860473633
0.0033071041107177734
0.003030538558959961
0.002537965774536133
0.004907846450805664
0.0033309459686279297
0.0028629302978515625
0.0034189224243164062
0.0031044483184814453
0.0024068355560302734
0.003468751907348633
0.004082918167114258
0.0029997825622558594
0.002856731414794922
0.0031332969665527344
0.003241300582885742
0.004034757614135742
0.003066539764404297
0.0032546520233154297
0.002232789993286133
0.002485513687133789
0.004302024841308594
0.0033812522888183594
0.002425670623779297
0.0036246776580810547
0.003335714340209961
0.003198385238647461
0.0032112598419189453
0.002129793167114258
0.002279996871948242
0.0034656524658203125
0.0042455196380615234
0.0020003318786621094
0.004000186920166016
0.002999544143676758
0.0029680728912353516
0.005133152008056641
0.003384828567504883
0.0036787986755371094
0.0024538040161132812
0.002093791961669922
0.0031251907348632812
0.002457141876220703
0.0031070709228515625
0.0035805702209472656
0.00228118896484375
0.003485441207885742
0.0033919811248779297
0.004012584686279297
0.0031936168670654297
0.003931999206542969
0.0019996166229248047
0.003407716751098633
0.0024690628051757812
0.002489328384399414
0.0033698081970214844
0.0032074451446533203
0.0035953521728515625
0.00321197509765625
0.004225492477416992
0.002459287643432617
0.003869771957397461
0.002276182174682617
0.003226041793823242
0.003227710723876953
0.0033898353576660156
0.0019996166229248047
0.004789590835571289
0.003093719482421875
0.0045015811920166016
0.003076314926147461
0.003453969955444336
0.003162384033203125
0.0026476383209228516
0.0020258426666259766
0.004082202911376953
0.002307415008544922
0.002269268035888672
0.0033004283905029297
0.0022308826446533203
0.00420379638671875
0.0034766197204589844
0.0031270980834960938
0.004265308380126953
0.0021696090698242188
0.0019996166229248047
0.003854036331176758
0.0030701160430908203
0.003702402114868164
0.002260923385620117
0.0026230812072753906
0.003359556198120117
0.003840208053588867
0.0034716129302978516
0.0024254322052001953
0.004698753356933594
0.003000497817993164
0.0029997825622558594
0.0019769668579101562
0.005101442337036133
0.0017490386962890625
0.004496335983276367
0.002444028854370117
0.0034329891204833984
0.0034711360931396484
0.004191875457763672
0.003732919692993164
0.003214120864868164
0.0032160282135009766
0.003482341766357422
0.002028226852416992
0.003207683563232422
0.0032355785369873047
0.004886627197265625
0.0034465789794921875
0.003246784210205078
0.0033011436462402344
0.0031173229217529297
0.0020895004272460938
0.00414276123046875
0.003442049026489258
0.003099203109741211
0.003996849060058594
0.0032036304473876953
0.003496885299682617
0.003281116485595703
0.0033440589904785156
0.003892183303833008
0.003306865692138672
0.0038270950317382812
0.0025022029876708984
0.004006147384643555
0.003226041793823242
0.004363059997558594
0.011010169982910156
0.0039997100830078125
0.0030002593994140625
0.003999948501586914
0.0029997825622558594
0.003999948501586914
0.0030007362365722656
0.0029993057250976562
0.004000186920166016
0.0019998550415039062
0.003000974655151367
0.0019986629486083984
0.0030002593994140625
0.004232883453369141
0.0030655860900878906
0.005002498626708984
0.004593849182128906
0.0033233165740966797
0.0033371448516845703
0.0033571720123291016
0.003486156463623047
0.0034041404724121094
0.0014166831970214844
0.0030527114868164062
0.003558635711669922
0.0020723342895507812
0.003061056137084961
0.004691123962402344
0.0022172927856445312
0.003614664077758789
0.003240823745727539
0.003343820571899414
0.0035300254821777344
0.0035161972045898438
0.002155303955078125
0.0038237571716308594
0.0031218528747558594
0.0030078887939453125
0.0042874813079833984
0.0024385452270507812
0.003568887710571289
0.0024824142456054688
0.0038149356842041016
0.002248525619506836
0.003088712692260742
0.0023193359375
0.0031321048736572266
0.0031757354736328125
0.0034067630767822266
0.003540515899658203
0.0022225379943847656
0.0021080970764160156
0.0
0.008889198303222656
0.003033876419067383
0.003659963607788086
0.003422975540161133
0.004422187805175781
0.003417491912841797
0.0030846595764160156
0.003254413604736328
0.0035185813903808594
0.0040531158447265625
0.004363536834716797
0.0014920234680175781
0.003356456756591797
0.0032160282135009766
0.0026094913482666016
0.003378629684448242
0.002051830291748047
0.003158092498779297
0.004012584686279297
0.0031280517578125
0.0020897388458251953
0.00354766845703125
0.002096891403198242
0.0031871795654296875
0.0031647682189941406
0.0031783580780029297
0.003490447998046875
0.0020723342895507812
0.0038688182830810547
0.0023021697998046875
0.003725290298461914
0.003713369369506836
0.0033490657806396484
0.0033981800079345703
0.001074075698852539
0.0039215087890625
0.003165721893310547
0.004530191421508789
0.004204511642456055
0.0035500526428222656
0.002145528793334961
0.003265380859375
0.002230405807495117
0.0038003921508789062
0.0036346912384033203
0.004029750823974609
0.0024776458740234375
0.002162933349609375
0.002092123031616211
0.0033235549926757812
0.002412080764770508
0.003561258316040039
0.0030493736267089844
0.0021991729736328125
0.003094196319580078
0.003441333770751953
0.0041866302490234375
0.0024743080139160156
0.003722667694091797
0.0021178722381591797
0.002054452896118164
0.004256010055541992
0.0
0.0
0.008888483047485352
0.003426074981689453
0.0031332969665527344
0.0033111572265625
0.0031092166900634766
0.004313468933105469
0.0030105113983154297
0.003800630569458008
0.0020401477813720703
0.004546403884887695
0.004140138626098633
0.0031371116638183594
0.003080606460571289
0.0033943653106689453
0.0035805702209472656
0.003038167953491211
0.0020227432250976562
0.0036385059356689453
0.002111196517944336
0.00436091423034668
0.003423452377319336
0.002152681350708008
0.003595590591430664
0.0034341812133789062
0.003335714340209961
0.0033593177795410156
0.003413677215576172
0.0031790733337402344
0.0
0.0
0.002661466598510742
0.002619028091430664
0.00334930419921875
0.003300189971923828
0.003161191940307617
0.0038025379180908203
0.003341197967529297
0.0030744075775146484
0.0021119117736816406
0.004349946975708008
0.002149820327758789
0.004219532012939453
0.003287792205810547
0.0032112598419189453
0.0024001598358154297
0.0036017894744873047
0.003599405288696289
0.0019998550415039062
0.0033197402954101562
0.0039670467376708984
0.004096269607543945
0.00225067138671875
0.0021250247955322266
0.003643035888671875
0.0032727718353271484
0.00408482551574707
0.003523588180541992
0.003490447998046875
0.0013892650604248047
0.0022563934326171875
0.004667997360229492
0.003467082977294922
0.0022079944610595703
0.0033066272735595703
0.0034132003784179688
0.002588033676147461
0.0021452903747558594
0.0034787654876708984
0.0035970211029052734
0.00333404541015625
0.003331422805786133
0.0032765865325927734
0.0020685195922851562
0.004080057144165039
0.0045659542083740234
0.0008978843688964844
0.0
0.008103370666503906
0.0032587051391601562
0.002330303192138672
0.002306222915649414
0.002374887466430664
0.0031685829162597656
0.003565073013305664
0.002002239227294922
0.003201723098754883
0.0035033226013183594
0.003669261932373047
0.0031685829162597656
0.0032799243927001953
0.003694772720336914
0.0005817413330078125
0.006338596343994141
0.002727031707763672
0.0035665035247802734
0.003262042999267578
0.0020372867584228516
0.003560304641723633
0.004450798034667969
0.0024542808532714844
0.004342555999755859
0.0026884078979492188
0.003453969955444336
0.003061056137084961
0.0031490325927734375
0.0030622482299804688
0.002042055130004883
0.0033926963806152344
0.0036399364471435547
0.0034971237182617188
0.0030372142791748047
0.004082441329956055
0.003253936767578125
0.002220630645751953
0.003694772720336914
0.003450155258178711
0.003154277801513672
0.002549409866333008
0.0037055015563964844
0.0034203529357910156
0.0027239322662353516
0.003645658493041992
0.0030024051666259766
0.0032575130462646484
0.0030126571655273438
0.0033707618713378906
0.0035865306854248047
0.003425121307373047
0.003310680389404297
0.0032982826232910156
0.003451824188232422
0.0024938583374023438
0.0023775100708007812
0.0031468868255615234
0.002360105514526367
0.0039865970611572266
0.0020308494567871094
0.004334926605224609
0.002785205841064453
0.003086090087890625
0.0034329891204833984
0.0034847259521484375
0.0023763179779052734
0.0023996829986572266
0.004597187042236328
0.003139019012451172
0.002415180206298828
0.0030426979064941406
0.00501704216003418
0.004079103469848633
0.0024368762969970703
0.0
0.007252693176269531
0.003476381301879883
0.0033576488494873047
0.002001523971557617
0.003717660903930664
0.0032265186309814453
0.0028269290924072266
0.0035266876220703125
0.003505706787109375
0.0022373199462890625
0.003446817398071289
0.0030422210693359375
0.0036635398864746094
0.0021195411682128906
0.0011529922485351562
0.0034224987030029297
0.0034325122833251953
0.004189014434814453
0.0023050308227539062
0.0033915042877197266
0.004100322723388672
0.002359151840209961
0.0035457611083984375
0.003734111785888672
0.003526926040649414
0.0035490989685058594
0.0022056102752685547
0.0032694339752197266
0.002485513687133789
0.002913236618041992
0.0038824081420898438
0.0030884742736816406
0.002761363983154297
0.002498149871826172
0.003187417984008789
0.00413203239440918
0.0033159255981445312
0.00407719612121582
0.0031363964080810547
0.0031309127807617188
0.003384113311767578
0.0034332275390625
0.0032875537872314453
0.002167940139770508
0.0042040348052978516
0.004142045974731445
0.0025649070739746094
0.0031425952911376953
0.0031282901763916016
0.0020406246185302734
0.0031375885009765625
0.0021402835845947266
0.0030918121337890625
0.003832101821899414
0.0033254623413085938
0.002260923385620117
0.002257108688354492
0.004121065139770508
0.002696514129638672
0.0035600662231445312
0.0023474693298339844
0.004092216491699219
0.002099275588989258
0.0031816959381103516
0.003203153610229492
0.0031442642211914062
0.004261970520019531
0.0031249523162841797
0.004510402679443359
0.0021131038665771484
0.003504037857055664
0.0035893917083740234
0.003213644027709961
0.0043430328369140625
0.00313568115234375
0.002213001251220703
0.00313568115234375
0.0031599998474121094
0.0033316612243652344
0.0035080909729003906
0.002392292022705078
0.002439737319946289
0.002174854278564453
0.003484010696411133
0.003130674362182617
0.0021288394927978516
0.003232240676879883
0.0031425952911376953
0.004156351089477539
0.0032112598419189453
0.003125429153442383
0.004242658615112305
0.0031516551971435547
0.0032706260681152344
0.003222227096557617
0.0033872127532958984
0.0036606788635253906
0.003488302230834961
0.003421783447265625
0.002239704132080078
0.00243377685546875
0.0040073394775390625
0.004203319549560547
0.002362966537475586
0.0031299591064453125
0.002199411392211914
0.002187967300415039
0.002462625503540039
0.003444671630859375
0.0034074783325195312
0.0030145645141601562
0.0046770572662353516
0.002182483673095703
0.002777099609375
0.003078460693359375
0.003641366958618164
0.0031485557556152344
0.00435185432434082
0.00312042236328125
0.0024576187133789062
0.00240325927734375
0.0025196075439453125
0.0025796890258789062
0.003985881805419922
0.002275705337524414
0.00286102294921875
0.0034933090209960938
0.0024595260620117188
0.004373073577880859
0.0041692256927490234
0.003440380096435547
0.004328012466430664
0.003385305404663086
0.003184080123901367
0.003488302230834961
0.004242897033691406
0.0033626556396484375
0.0021238327026367188
0.003885507583618164
0.0033791065216064453
0.004297971725463867
0.002999544143676758
0.0021636486053466797
0.0035178661346435547
0.0030345916748046875
0.0032684803009033203
0.0030901432037353516
0.0038399696350097656
0.003383159637451172
0.0036301612854003906
0.003032684326171875
0.0
0.005669116973876953
0.0012295246124267578
0.004583120346069336
0.003160238265991211
0.003232240676879883
0.0031027793884277344
0.004009723663330078
0.0029015541076660156
0.0036787986755371094
0.003022432327270508
0.003022432327270508
0.0032117366790771484
0.0031862258911132812
0.003247976303100586
0.0020453929901123047
0.0031495094299316406
0.0032415390014648438
0.002397298812866211
0.003004312515258789
0.004256248474121094
0.004037618637084961
0.0035715103149414062
0.002287626266479492
0.004431724548339844
0.0030393600463867188
0.002550840377807617
0.003126382827758789
0.0034055709838867188
0.0034172534942626953
0.0032486915588378906
0.0020003318786621094
0.004120826721191406
0.0
0.0077970027923583984
0.0031130313873291016
0.0022783279418945312
0.003309965133666992
0.002079010009765625
0.0033767223358154297
0.0031218528747558594
0.003304004669189453
0.0032792091369628906
0.002135038375854492
0.004614591598510742
0.0030121803283691406
0.003656148910522461
0.002399444580078125
0.0035402774810791016
0.0028984546661376953
0.003139495849609375
0.0033104419708251953
0.004037618637084961
0.0033025741577148438
0.003720521926879883
0.0031998157501220703
0.002999544143676758
0.004355192184448242
0.002002716064453125
0.0032629966735839844
0.003418445587158203
0.0025115013122558594
0.002376079559326172
0.0024106502532958984
0.005385875701904297
0.004395246505737305
0.0032341480255126953
0.003170490264892578
0.0022094249725341797
0.005426645278930664
0.0023539066314697266
0.0031654834747314453
0.002408742904663086
0.0031404495239257812
0.0034914016723632812
0.003198862075805664
0.0022416114807128906
0.0032453536987304688
0.002215862274169922
0.004603862762451172
0.003528594970703125
0.003465890884399414
0.002384662628173828
0.0027055740356445312
0.003520488739013672
0.002955913543701172
0.0012094974517822266
0.006133556365966797
0.003069162368774414
0.0030939579010009766
0.0040988922119140625
0.004228115081787109
0.001003265380859375
0.0
0.008698701858520508
0.003481626510620117
0.0032677650451660156
0.003398418426513672
0.0025184154510498047
0.003757476806640625
0.0022962093353271484
0.004259347915649414
0.004084110260009766
0.004094362258911133
0.0034050941467285156
0.003266572952270508
0.0033121109008789062
0.0040743350982666016
0.0032439231872558594
0.003037691116333008
0.003238677978515625
0.0030684471130371094
0.004206418991088867
0.004580020904541016
0.003050088882446289
0.003213644027709961
0.003359079360961914
0.003260374069213867
0.0037658214569091797
0.0030145645141601562
0.00431370735168457
0.0034956932067871094
0.0004520416259765625
0.0
0.008133888244628906
0.003062725067138672
0.0032923221588134766
0.0030486583709716797
0.003336668014526367
0.004370212554931641
0.0014162063598632812
0.003614187240600586
0.0034432411193847656
0.0028700828552246094
0.0038428306579589844
0.0020029544830322266
0.003416299819946289
0.0030930042266845703
0.004027843475341797
0.0042362213134765625
0.0029993057250976562
0.0030372142791748047
0.00341033935546875
0.0020084381103515625
0.003152608871459961
0.0023598670959472656
0.0038344860076904297
0.003385305404663086
0.0030040740966796875
0.003270864486694336
0.003889799118041992
0.003242969512939453
0.0019295215606689453
0.004389286041259766
0.003190279006958008
0.002000093460083008
0.004430532455444336
0.0020351409912109375
0.0024933815002441406
0.0026214122772216797
0.0032491683959960938
0.004164457321166992
0.003381967544555664
0.0032978057861328125
0.0032188892364501953
0.0033490657806396484
0.0036797523498535156
0.003529071807861328
0.0032317638397216797
0.004465341567993164
0.0031163692474365234
0.003162384033203125
0.003083944320678711
0.0032279491424560547
0.0041348934173583984
0.003041982650756836
0.004069089889526367
0.003362894058227539
0.0025398731231689453
0.003478527069091797
0.0031974315643310547
0.002256155014038086
0.0020427703857421875
0.004342317581176758
0.0034797191619873047
0.0031316280364990234
0.004160165786743164
0.0032494068145751953
0.0027685165405273438
0.003522634506225586
0.002166271209716797
0.0038785934448242188
0.0033729076385498047
0.003248453140258789
0.0034821033477783203
0.0020639896392822266
0.0041086673736572266
0.0024247169494628906
0.001178741455078125
0.002410888671875
0.003735780715942383
0.00407862663269043
0.0025784969329833984
0.0035712718963623047
0.0024886131286621094
0.0034263134002685547
0.004666805267333984
0.004126787185668945
0.002204418182373047
0.0032427310943603516
0.0040018558502197266
0.0029997825622558594
0.0029997825622558594
0.0036792755126953125
0.00047969818115234375
0.0
0.007980823516845703
0.003084897994995117
0.0033659934997558594
0.0021805763244628906
0.0032663345336914062
0.0020928382873535156
0.0031747817993164062
0.0032477378845214844
0.0024404525756835938
0.003888368606567383
0.002017974853515625
0.0038182735443115234
0.0031685829162597656
0.003583192825317383
0.0036468505859375
0.003941059112548828
0.0021004676818847656
0.002215862274169922
0.0023682117462158203
0.002382993698120117
0.0033109188079833984
0.0034513473510742188
0.0034079551696777344
0.003241300582885742
0.0047075748443603516
0.0026619434356689453
0.0034182071685791016
0.0035789012908935547
0.003402233123779297
0.004058122634887695
0.002345561981201172
0.004312753677368164
0.0036606788635253906
0.0037288665771484375
0.0020101070404052734
0.0035119056701660156
0.0025827884674072266
0.0024559497833251953
0.0020058155059814453
0.004553794860839844
0.003123044967651367
0.003307819366455078
0.002531766891479492
0.0038068294525146484
0.0023164749145507812
0.004023313522338867
0.0033860206604003906
0.003006458282470703
0.0010001659393310547
0.0034711360931396484
0.002023935317993164
0.0033288002014160156
0.0033843517303466797
0.0026721954345703125
0.004312992095947266
0.0031800270080566406
0.003355741500854492
0.0030493736267089844
0.0035088062286376953
0.003284454345703125
0.0012176036834716797
0.005949735641479492
0.003371715545654297
0.0034809112548828125
0.0031280517578125
0.00312042236328125
0.002456188201904297
0.004290580749511719
0.0031745433807373047
0.0030498504638671875
0.003503084182739258
0.0034704208374023438
0.0031423568725585938
0.0034542083740234375
0.0033681392669677734
0.0029997825622558594
0.0019998550415039062
0.0032129287719726562
0.003299713134765625
0.003828287124633789
0.0032072067260742188
0.003156900405883789
0.0034160614013671875
0.002340078353881836
0.0036122798919677734
0.003603696823120117
0.002008199691772461
0.003662586212158203
0.0033919811248779297
0.0033915042877197266
0.0023827552795410156
0.0021982192993164062
0.0
0.009630680084228516
0.0026798248291015625
0.002225637435913086
0.0033109188079833984
0.003361940383911133
0.0024216175079345703
0.004137277603149414
0.0019998550415039062
0.0020003318786621094
0.0032339096069335938
0.003726959228515625
0.004236698150634766
0.0030205249786376953
0.0017461776733398438
0.005092144012451172
0.004290103912353516
0.0020024776458740234
0.004381656646728516
0.002038240432739258
0.002223491668701172
0.0030765533447265625
0.0032444000244140625
0.0035333633422851562
0.002287626266479492
0.0043544769287109375
0.0030074119567871094
0.0030083656311035156
0.00139617919921875
0.0038688182830810547
0.0032706260681152344
0.0038938522338867188
0.0034644603729248047
0.003257274627685547
0.003310680389404297
0.0038361549377441406
0.003159046173095703
0.003355741500854492
0.002469778060913086
0.0031218528747558594
0.002010345458984375
0.004076719284057617
0.0029997825622558594
0.004334688186645508
0.003109455108642578
0.0030374526977539062
0.004166603088378906
0.0035598278045654297
0.003050088882446289
0.0036873817443847656
0.0024623870849609375
0.0022058486938476562
0.002310514450073242
0.004235029220581055
0.003056049346923828
0.003186464309692383
0.004510164260864258
0.003436565399169922
0.0034456253051757812
0.0034227371215820312
0.002170085906982422
0.002508401870727539
0.005026102066040039
0.0046329498291015625
0.0031065940856933594
0.004010915756225586
0.0024261474609375
0.003907203674316406
0.003063201904296875
0.003834247589111328
0.0023834705352783203
0.003441333770751953
0.0030748844146728516
0.004362821578979492
0.001999378204345703
0.0031828880310058594
0.003515958786010742
0.003248929977416992
0.003370523452758789
0.003168344497680664
0.0030164718627929688
0.003326416015625
0.0035572052001953125
0.003715991973876953
0.0022203922271728516
0.004483699798583984
0.002227783203125
0.0037086009979248047
0.0032286643981933594
0.0038366317749023438
0.0035970211029052734
0.0032317638397216797
0.003495454788208008
0.004317760467529297
0.0030057430267333984
0.0032813549041748047
0.0034592151641845703
0.003184080123901367
0.0036115646362304688
0.0036468505859375