0.004933595657348633
0.006829023361206055
0.0
0.011091232299804688
0.0019237995147705078
0.0068531036376953125
0.007502555847167969
0.005888223648071289
0.0011284351348876953
0.0065860748291015625
0.010246038436889648
0.006089448928833008
0.005707979202270508
0.007166147232055664
0.004832029342651367
0.0011258125305175781
0.006510019302368164
0.01153421401977539
0.0073947906494140625
0.002267122268676758
0.009209871292114258
0.004937171936035156
0.006457805633544922
0.007368326187133789
0.0061740875244140625
0.0011916160583496094
0.006717205047607422
0.005923748016357422
0.0068187713623046875
0.00638270378112793
0.002167940139770508
0.005892038345336914
0.006972551345825195
0.006403446197509766
0.004666805267333984
0.003360271453857422
0.006847858428955078
0.006084442138671875
0.005110025405883789
0.004633665084838867
0.004206418991088867
0.006000518798828125
0.005999565124511719
0.006329774856567383
0.006469249725341797
0.006084918975830078
0.0034046173095703125
0.006960630416870117
0.006997823715209961
0.0
0.011587142944335938
0.002413034439086914
0.006930351257324219
0.006970405578613281
0.0
0.007306814193725586
0.006507396697998047
0.00693511962890625
0.006639719009399414
0.0005018711090087891
0.009410619735717773
0.004827260971069336
0.0
0.006491899490356445
0.006973981857299805
0.007043361663818359
0.006400346755981445
0.0006635189056396484
0.006777048110961914
0.007524251937866211
0.006365299224853516
0.0
0.0069959163665771484
0.007113218307495117
0.010208606719970703
0.0031485557556152344
0.0049860477447509766
0.0025756359100341797
0.006948947906494141
0.008699655532836914
0.005321979522705078
0.0
0.0070037841796875
0.006849050521850586
0.00687861442565918
0.0
0.006988048553466797
0.0073697566986083984
0.007022380828857422
0.0
0.0070819854736328125
0.006645917892456055
0.0
0.001009225845336914
0.007056236267089844
0.0073702335357666016
0.0
0.0055158138275146484
0.00603938102722168
0.0036818981170654297
0.008121013641357422
0.004849910736083984
0.007148027420043945
0.0071752071380615234
0.0
0.006836891174316406
0.006957292556762695
0.0073168277740478516
0.0
0.006655693054199219
0.006893634796142578
0.009588241577148438
0.00341033935546875
0.005601167678833008
0.006223917007446289
0.002547740936279297
0.009790897369384766
0.004418849945068359
0.00639033317565918
0.007276773452758789
0.0
0.007661342620849609
0.006163358688354492
0.011185407638549805
0.0029022693634033203
0.007198810577392578
0.006131887435913086
0.005138397216796875
0.0026624202728271484
0.006687641143798828
0.0068171024322509766
0.0070421695709228516
0.006981849670410156
0.007371187210083008
0.005316495895385742
0.0018830299377441406
0.006249189376831055
0.0064618587493896484
0.0004723072052001953
0.00700068473815918
0.007006645202636719
0.007245302200317383
0.006727933883666992
0.0069119930267333984
0.007060050964355469
0.006811618804931641
0.0031523704528808594
0.007709503173828125
0.0032262802124023438
0.006876468658447266
0.0
0.007058620452880859
0.007567882537841797
0.0034875869750976562
0.0019927024841308594
0.006731271743774414
0.006836414337158203
0.007128238677978516
0.0069446563720703125
0.00699925422668457
0.0
0.006860017776489258
0.0072977542877197266
0.006673336029052734
0.0068950653076171875
0.006894826889038086
0.0065670013427734375
0.0006206035614013672
0.006924629211425781
0.007092475891113281
0.006375551223754883
0.003360271453857422
0.004205465316772461
0.0067021846771240234
0.0
0.007138490676879883
0.006914854049682617
0.00697779655456543
0.007669210433959961
0.005619049072265625
0.0006239414215087891
0.007170915603637695
0.010388851165771484
0.00574803352355957
0.0044820308685302734
0.006952047348022461
0.004663944244384766
0.002368927001953125
0.007035017013549805
0.00954890251159668
0.00476384162902832
0.006386280059814453
0.006951808929443359
0.0
0.0070879459381103516
0.0068759918212890625
0.007051706314086914
0.006487369537353516
0.0031986236572265625
0.0043561458587646484
0.006819725036621094
0.007361412048339844
0.006433725357055664
0.0
0.007233619689941406
0.006844997406005859
0.007080793380737305
0.008295536041259766
0.00336456298828125
0.002972841262817383
0.007868528366088867
0.0046253204345703125
0.00392603874206543
0.007529735565185547
0.004526615142822266
0.005961418151855469
0.007060050964355469
0.00608372688293457
0.0056209564208984375
0.006242275238037109
0.00417637825012207
0.008500337600708008
0.005688667297363281
0.006548881530761719
0.0069386959075927734
0.00581669807434082
0.0061643123626708984
0.0026988983154296875
0.005522489547729492
0.007070064544677734
0.0068433284759521484
0.006869792938232422
0.0
0.0071485042572021484
0.00552058219909668
0.0013246536254882812
0.007099151611328125
0.006998538970947266
0.005435466766357422
0.0014271736145019531
0.00684809684753418
0.007311105728149414
0.0063397884368896484
0.0058248043060302734
0.006978273391723633
0.0054013729095458984
0.003093242645263672
0.008578062057495117
0.005166769027709961
0.006076335906982422
0.006997346878051758
0.0
0.006997585296630859
0.007086753845214844
0.008708477020263672
0.0014858245849609375
0.006955146789550781
0.003665447235107422
0.00700831413269043
0.005032777786254883
0.000682830810546875
0.0068111419677734375
0.00719904899597168
0.0061795711517333984
0.005224943161010742
0.002657651901245117
0.007047414779663086
0.007448673248291016
0.0063512325286865234
0.006162405014038086
0.0010366439819335938
0.008949756622314453
0.006960153579711914
0.005251407623291016
0.0065479278564453125
0.006006717681884766
0.0004649162292480469
0.007116794586181641
0.006967782974243164
0.007048368453979492
0.0070531368255615234
0.008182764053344727
0.00608062744140625
0.006293296813964844
0.006463527679443359
0.0005309581756591797
0.007009267807006836
0.007047176361083984
0.009699583053588867
0.00711512565612793
0.005945444107055664
0.0020983219146728516
0.005793571472167969
0.0040667057037353516
0.006873130798339844
0.0
0.007046937942504883
0.007479667663574219
0.0059659481048583984
0.0005524158477783203
0.007588624954223633
0.00441431999206543
0.003204822540283203
0.005639314651489258
0.00735783576965332
0.006006956100463867
0.0005555152893066406
0.007001638412475586
0.006985902786254883
0.0071485042572021484
0.0067675113677978516
0.006927013397216797
0.0
0.0005657672882080078
0.006881237030029297
0.006814479827880859
0.007085323333740234
0.0
0.00698399543762207
0.010651826858520508
0.003389120101928711
0.0067806243896484375
0.006407499313354492
0.00058746337890625
0.011361122131347656
0.0027227401733398438
0.010099411010742188
0.006121635437011719
0.0042493343353271484
0.0004584789276123047
0.006829261779785156
0.006860971450805664
0.007040262222290039
0.0
0.006869792938232422
0.007018089294433594
0.007017374038696289
0.007287025451660156
0.005990266799926758
0.0006914138793945312
0.00676417350769043
0.007100105285644531
0.007066965103149414
0.00672602653503418
0.0
0.0003256797790527344
0.006699562072753906
0.0072553157806396484
0.006741762161254883
0.0
0.00721287727355957
0.006644010543823242
0.0069468021392822266
0.007124423980712891
0.005033254623413086
0.002110004425048828
0.009096384048461914
0.0051097869873046875
0.006268978118896484
0.006502628326416016
0.0006594657897949219
0.006860971450805664
0.006972074508666992
0.008902788162231445
0.005469799041748047
0.00563359260559082
0.0059702396392822266
0.0005154609680175781
0.006865739822387695
0.007051944732666016
0.00694727897644043
0.008966207504272461
0.005913496017456055
0.0010669231414794922
0.007498979568481445
0.004530668258666992
0.0
0.0004398822784423828
0.006920814514160156
0.006997108459472656
0.006879091262817383
0.006394624710083008
0.00539708137512207
0.0021965503692626953
0.006857156753540039
0.007063865661621094
0.007395029067993164
0.005890607833862305
0.0006062984466552734
0.007008790969848633
0.006902933120727539
0.006968975067138672
0.0074422359466552734
0.005987882614135742
0.0007655620574951172
0.0067479610443115234
0.0069427490234375
0.008593082427978516
0.008180856704711914
0.0055887699127197266
0.005625009536743164
0.007336139678955078
0.0059452056884765625
0.0010366439819335938
0.006773471832275391
0.0070950984954833984
0.0
0.006942272186279297
0.006738185882568359
0.0010175704956054688
0.006073951721191406
0.010619878768920898
0.003374814987182617
0.007313966751098633
0.006550788879394531
0.0
0.00704503059387207
0.006989479064941406
0.0
0.006940126419067383
0.006897449493408203
0.007004737854003906
0.0060346126556396484
0.0010249614715576172
0.006898164749145508
0.0068225860595703125
0.007045745849609375
0.0071103572845458984
0.0068531036376953125
0.005905866622924805
0.006008625030517578
0.002057790756225586
0.007012844085693359
0.0058324337005615234
0.0010838508605957031
0.009750843048095703
0.006121397018432617
0.0036706924438476562
0.0013990402221679688
0.009634256362915039
0.004320383071899414
0.006406545639038086
0.006542205810546875
0.0008141994476318359
0.006834745407104492
0.0071070194244384766
0.006930351257324219
0.00696110725402832
0.0069615840911865234
0.004439353942871094
0.006192207336425781
0.004098415374755859
0.006187915802001953
0.0065326690673828125
0.007024049758911133
0.0070574283599853516
0.0
0.009523630142211914
0.0043489933013916016
0.006744384765625
0.00707697868347168
0.005437374114990234
0.0
0.0067708492279052734
0.008822441101074219
0.0048329830169677734
0.008530378341674805
0.0057675838470458984
0.0060329437255859375
0.0008814334869384766
0.010190248489379883
0.0067517757415771484
0.0037009716033935547
0.007361412048339844
0.006385326385498047
0.00707554817199707
0.00030994415283203125
0.010767936706542969
0.0028638839721679688
0.007433652877807617
0.006513833999633789
0.006781578063964844
0.0
0.0076105594635009766
0.008864402770996094
0.003642559051513672
0.006871223449707031
0.007376909255981445
0.006465435028076172
0.003547191619873047
0.003632783889770508
0.006763935089111328
0.0071790218353271484
0.00690007209777832
0.006823301315307617
0.006480693817138672
0.0005452632904052734
0.007097721099853516
0.006981849670410156
0.0
0.0
0.009083032608032227
0.007584333419799805
0.0036919116973876953
0.0007982254028320312
0.006709098815917969
0.010144948959350586
0.007077217102050781
0.0026984214782714844
0.006758451461791992
0.0
0.0070323944091796875
0.007103443145751953
0.006917476654052734
0.006894826889038086
0.006911516189575195
0.00716400146484375
0.0
0.011221885681152344
0.002830982208251953
0.007330179214477539
0.005228519439697266
0.006813526153564453
0.0
0.006850242614746094
0.0
0.007151603698730469
0.0069561004638671875
0.0068624019622802734
0.0
0.00688624382019043
0.006931304931640625
0.007084846496582031
0.0070648193359375
0.0
0.007042646408081055
0.006742954254150391
0.007118701934814453
0.006719350814819336
0.007473945617675781
0.0059587955474853516
0.003215312957763672
0.004309177398681641
0.00881195068359375
0.004721164703369141
0.005593538284301758
0.0018038749694824219
0.0069942474365234375
0.00973820686340332
0.005310535430908203
0.005948543548583984
0.007068157196044922
0.005760669708251953
0.005869150161743164
0.006291627883911133
0.007014274597167969
0.006097555160522461
0.004271268844604492
0.0062007904052734375
0.00606083869934082
0.005734920501708984
0.005318164825439453
0.004956483840942383
0.00470280647277832
0.0062046051025390625
0.004852771759033203
0.006898164749145508
0.0035219192504882812
0.006110668182373047
0.005520343780517578
0.004441022872924805
0.0062062740325927734
0.006327390670776367
0.005044698715209961
0.006490230560302734
0.0059719085693359375
0.005946636199951172
0.003850221633911133
0.004566669464111328
0.004426240921020508
0.006361246109008789
0.004300355911254883
0.006463289260864258
0.003994941711425781
0.0051305294036865234
0.0034940242767333984
0.006417274475097656
0.004140615463256836
0.004178285598754883
0.0039157867431640625
0.005237102508544922
0.00344085693359375
0.007142066955566406
0.00652003288269043
0.005292654037475586
0.00654292106628418
0.005417585372924805
0.00449371337890625
0.004295825958251953
0.00455784797668457
0.004144430160522461
0.005765438079833984
0.0035390853881835938
0.006460905075073242
0.0048160552978515625
0.004343271255493164
0.004230499267578125
0.005743503570556641
0.006605386734008789
0.006201744079589844
0.006424665451049805
0.004958629608154297
0.006657838821411133
0.0
0.01241612434387207
0.0018458366394042969
0.006937980651855469
0.006703615188598633
0.0070993900299072266
0.0069468021392822266
0.0034427642822265625
0.004912853240966797
0.004864692687988281
0.006932973861694336
0.005921363830566406
0.0017147064208984375
0.006272554397583008
0.007612705230712891
0.008520364761352539
0.004895448684692383
0.005826234817504883
0.0010101795196533203
0.010190963745117188
0.005821943283081055
0.004362821578979492
0.00448155403137207
0.004925966262817383
0.006722927093505859
0.004270315170288086
0.00532841682434082
0.00449681282043457
0.004214763641357422
0.0033583641052246094
0.007051944732666016
0.006961822509765625
0.0055217742919921875
0.0040171146392822266
0.0036478042602539062
0.006002664566040039
0.00521087646484375
0.006363391876220703
0.00510096549987793
0.008469343185424805
0.0042569637298583984
0.0046122074127197266
0.005887508392333984
0.0035467147827148438
0.006122589111328125
0.004278421401977539
0.007224559783935547
0.005440235137939453
0.006423234939575195
0.004606723785400391
0.0054318904876708984
0.001361846923828125
0.008925437927246094
0.005003929138183594
0.004471540451049805
0.005439281463623047
0.0023589134216308594
0.007260322570800781
0.0068225860595703125
0.005016326904296875
0.005465507507324219
0.0024535655975341797
0.006747007369995117
0.004881381988525391
0.0069200992584228516
0.0029010772705078125
0.006711721420288086
0.005730867385864258
0.005805253982543945
0.00458979606628418
0.005799293518066406
0.006628990173339844
0.004088640213012695
0.0015442371368408203
0.007201433181762695
0.0071680545806884766
0.006356716156005859
0.005225419998168945
0.004316806793212891
0.00664830207824707
0.005571603775024414
0.004137754440307617
0.00568079948425293
0.005971670150756836
0.005962848663330078
0.006350040435791016
0.004028797149658203
0.005320549011230469
0.0050656795501708984
0.005761861801147461
0.006779909133911133
0.0037496089935302734
0.0033419132232666016
0.00686335563659668
0.006784200668334961
0.003975391387939453
0.00401759147644043
0.005789518356323242
0.004060983657836914
0.003102540969848633
0.007144451141357422
0.00496220588684082
0.002012491226196289
0.006844758987426758
0.005834817886352539
0.0011515617370605469
0.006793022155761719
0.005331277847290039
0.002017974853515625
0.007112026214599609
0.0034303665161132812
0.0033304691314697266
0.007019519805908203
0.004663944244384766
0.002005338668823242
0.0070760250091552734
0.0050051212310791016
0.0021779537200927734
0.006079912185668945
0.005750894546508789
0.006648540496826172
0.0020661354064941406
0.006678581237792969
0.0
0.007763862609863281
0.003452301025390625
0.006362438201904297
0.004311084747314453
0.004168033599853516
0.0021529197692871094
0.0067751407623291016
0.0061833858489990234
0.0010073184967041016
0.006915092468261719
0.0051326751708984375
0.0014889240264892578
0.005765199661254883
0.003911018371582031
0.003014802932739258
0.007093191146850586
0.004788637161254883
0.006012678146362305
0.004178762435913086
0.005836009979248047
0.003800630569458008
0.0035390853881835938
0.007094383239746094
0.005597591400146484
0.00679469108581543
0.005037546157836914
0.00330352783203125
0.006892204284667969
0.007181406021118164
0.005438804626464844
0.00598597526550293
0.00693821907043457
0.002771139144897461
0.006716489791870117
0.0054607391357421875
0.006769657135009766
0.006176471710205078
0.005853891372680664
0.0032138824462890625
0.007018566131591797
0.006783008575439453
0.007521390914916992
0.0033271312713623047
0.006224632263183594
0.003054380416870117
0.0077342987060546875
0.005857706069946289
0.0050737857818603516
0.003416776657104492
0.006628751754760742
0.007924556732177734
0.005959987640380859
0.0049495697021484375
0.00595855712890625
0.005600929260253906
0.0010538101196289062
0.00828409194946289
0.005155801773071289
0.0069048404693603516
0.0068433284759521484
0.006417751312255859
0.0005769729614257812
0.0070722103118896484
0.006860256195068359
0.007028102874755859
0.006948232650756836
0.0
0.007114887237548828
0.006718158721923828
0.007161378860473633
0.006926298141479492
0.006308555603027344
0.005526065826416016
0.002525806427001953
0.00588536262512207
0.0010104179382324219
0.007111072540283203
0.008479118347167969
0.004400730133056641
0.004052639007568359
0.005385875701904297
0.004656791687011719
0.005471467971801758
0.002147674560546875
0.00663304328918457
0.0069086551666259766
0.0
0.0069446563720703125
0.007048130035400391
0.006904125213623047
0.006364345550537109
0.005558967590332031
0.004518032073974609
0.0048923492431640625
0.0
0.006587028503417969
0.006875514984130859
0.007075309753417969
0.0
0.0069887638092041016
0.002235889434814453
0.0046291351318359375
0.0
0.006898641586303711
0.006179094314575195
0.0008993148803710938
0.0068781375885009766
0.0069599151611328125
0.0024590492248535156
0.004594564437866211
0.006345033645629883
0.0010080337524414062
0.009204626083374023
0.00432896614074707
0.003874063491821289
0.005490303039550781
0.00487971305847168
0.011188030242919922
0.004723548889160156
0.006849765777587891
0.006398677825927734
0.0054776668548583984
0.004011869430541992
0.0051555633544921875
0.005116939544677734
0.0027141571044921875
0.006292581558227539
0.0044291019439697266
0.007279872894287109
0.007120370864868164
0.0
0.007050514221191406
0.008919477462768555
0.004335165023803711
0.006414890289306641
0.0005743503570556641
0.007010459899902344
0.006894588470458984
0.0
0.007129192352294922
0.006879568099975586
0.006887197494506836
0.006914854049682617
0.007222175598144531
0.006773710250854492
0.006766319274902344
0.006621599197387695
0.0005457401275634766
0.006989240646362305
0.006890296936035156
0.00859212875366211
0.005493640899658203
0.0064084529876708984
0.003071308135986328
0.007284879684448242
0.005602836608886719
0.005394458770751953
0.0063228607177734375
0.0007319450378417969
0.00971674919128418
0.004012584686279297
0.00710749626159668
0.006367206573486328
0.0006668567657470703
0.006804227828979492
0.007222890853881836
0.006904125213623047
0.006738424301147461
0.0064814090728759766
0.00506138801574707
0.002695798873901367
0.006896018981933594
0.0069239139556884766
0.006818056106567383
0.007276296615600586
0.0
0.00679326057434082
0.007150888442993164
0.006701946258544922
0.007063627243041992
0.0
0.006300210952758789
0.007471799850463867
0.006970405578613281
0.006726741790771484
0.007262706756591797
0.0062749385833740234
0.005248546600341797
0.0027284622192382812
0.006608009338378906
0.0035669803619384766
0.006928443908691406
0.00691533088684082
0.006093740463256836
0.004755496978759766
0.006497621536254883
0.006864786148071289
0.006472110748291016
0.0010077953338623047
0.006557464599609375
0.00691533088684082
0.007218599319458008
0.006231546401977539
0.006340980529785156
0.0005967617034912109
0.011510848999023438
0.0026836395263671875
0.007003068923950195
0.006735086441040039
0.00644993782043457
0.0
0.0003879070281982422
0.00716710090637207
0.008346319198608398
0.00591278076171875
0.0035583972930908203
0.0036966800689697266
0.006615161895751953
0.0069217681884765625
0.0
0.007211208343505859
0.006703853607177734
0.007409334182739258
0.007550239562988281
0.006004810333251953
0.005923748016357422
0.0015716552734375
0.008242368698120117
0.004075765609741211
0.006028652191162109
0.0020694732666015625
0.006875514984130859
0.007080554962158203
0.006907939910888672
0.006035566329956055
0.0008211135864257812
0.0070343017578125
0.0069353580474853516
0.006951570510864258
0.007061481475830078
0.0
0.006915569305419922
0.010099172592163086
0.003819704055786133
0.005907773971557617
0.0013234615325927734
0.006662607192993164
0.007028818130493164
0.006957530975341797
0.006874799728393555
0.00597834587097168
0.0010080337524414062
0.006510496139526367
0.007439851760864258
0.0064547061920166016
0.006475210189819336
0.002134561538696289
0.005948066711425781
0.006779193878173828
0.007056236267089844
0.006913423538208008
0.005978584289550781
0.005808115005493164