0.015703439712524414
0.006613016128540039
0.0048563480377197266
0.00461888313293457
0.005250692367553711
0.0
0.0
0.013624191284179688
0.0050470829010009766
0.004258394241333008
0.004508495330810547
0.0
0.009844779968261719
0.0
0.009624481201171875
0.0
0.008836507797241211
0.002931833267211914
0.0063076019287109375
0.004956960678100586
0.0043714046478271484
0.0
0.0
0.0119171142578125
0.00612640380859375
0.0
0.009775400161743164
0.0042572021484375
0.005048513412475586
0.004980564117431641
0.0
0.008480548858642578
0.005697965621948242
0.004532575607299805
0.0037369728088378906
0.0
0.0
0.015065431594848633
0.0
0.0
0.0
0.01578998565673828
0.0
0.0
0.016051054000854492
0.003870725631713867
0.00628352165222168
0.004688262939453125
0.0030107498168945312
0.0040454864501953125
0.005373477935791016
0.0049135684967041016
0.00455927848815918
0.004128217697143555
0.0046176910400390625
0.004062652587890625
0.0010004043579101562
0.006885528564453125
0.0
0.009166955947875977
0.004165172576904297
0.00461125373840332
0.00502467155456543
0.0
0.009126424789428711
0.0
0.009379386901855469
0.004812479019165039
0.004544496536254883
0.0043179988861083984
0.004800558090209961
0.0040225982666015625
0.004866361618041992
0.005043506622314453
0.004767894744873047
0.004499912261962891
0.00484156608581543
0.004627704620361328
0.004331827163696289
0.0
0.009159564971923828
0.0017442703247070312
0.0
0.0
0.015659570693969727
0.005528926849365234
0.0
0.009221792221069336
0.0010051727294921875
0.0
0.013306856155395508
0.0045452117919921875
0.004996299743652344
0.004313945770263672
0.0050160884857177734
0.0031294822692871094
0.0057294368743896484
0.004954099655151367
0.004826545715332031
0.004601955413818359
0.0
0.008991241455078125
0.0015070438385009766
0.0
0.0
0.01586294174194336
0.0
0.0
0.0156404972076416
0.002005338668823242
0.007539033889770508
0.0045778751373291016
0.0037546157836914062
0.005847930908203125
0.0
0.008061885833740234
0.0
0.010295629501342773
0.004954099655151367
0.004673004150390625
0.004220247268676758
0.001964092254638672
0.007706165313720703
0.0
0.006968021392822266
0.006934642791748047
0.004541873931884766
0.004514217376708984
0.0
0.00945734977722168
0.0049741268157958984
0.0035104751586914062
0.0
0.010248661041259766
0.0035829544067382812
0.003996133804321289
0.0055201053619384766
0.0029315948486328125
0.0
0.0
0.015604019165039062
0.004300117492675781
0.005157947540283203
0.0024843215942382812
0.0063381195068359375
0.0
0.009322166442871094
0.004543781280517578
0.0
0.009244918823242188
0.0019297599792480469
0.0073642730712890625
0.0049245357513427734
0.003651142120361328
0.005669355392456055
0.0025970935821533203
0.006368398666381836
0.0051233768463134766
0.0044786930084228516
0.00475001335144043
0.004311800003051758
0.0044176578521728516
0.004718780517578125
0.004491329193115234
0.004805564880371094
0.0047380924224853516
0.004325151443481445
0.0
0.009174585342407227
0.0037474632263183594
0.0
0.01022195816040039
0.003469228744506836
0.005899906158447266
0.0
0.009323596954345703
0.003640413284301758
0.0020058155059814453
0.00867319107055664
0.003747224807739258
0.006165266036987305
0.004144906997680664
0.005006074905395508
0.004964590072631836
0.004580020904541016
0.004683732986450195
0.0037469863891601562
0.006229877471923828
0.004774332046508789
0.002496480941772461
0.006486654281616211
0.004009723663330078
0.005994319915771484
0.0
0.007838249206542969
0.0
0.0
0.01582479476928711
0.0
0.0
0.0
0.01611924171447754
0.0
0.0
0.015926122665405273
0.0
0.0
0.0
0.019364356994628906
0.004842519760131836
0.005764484405517578
0.0045680999755859375
0.004735469818115234
0.001743316650390625
0.007835865020751953
0.00452733039855957
0.0037152767181396484
0.00565648078918457
0.004785776138305664
0.004710197448730469
0.003841876983642578
0.006096601486206055
0.0
0.007988929748535156
0.0056231021881103516
0.005011558532714844
0.001355886459350586
0.005795955657958984
0.006660938262939453
0.0034384727478027344
0.006117820739746094
0.005005359649658203
0.0028548240661621094
0.0
0.008769035339355469
0.004010200500488281
0.0
0.0
0.013636350631713867
0.005587339401245117
0.0
0.009089231491088867
0.0010061264038085938
0.0
0.0
0.01565074920654297
0.0
0.0
0.015816688537597656
0.0
0.0
0.0
0.01842474937438965
0.0047664642333984375
0.00482177734375
0.005101442337036133
0.002792835235595703
0.0044248104095458984
0.0
0.006614208221435547
0.006990194320678711
0.0049479007720947266
0.004063129425048828
0.0
0.009499549865722656
0.0
0.00826406478881836
0.0
0.010490655899047852
0.004146575927734375
0.00494384765625
0.005528926849365234
0.002747058868408203
0.004011631011962891
0.006593942642211914
0.0047261714935302734
0.004667758941650391
0.0045511722564697266
0.002768278121948242
0.006199836730957031
0.0
0.00902104377746582
0.004880666732788086
0.0
0.009208917617797852
0.0017459392547607422
0.0074923038482666016
0.0
0.008217811584472656
0.002005338668823242
0.008357524871826172
0.0
0.009142398834228516
0.00518488883972168
0.004655361175537109
0.0020067691802978516
0.0
0.0
0.016005277633666992
0.004622220993041992
0.005061149597167969
0.005023479461669922
0.0027277469635009766
0.0
0.0
0.015362977981567383
0.0035028457641601562
0.0
0.00872492790222168
0.0037469863891601562
0.0
0.010144233703613281
0.003950595855712891
0.0
0.010312795639038086
0.004929304122924805
0.003075122833251953
0.005789756774902344
0.004891395568847656
0.0046825408935546875
0.004943370819091797
0.004622220993041992
0.0048635005950927734
0.004204988479614258
0.004424333572387695
0.00538945198059082
0.0043163299560546875
0.00438380241394043
0.004552125930786133
0.005118131637573242
0.005170345306396484
0.0039615631103515625
0.0046617984771728516
0.0050067901611328125
0.0051097869873046875
0.0010082721710205078
0.007814407348632812
0.003028392791748047
0.005257844924926758
0.0
0.01019430160522461
0.004919767379760742
0.003010272979736328
0.002004861831665039
0.008344650268554688
0.0036630630493164062
0.0063288211822509766
0.00466465950012207
0.004862070083618164
0.004083156585693359
0.0036344528198242188
0.0020055770874023438
0.008642911911010742
0.002666473388671875
0.0
0.0
0.015735626220703125
0.0
0.009514808654785156
0.0
0.008916616439819336
0.005025386810302734
0.005006074905395508
0.004483699798583984
0.00418543815612793
0.0010008811950683594
0.0
0.0
0.01738286018371582
0.005015850067138672
0.005006313323974609
0.0008785724639892578
0.008185386657714844
0.0
0.006719827651977539
0.007077932357788086
0.004549503326416016
0.004289388656616211
0.005079030990600586
0.005026340484619141
0.0
0.005591630935668945
0.0
0.012809038162231445
0.0049893856048583984
0.0
0.009117603302001953
0.0046939849853515625
0.004664897918701172
0.005074262619018555
0.004752635955810547
0.004972696304321289
0.004313468933105469
0.0049686431884765625
0.004618644714355469
0.0
0.0
0.0
0.017350435256958008
0.002004861831665039
0.008775711059570312
0.002724170684814453
0.006954669952392578
0.0
0.009053945541381836
0.00480961799621582
0.004487037658691406
0.004018068313598633
0.005288124084472656
0.0005440711975097656
0.008391141891479492
0.0
0.008867979049682617
0.0
0.009843587875366211
0.005107879638671875
0.0040988922119140625
0.004382133483886719
0.002610445022583008
0.0
0.0
0.015401124954223633
0.0
0.010114192962646484
0.0
0.00786900520324707
0.0
0.008826494216918945
0.0029840469360351562
0.0043866634368896484
0.006640195846557617
0.00484156608581543
0.004525899887084961
0.0
0.009374380111694336
0.003747224807739258
0.005987644195556641
0.004671573638916016
0.004578828811645508
0.005044460296630859
0.004856109619140625
0.0005588531494140625
0.0
0.0
0.015441417694091797
0.0
0.01165151596069336
0.004475116729736328
0.004748821258544922
0.004592418670654297
0.005021572113037109
0.0032618045806884766
0.0020055770874023438
0.008670806884765625
0.00477147102355957
0.0
0.009200334548950195
0.004731893539428711
0.004570722579956055
0.0050296783447265625
0.004662275314331055
0.003746509552001953
0.00550389289855957
0.004029512405395508
0.004365444183349609
0.0021152496337890625
0.0
0.0
0.015882492065429688
0.0
0.0
0.0
0.015870094299316406
0.0
0.0
0.01596975326538086
0.0
0.0
0.0
0.016003847122192383
0.0
0.0
0.015774011611938477
0.0
0.0
0.016117572784423828
0.0045049190521240234
0.004581451416015625
0.005008220672607422
0.0033223628997802734
0.006169795989990234
0.0
0.009501218795776367
0.004031658172607422
0.005373239517211914
0.003987789154052734
0.004620075225830078
0.005163908004760742
0.0030939579010009766
0.004452943801879883
0.0046269893646240234
0.0017490386962890625
0.0072765350341796875
0.0
0.008719921112060547
0.005506992340087891
0.0046269893646240234
0.004670381546020508
0.004395961761474609
0.004841327667236328
0.004817008972167969
0.0
0.00901341438293457
0.0
0.008786439895629883
0.005496025085449219
0.004531383514404297
0.0036280155181884766
0.0058727264404296875
0.004683971405029297
0.0
0.005365133285522461
0.00809621810913086
0.0
0.0072858333587646484
0.006704807281494141
0.0
0.009023427963256836
0.0
0.009578466415405273
0.005005836486816406
0.0035102367401123047
0.0054013729095458984
0.004620552062988281
0.002700328826904297
0.0
0.0
0.015222311019897461
0.005394458770751953
0.00434422492980957
0.0028808116912841797
0.0064809322357177734
0.00455474853515625
0.003934383392333984
0.002492666244506836
0.005601644515991211
0.006577014923095703
0.0032196044921875
0.002004861831665039
0.008678913116455078
0.002888202667236328
0.0
0.01136922836303711
0.004399776458740234
0.00456690788269043
0.005082607269287109
0.004756927490234375
0.004685163497924805
0.0
0.0
0.010538816452026367
0.00759577751159668
0.0050449371337890625
0.003106832504272461
0.006227731704711914
0.0046710968017578125
0.0046994686126708984
0.0
0.0
0.0
0.01688241958618164
0.0
0.0
0.015060901641845703
0.0
0.0
0.0
0.01898813247680664
0.005506277084350586
0.0039823055267333984
0.005045890808105469
0.0046122074127197266
0.0048215389251708984
0.003843545913696289
0.005746126174926758
0.00495457649230957
0.00438237190246582
0.0
0.009324789047241211
0.0
0.008376598358154297
0.0
0.010265588760375977
0.003461122512817383
0.0020062923431396484
0.008508443832397461
0.0049648284912109375
0.004426717758178711
0.005005598068237305
0.0046231746673583984
0.004853725433349609
0.00490117073059082
0.004052639007568359
0.0009467601776123047
0.0
0.0
0.015097618103027344
0.0
0.0
0.01608562469482422
0.0
0.0
0.0
0.016005754470825195
0.004573822021484375
0.0
0.011273860931396484
0.0
0.0
0.01574420928955078
0.0
0.0
0.0
0.01851201057434082
0.005184650421142578
0.0048618316650390625
0.0050084590911865234
0.004273176193237305
0.004590749740600586
0.005056619644165039
0.00500178337097168
0.004469156265258789
0.0028929710388183594
0.0044667720794677734
0.0
0.00654292106628418
0.007150411605834961
0.0
0.008817672729492188
0.005652904510498047
0.0
0.008820533752441406
0.0015056133270263672
0.00777745246887207
0.0
0.008262872695922852
0.005532503128051758
0.004765510559082031
0.005006551742553711
0.0051729679107666016
0.0
0.0
0.011490106582641602
0.0
0.0
0.015707015991210938
0.0
0.0
0.0
0.0159912109375
0.0
0.0
0.01601123809814453
0.0
0.0
0.0
0.016049623489379883
0.0
0.0
0.01793980598449707
0.004231929779052734
0.004866361618041992
0.004696369171142578
0.004797220230102539
0.004673480987548828
0.004405498504638672
0.005211830139160156
0.004004478454589844
0.0013523101806640625
0.0
0.0
0.01530146598815918
0.0
0.011542797088623047
0.004464387893676758
0.005187273025512695
0.004467964172363281
0.0
0.00831460952758789
0.0
0.01020193099975586
0.004450082778930664
0.005285501480102539
0.00397038459777832
0.0055103302001953125
0.004682302474975586
0.0026378631591796875
0.0038874149322509766
0.0
0.0
0.015969276428222656
0.0
0.0
0.0
0.015852928161621094
0.0
0.0
0.015995502471923828
0.0
0.0
0.0
0.018273591995239258
0.006281375885009766
0.004705905914306641
0.004506587982177734
0.005380392074584961
0.004122257232666016
0.004460811614990234
0.004785060882568359
0.005165815353393555
0.0030126571655273438
0.006099700927734375
0.0
0.008947610855102539
0.0049860477447509766
0.0049016475677490234
0.004603385925292969
0.003509998321533203
0.0
0.01015472412109375
0.003722667694091797
0.00554656982421875
0.004930973052978516
0.0
0.005476713180541992
0.0
0.01270747184753418
0.0033974647521972656
0.0058324337005615234
0.005016803741455078
0.003980398178100586
0.004620075225830078
0.004627227783203125
0.0
0.006522655487060547
0.0
0.0
0.016004323959350586
0.0
0.0
0.0
0.015869140625
0.0
0.0
0.016037464141845703
0.0
0.0
0.0
0.01848149299621582
0.0
0.0
0.01517343521118164
0.004894733428955078
0.004892826080322266
0.005358219146728516
0.0028350353240966797
0.0064389705657958984
0.0
0.008556365966796875
0.004871368408203125
0.0
0.0073168277740478516
0.0057103633880615234
0.0
0.010283946990966797
0.0034584999084472656
0.0
0.0
0.01563549041748047
0.004668712615966797
0.0
0.008846521377563477
0.004281044006347656
0.0
0.009562969207763672
0.004261493682861328
0.005950212478637695
0.003820657730102539
0.004663944244384766
0.0045931339263916016
0.0
0.006632089614868164
0.006996870040893555
0.0010254383087158203
0.007848024368286133
0.0030612945556640625
0.006603240966796875
0.0
0.008347749710083008
0.0
0.010283708572387695
0.003439188003540039
0.0062103271484375
0.0036725997924804688
0.005597114562988281
0.0051801204681396484
0.00405573844909668
0.004907369613647461
0.005042314529418945
0.004931926727294922
0.00405430793762207
0.005005836486816406
0.0007920265197753906
0.008374691009521484
0.0
0.008833885192871094
0.0
0.009814023971557617
0.00398707389831543
0.0
0.00997614860534668
0.004967927932739258
0.003015756607055664
0.0020051002502441406
0.008697986602783203
0.0029616355895996094
0.006363630294799805
0.0
0.009268999099731445
0.0
0.009323358535766602
0.004961490631103516
0.0037467479705810547
0.0059354305267333984
0.004690408706665039
0.004080772399902344
0.005415439605712891
0.004590749740600586
0.004716396331787109
0.004010200500488281
0.0053670406341552734
0.0046977996826171875
0.003671407699584961
0.0058362483978271484
0.00465083122253418
0.004673957824707031
0.0
0.0
0.0
0.01830148696899414
0.005315303802490234
0.005021572113037109
0.004736900329589844
0.0
0.0
0.0
0.0182955265045166
0.005371809005737305
0.004088640213012695
0.0010302066802978516
0.008459329605102539
0.0
0.009263038635253906
0.0
0.00928807258605957
0.004677772521972656
0.0
0.007294178009033203
0.00661015510559082
0.0037469863891601562
0.0
0.0102386474609375
0.0034341812133789062
0.006285905838012695
0.0046770572662353516
0.00469660758972168
0.0
0.0
0.0
0.018444538116455078
0.0050809383392333984
0.0032258033752441406
0.005079746246337891
0.0
0.0
0.015295982360839844
0.0050618648529052734
0.0
0.008822202682495117
0.004010438919067383
0.0
0.010181903839111328
0.004542112350463867
0.004904985427856445
0.0040051937103271484
0.0046138763427734375
0.0047109127044677734
0.0015404224395751953
0.0053026676177978516
0.004617929458618164
0.00572967529296875
0.0
0.0
0.0
0.019785404205322266
0.0043430328369140625
0.002859830856323242
0.00661015510559082
0.004603147506713867
0.0036535263061523438
0.0
0.0
0.014961957931518555
0.0031235218048095703
0.0
0.008736610412597656
0.0049457550048828125
0.004782199859619141
0.0
0.008966684341430664
0.0
0.009348630905151367
0.0
0.006295919418334961
0.0073392391204833984
0.005237102508544922
0.0030891895294189453
0.0064830780029296875
0.0037412643432617188
0.004645109176635742
0.004541158676147461
0.003870725631713867
0.0029828548431396484
0.0066606998443603516
0.004920244216918945
0.004338264465332031
0.0
0.0
0.0
0.018329143524169922
0.004969596862792969
0.0050890445709228516
0.0018985271453857422
0.0071582794189453125
0.0
0.008182048797607422
0.0
0.010266304016113281
0.0049321651458740234
0.004309892654418945
0.00526118278503418
0.001634359359741211
0.007230997085571289
0.0
0.00820016860961914
0.0
0.008271217346191406
0.006581544876098633
0.005118370056152344
0.004458189010620117
0.004672050476074219
0.002436399459838867
0.0
0.011278867721557617
0.00471949577331543
0.004528045654296875
0.0
0.009229660034179688
0.0020093917846679688
0.007315874099731445
0.005030632019042969
0.0036842823028564453
0.0052127838134765625
0.005589723587036133
0.00465703010559082
0.004567623138427734
0.004755258560180664
0.003746509552001953
0.005723714828491211
0.004670858383178711
0.003660440444946289
0.0060176849365234375
0.0029506683349609375
0.0020055770874023438
0.007388591766357422
0.006544828414916992
0.004663228988647461
0.0
0.006940603256225586
0.006559610366821289
0.00432276725769043
0.0
0.00960397720336914
0.004758358001708984
0.0043985843658447266
0.005380392074584961
0.004428863525390625
0.0025644302368164062
0.006900787353515625
0.0