0.009770631790161133
0.005258798599243164
0.006292581558227539
0.00654149055480957
0.005465984344482422
0.005965471267700195
0.0023756027221679688
0.009337186813354492
0.0051691532135009766
0.0074231624603271484
0.00720524787902832
0.006190299987792969
0.005167484283447266
0.006743669509887695
0.00587153434753418
0.002608776092529297
0.009857654571533203
0.004636049270629883
0.006833076477050781
0.006530284881591797
0.0
0.012487649917602539
0.0019614696502685547
0.009687662124633789
0.006107807159423828
0.005148649215698242
0.007370710372924805
0.006276130676269531
0.005009889602661133
0.0017158985137939453
0.011362552642822266
0.005800008773803711
0.003608226776123047
0.0070648193359375
0.00733494758605957
0.0
0.0071032047271728516
0.010544300079345703
0.007126569747924805
0.0053670406341552734
0.006358623504638672
0.0059201717376708984
0.006062507629394531
0.006219625473022461
0.0006997585296630859
0.01083517074584961
0.005105018615722656
0.00710296630859375
0.003170013427734375
0.0
0.0
0.020491361618041992
0.002006053924560547
0.009221076965332031
0.007211208343505859
0.006025075912475586
0.006495237350463867
0.005951404571533203
0.0
0.0
0.015642881393432617
0.0
0.012029886245727539
0.003681659698486328
0.0
0.016096830368041992
0.0
0.008187294006347656
0.0
0.015630483627319336
0.0
0.0
0.019160747528076172
0.006018400192260742
0.0013813972473144531
0.0068171024322509766
0.009240150451660156
0.006408214569091797
0.0038042068481445312
0.0
0.011871576309204102
0.00821995735168457
0.007429599761962891
0.0
0.0
0.017853975296020508
0.004010677337646484
0.0
0.009789466857910156
0.009435653686523438
0.0010027885437011719
0.010936260223388672
0.0063381195068359375
0.005528688430786133
0.0
0.008165121078491211
0.005765676498413086
0.0
0.013440132141113281
0.005176067352294922
0.0
0.010492563247680664
0.0
0.010806798934936523
0.005122661590576172
0.0
0.0
0.016044139862060547
0.00814366340637207
0.005304813385009766
0.005707263946533203
0.0025093555450439453
0.00987100601196289
0.0061588287353515625
0.006067752838134766
0.002005338668823242
0.007637500762939453
0.0
0.01567363739013672
0.0041120052337646484
0.0
0.01176309585571289
0.005153656005859375
0.008461952209472656
0.006773710250854492
0.0051500797271728516
0.006243228912353516
0.005934000015258789
0.0036721229553222656
0.006295680999755859
0.007531404495239258
0.006804227828979492
0.005913257598876953
0.0070836544036865234
0.005560874938964844
0.005675554275512695
0.0020051002502441406
0.008367538452148438
0.005261898040771484
0.008866071701049805
0.006766796112060547
0.0060749053955078125
0.006666421890258789
0.0015711784362792969
0.006832122802734375
0.0
0.0160372257232666
0.0052678585052490234
0.005767107009887695
0.006134033203125
0.0055027008056640625
0.0020051002502441406
0.0064258575439453125
0.010076284408569336
0.005874156951904297
0.00658869743347168
0.0020055770874023438
0.0071258544921875
0.010084390640258789
0.0
0.012704133987426758
0.002456188201904297
0.0
0.014412641525268555
0.0
0.0
0.01865530014038086
0.006801605224609375
0.004430055618286133
0.0
0.011359453201293945
0.0063512325286865234
0.0
0.015645503997802734
0.006011486053466797
0.0
0.012990474700927734
0.0036628246307373047
0.009706735610961914
0.0020599365234375
0.0070536136627197266
0.008003950119018555
0.00462651252746582
0.0029718875885009766
0.012759208679199219
0.003188610076904297
0.0
0.0
0.016028642654418945
0.01039433479309082
0.0073435306549072266
0.0
0.012003898620605469
0.004326343536376953
0.0
0.013162851333618164
0.0020055770874023438
0.0
0.015637636184692383
0.0
0.011950492858886719
0.0037784576416015625
0.010397672653198242
0.005240917205810547
0.007143497467041016
0.0
0.008530616760253906
0.0
0.01573634147644043
0.00659632682800293
0.00433802604675293
0.0
0.013270378112792969
0.005741119384765625
0.007600307464599609
0.002880573272705078
0.006845951080322266
0.0
0.0
0.016008377075195312
0.010070323944091797
0.005575418472290039
0.006616353988647461
0.002005338668823242
0.008538246154785156
0.0
0.01629781723022461
0.005012035369873047
0.006499767303466797
0.0
0.00879669189453125
0.0
0.015665769577026367
0.0
0.010122299194335938
0.006001472473144531
0.0
0.0
0.016768455505371094
0.0
0.015184640884399414
0.0
0.0
0.02007436752319336
0.0029273033142089844
0.0
0.01512002944946289
0.0038461685180664062
0.009217262268066406
0.0013387203216552734
0.0069429874420166016
0.0
0.015674114227294922
0.0
0.0
0.015789270401000977
0.008274316787719727
0.0074558258056640625
0.0
0.011063575744628906
0.006938457489013672
0.0030090808868408203
0.008527755737304688
0.007001399993896484
0.0
0.012609720230102539
0.006482362747192383
0.0
0.01163935661315918
0.0
0.010499954223632812
0.005295515060424805
0.008720636367797852
0.007192850112915039
0.0
0.011351346969604492
0.004296541213989258
0.007893562316894531
0.0027167797088623047
0.008887052536010742
0.006308555603027344
0.003622770309448242
0.009059667587280273
0.0019371509552001953
0.0065975189208984375
0.009221792221069336
0.00608515739440918
0.006136178970336914
0.006322622299194336
0.003494739532470703
0.0
0.015799522399902344
0.0
0.01104283332824707
0.006800174713134766
0.0018284320831298828
0.008802413940429688
0.0061130523681640625
0.0010051727294921875
0.0
0.015770435333251953
0.005045413970947266
0.006403684616088867
0.0064809322357177734
0.00790715217590332
0.005604982376098633
0.006384611129760742
0.006319522857666016
0.003248929977416992
0.008426904678344727
0.007233858108520508
0.005833148956298828
0.004254341125488281
0.0
0.0
0.01825261116027832
0.00782322883605957
0.0035817623138427734
0.007044076919555664
0.0072519779205322266
0.006426572799682617
0.0017426013946533203
0.010061502456665039
0.006026506423950195
0.00471806526184082
0.0
0.011085033416748047
0.008599042892456055
0.007462501525878906
0.00438237190246582
0.008658170700073242
0.007354021072387695
0.0
0.0
0.015821456909179688
0.007333278656005859
0.004257678985595703
0.004426479339599609
0.0076618194580078125
0.008211374282836914
0.006739616394042969
0.006247043609619141
0.004959583282470703
0.002006053924560547
0.01165151596069336
0.005743980407714844
0.006707906723022461
0.005183696746826172
0.006623029708862305
0.0007510185241699219
0.010718345642089844
0.0020058155059814453
0.00947713851928711
0.0
0.01301717758178711
0.0030117034912109375
0.009334802627563477
0.005869150161743164
0.002006053924560547
0.010299205780029297
0.005612611770629883
0.0047152042388916016
0.008940458297729492
0.002994537353515625
0.00805044174194336
0.0067291259765625
0.0
0.0
0.016054153442382812
0.0
0.014028787612915039
0.003926277160644531
0.008172035217285156
0.005611896514892578
0.0
0.012234926223754883
0.005753517150878906
0.0
0.013712882995605469
0.0057947635650634766
0.004433155059814453
0.0
0.0
0.018445730209350586
0.006785869598388672
0.004235982894897461
0.006791591644287109
0.006717681884765625
0.002006053924560547
0.01100921630859375
0.0
0.011327743530273438
0.002713441848754883
0.0
0.017016887664794922
0.00529026985168457
0.0066792964935302734
0.004965543746948242
0.0
0.010186910629272461
0.005646705627441406
0.006533145904541016
0.009118080139160156
0.0
0.0
0.015819787979125977
0.00793313980102539
0.0
0.009927034378051758
0.00580596923828125
0.008184432983398438
0.0
0.012080192565917969
0.0035979747772216797
0.009520769119262695
0.0
0.009289264678955078
0.009388446807861328
0.005376338958740234
0.005899667739868164
0.0
0.00490260124206543
0.0020058155059814453
0.0069696903228759766
0.009692907333374023
0.004456520080566406
0.0
0.0
0.015790462493896484
0.010147333145141602
0.005639791488647461
0.007146596908569336
0.0011341571807861328
0.0
0.01756906509399414
0.0032835006713867188
0.007938861846923828
0.006305217742919922
0.0063135623931884766
0.005208730697631836
0.002059459686279297
0.008666038513183594
0.00490880012512207
0.0
0.015532970428466797
0.0
0.0
0.015653371810913086
0.009937763214111328
0.006569385528564453
0.005515336990356445
0.0037751197814941406
0.0
0.0
0.019269466400146484
0.006371974945068359
0.005191802978515625
0.00687861442565918
0.004300594329833984
0.006562471389770508
0.0
0.013628244400024414
0.006120920181274414
0.006270408630371094
0.0032978057861328125
0.010277748107910156
0.0022215843200683594
0.006528377532958984
0.009327411651611328
0.007058143615722656
0.003611326217651367
0.007187366485595703
0.0
0.014050722122192383
0.0
0.010986804962158203
0.004857301712036133
0.0
0.014653205871582031
0.0016641616821289062
0.0
0.015177488327026367
0.0075190067291259766
0.006005287170410156
0.0
0.01309514045715332
0.0059626102447509766
0.0046541690826416016
0.007030963897705078
0.0006518363952636719
0.0
0.01587057113647461
0.0
0.0
0.01602339744567871
0.0
0.015841007232666016
0.0
0.0
0.018677234649658203
0.0007166862487792969
0.0
0.015836238861083984
0.005087375640869141
0.00823521614074707
0.002408266067504883
0.0
0.015404224395751953
0.0
0.0
0.01567864418029785
0.009106874465942383
0.0069332122802734375
0.0
0.011506080627441406
0.00428009033203125
0.009299039840698242
0.0007879734039306641
0.008064508438110352
0.009525060653686523
0.006112098693847656
0.005869388580322266
0.004937171936035156
0.001975536346435547
0.009941816329956055
0.0077893733978271484
0.0049936771392822266
0.006413698196411133
0.0066874027252197266
0.004874706268310547
0.006507396697998047
0.006040334701538086
0.006524801254272461
0.0015451908111572266
0.010096311569213867
0.00502777099609375
0.005315065383911133
0.00795292854309082
0.0024862289428710938
0.0
0.0159456729888916
0.0
0.0
0.015836477279663086
0.0
0.015729427337646484
0.0063610076904296875
0.005785703659057617
0.0074923038482666016
0.006059169769287109
0.005830526351928711
0.0
0.012752771377563477
0.006047964096069336
0.005085945129394531
0.006737232208251953
0.0
0.0
0.015288352966308594
0.0
0.013773918151855469
0.004089832305908203
0.00816488265991211
0.005717277526855469
0.0
0.0
0.01967310905456543
0.0010464191436767578
0.0
0.016000032424926758
0.006045103073120117
0.006377220153808594
0.0035102367401123047
0.0
0.015902280807495117
0.0
0.009706735610961914
0.008390665054321289
0.003712892532348633
0.0036585330963134766
0.010509014129638672
0.005968809127807617
0.006808757781982422
0.0009996891021728516
0.0
0.0170137882232666
0.006413698196411133
0.005933046340942383
0.0
0.006955623626708984
0.011195659637451172
0.004492759704589844
0.007372379302978516
0.006367206573486328
0.006021261215209961
0.008249998092651367
0.004913330078125
0.006077766418457031
0.006329536437988281
0.006764411926269531
0.0
0.0
0.014672279357910156
0.0
0.015654802322387695
0.005830049514770508
0.0
0.009910106658935547
0.0
0.0
0.021336793899536133
0.005821704864501953
0.0064661502838134766
0.005944490432739258
0.0013108253479003906
0.009431123733520508
0.006062030792236328
0.0055217742919921875
0.007567644119262695
0.00577855110168457
0.006673097610473633
0.00591588020324707
0.0018620491027832031
0.00167083740234375
0.007262229919433594
0.00810694694519043
0.006487846374511719
0.00587153434753418
0.006156444549560547
0.005608558654785156
0.006495237350463867
0.0036411285400390625
0.005814075469970703
0.005956411361694336
0.006819009780883789
0.008288383483886719
0.006220102310180664
0.0062525272369384766
0.005557060241699219
0.0029497146606445312
0.005551815032958984
0.007530689239501953
0.008281230926513672
0.00945425033569336
0.004860639572143555
0.008239030838012695
0.005448341369628906
0.0064258575439453125
0.005410432815551758
0.00673675537109375
0.006348848342895508
0.006985902786254883
0.005258321762084961
0.006059169769287109
0.006596088409423828
0.005455493927001953
0.006524801254272461
0.005578756332397461
0.003946065902709961
0.008759021759033203
0.0054988861083984375
0.002300739288330078
0.0057222843170166016
0.0071506500244140625
0.009624958038330078
0.0045871734619140625
0.0069959163665771484
0.006978750228881836
0.0063402652740478516
0.006534576416015625
0.006049156188964844
0.0013515949249267578
0.007141828536987305
0.00810098648071289
0.005242347717285156
0.006827831268310547
0.007678031921386719
0.006476879119873047
0.006625652313232422
0.004884004592895508
0.005898952484130859
0.003612041473388672
0.006929636001586914
0.008601665496826172
0.005017280578613281
0.0071485042572021484
0.006017208099365234
0.006065845489501953
0.0008471012115478516
0.008601665496826172
0.007218599319458008
0.006546974182128906
0.004984378814697266
0.0
0.0
0.018212080001831055
0.0
0.011388778686523438
0.005389213562011719
0.001195669174194336
0.0
0.015991687774658203
0.0
0.00957798957824707
0.0
0.01506662368774414
0.0
0.012419462203979492
0.00542902946472168
0.006135463714599609
0.006133079528808594
0.0017435550689697266
0.0
0.015703201293945312
0.008588075637817383
0.003824472427368164
0.008473634719848633
0.006200551986694336
0.005896329879760742
0.00659942626953125
0.003762960433959961
0.007408857345581055
0.006713390350341797
0.006014585494995117
0.005761623382568359
0.006122112274169922
0.006384372711181641
0.005608081817626953
0.006599903106689453
0.0061337947845458984
0.00600123405456543
0.006195068359375
0.006091594696044922
0.006539344787597656
0.0061359405517578125
0.005624055862426758
0.005856990814208984
0.005328655242919922
0.006469249725341797
0.006434917449951172
0.006254673004150391
0.0057146549224853516
0.00594782829284668
0.006486415863037109
0.005455732345581055
0.006792545318603516
0.005727291107177734
0.005510807037353516
0.006640911102294922
0.006036520004272461
0.005417346954345703
0.0057086944580078125
0.006358146667480469
0.0038940906524658203
0.005885601043701172
0.005750894546508789
0.006716728210449219
0.006256580352783203
0.006145954132080078
0.005944967269897461
0.0060536861419677734
0.005800962448120117
0.006038188934326172
0.006392717361450195
0.005798816680908203
0.006464242935180664
0.005932331085205078
0.0061473846435546875
0.005617618560791016
0.005896568298339844
0.0082855224609375
0.005683422088623047
0.006477832794189453
0.0056247711181640625
0.007013797760009766
0.005953550338745117
0.006639719009399414
0.005877017974853516
0.006678581237792969
0.005137443542480469
0.0058422088623046875
0.0058057308197021484
0.006603717803955078
0.005705356597900391
0.006318807601928711
0.006159782409667969
0.006185054779052734
0.005689144134521484
0.006170034408569336
0.00631260871887207
0.0060253143310546875
0.0055315494537353516
0.006600379943847656
0.0064847469329833984
0.006125450134277344
0.0059545040130615234
0.0050334930419921875
0.006192445755004883
0.0061304569244384766
0.006852149963378906
0.006128787994384766
0.0057582855224609375
0.0063169002532958984
0.005972385406494141
0.0056989192962646484
0.006120443344116211
0.006293058395385742
0.005658149719238281
0.006303071975708008
0.005803108215332031
0.0061228275299072266
0.005313396453857422
0.007184743881225586
0.0048198699951171875
0.0
0.0
0.01576995849609375
0.009329080581665039
0.006461620330810547
0.006311178207397461
0.005951881408691406
0.0
0.011852741241455078
0.0017409324645996094
0.009073734283447266
0.004720926284790039
0.008235931396484375
0.0049479007720947266
0.007321596145629883
0.0062274932861328125
0.006840705871582031
0.0
0.0
0.01580977439880371
0.005667686462402344
0.0060634613037109375
0.008623600006103516
0.005750179290771484
0.005219459533691406
0.0
0.0
0.015997648239135742
0.01030731201171875
0.005041360855102539
0.008011341094970703
0.0054857730865478516
0.006036996841430664
0.006395816802978516
0.0060384273529052734
0.005555629730224609
0.006531476974487305
0.0066394805908203125
0.005901336669921875
0.005882740020751953
0.005379199981689453
0.00584721565246582
0.006037235260009766
0.006125688552856445
0.006446123123168945
0.006329536437988281
0.00616002082824707
0.006077289581298828
0.005143880844116211
0.007182598114013672
0.005349874496459961
0.00654292106628418
0.006021976470947266
0.003873586654663086
0.005185604095458984
0.0
0.010766744613647461
0.009742259979248047
0.0059053897857666016
0.007398128509521484
0.0028007030487060547
0.00949859619140625
0.006391286849975586
0.005373477935791016
0.005804300308227539
0.006211280822753906
0.006983757019042969
0.006037235260009766
0.00550532341003418
0.005974531173706055
0.006963014602661133
0.0049550533294677734
0.0038526058197021484
0.006086111068725586
0.0056111812591552734
0.005377769470214844
0.006232023239135742
0.006365060806274414
0.00605010986328125
0.005942344665527344
0.005922794342041016
0.006305217742919922
0.005387544631958008
0.005997657775878906
0.006090402603149414
0.0058443546295166016
0.005446434020996094
0.005156755447387695
0.005869865417480469
0.0
0.009795904159545898
0.0
0.01608109474182129
0.0030660629272460938
0.0056056976318359375
0.008172988891601562
0.002006053924560547
0.0
0.015984058380126953
0.0074727535247802734
0.0007593631744384766
0.0
0.0159604549407959
0.006996631622314453
0.007019519805908203
0.006137847900390625
0.0049626827239990234
0.0058629512786865234
0.006661891937255859
0.003328084945678711
0.006903886795043945
0.00901341438293457
0.005511283874511719
0.006087064743041992
0.006067752838134766
0.0060863494873046875
0.005850791931152344
0.006364107131958008
0.006379127502441406
0.006331920623779297
0.005734920501708984
0.005997657775878906
0.005751609802246094
0.006495952606201172
0.0058019161224365234
0.00787210464477539
0.0056972503662109375
0.005615711212158203
0.006063222885131836
0.0059757232666015625
0.006869316101074219
0.005734920501708984
0.007273674011230469
0.006832599639892578
0.0051271915435791016
0.006062030792236328
0.006188154220581055
0.005525827407836914
0.00635838508605957
0.0058329105377197266
0.007979393005371094
0.0069828033447265625
0.00731658935546875
0.006293773651123047
0.0053174495697021484
0.006128787994384766
0.006721019744873047
0.00556492805480957
0.006003618240356445
0.003077268600463867
0.007975578308105469
0.004006862640380859
0.0037131309509277344
0.010611534118652344
0.005265474319458008
0.0
0.012901782989501953
0.0077915191650390625
0.0060482025146484375
0.005281686782836914
0.0063321590423583984
0.005994081497192383
0.006419658660888672
0.005617380142211914
0.0061800479888916016
0.00608372688293457
0.005433797836303711
0.00658416748046875
0.006087541580200195
0.005004405975341797
0.005205869674682617
0.0010018348693847656
0.0
0.017580032348632812
0.0057642459869384766
0.0037887096405029297
0.009333610534667969
0.006701946258544922
0.006297588348388672
0.005885124206542969
0.0057048797607421875
0.006293773651123047
0.0056650638580322266
0.005139827728271484
0.00683140754699707
0.0059397220611572266