0.010853767395019531
0.007170438766479492
0.006383180618286133
0.00620722770690918
0.006251811981201172
0.001476287841796875
0.010181427001953125
0.004128932952880859
0.0067615509033203125
0.00681614875793457
0.006417036056518555
0.005871772766113281
0.004622936248779297
0.0071713924407958984
0.005120277404785156
0.005560874938964844
0.007036447525024414
0.005280256271362305
0.0021240711212158203
0.006849050521850586
0.008939027786254883
0.00620722770690918
0.005056619644165039
0.007424354553222656
0.0008187294006347656
0.010708093643188477
0.0028531551361083984
0.00877070426940918
0.00554656982421875
0.006989240646362305
0.006096601486206055
0.005557537078857422
0.0018229484558105469
0.0064814090728759766
0.007163286209106445
0.007119894027709961
0.008692502975463867
0.0053558349609375
0.00621795654296875
0.0012295246124267578
0.010603189468383789
0.00612187385559082
0.0026547908782958984
0.006958961486816406
0.006971597671508789
0.006982088088989258
0.006984233856201172
0.004667520523071289
0.0022296905517578125
0.006916046142578125
0.007471799850463867
0.006860017776489258
0.007044792175292969
0.0
0.00044798851013183594
0.0067615509033203125
0.009894609451293945
0.004089832305908203
0.0069887638092041016
0.006989955902099609
0.006546974182128906
0.0004470348358154297
0.006855010986328125
0.006701946258544922
0.007243156433105469
0.006598711013793945
0.0071604251861572266
0.006746768951416016
0.0
0.007021665573120117
0.010649681091308594
0.006396055221557617
0.003724813461303711
0.008805274963378906
0.004859447479248047
0.007036924362182617
0.0
0.006908893585205078
0.006946086883544922
0.007094383239746094
0.006552457809448242
0.008785247802734375
0.006082296371459961
0.0065670013427734375
0.0058362483978271484
0.0065610408782958984
0.006903648376464844
0.0057621002197265625
0.005011796951293945
0.005593061447143555
0.005251884460449219
0.0063135623931884766
0.006974458694458008
0.0006530284881591797
0.006316423416137695
0.006949424743652344
0.006957054138183594
0.007273674011230469
0.006629467010498047
0.0073699951171875
0.0
0.006871461868286133
0.006631612777709961
0.010298967361450195
0.007153511047363281
0.0035271644592285156
0.00716710090637207
0.006699562072753906
0.0038220882415771484
0.0034999847412109375
0.006620168685913086
0.006982326507568359
0.007077217102050781
0.006777286529541016
0.007185697555541992
0.0067560672760009766
0.0
0.007359981536865234
0.006600141525268555
0.0075032711029052734
0.0064220428466796875
0.007310390472412109
0.00672459602355957
0.005418062210083008
0.006317615509033203
0.005491018295288086
0.003834962844848633
0.007157802581787109
0.00690913200378418
0.007009744644165039
0.006554841995239258
0.0
0.006906270980834961
0.0070188045501708984
0.007092475891113281
0.007108926773071289
0.006926774978637695
0.0070536136627197266
0.003572225570678711
0.008661508560180664
0.0014553070068359375
0.00725865364074707
0.009560823440551758
0.004319667816162109
0.006998538970947266
0.00652313232421875
0.006982326507568359
0.0003159046173095703
0.007136344909667969
0.006737470626831055
0.009035348892211914
0.004614353179931641
0.007409572601318359
0.006520748138427734
0.0005781650543212891
0.006354808807373047
0.0074367523193359375
0.006505250930786133
0.008118867874145508
0.006814002990722656
0.0059778690338134766
0.0
0.0003039836883544922
0.006865024566650391
0.01055145263671875
0.006110191345214844
0.003983259201049805
0.006933927536010742
0.007342815399169922
0.0
0.0036225318908691406
0.008177518844604492
0.0017037391662597656
0.006838083267211914
0.007024526596069336
0.006749629974365234
0.008008718490600586
0.005955934524536133
0.0
0.007214784622192383
0.00705265998840332
0.00861358642578125
0.004999876022338867
0.006911039352416992
0.00735783576965332
0.006876945495605469
0.0
0.006835222244262695
0.0070230960845947266
0.006718158721923828
0.007261037826538086
0.0068416595458984375
0.007155179977416992
0.0
0.010059118270874023
0.0039288997650146484
0.006567239761352539
0.007134199142456055
0.0067675113677978516
0.007550716400146484
0.006398439407348633
0.006975889205932617
0.00033283233642578125
0.009780645370483398
0.007545948028564453
0.0033712387084960938
0.007128715515136719
0.0066509246826171875
0.006928682327270508
0.0
0.00718379020690918
0.010338068008422852
0.003739595413208008
0.006592273712158203
0.006991147994995117
0.0073261260986328125
0.006584882736206055
0.0
0.006965160369873047
0.007032871246337891
0.006885051727294922
0.0066487789154052734
0.007330417633056641
0.006816387176513672
0.0
0.007161617279052734
0.006953716278076172
0.006548166275024414
0.009157419204711914
0.004772186279296875
0.007294178009033203
0.0067293643951416016
0.0003364086151123047
0.006587982177734375
0.006930828094482422
0.007033348083496094
0.009901762008666992
0.005591630935668945
0.0056536197662353516
0.0
0.0
0.013636350631713867
0.007241725921630859
0.006665945053100586
0.007646799087524414
0.007248401641845703
0.005967140197753906
0.005345344543457031
0.0019431114196777344
0.006658077239990234
0.0072748661041259766
0.00679326057434082
0.0068399906158447266
0.0071659088134765625
0.0
0.00683903694152832
0.007200002670288086
0.0067522525787353516
0.007159233093261719
0.006934642791748047
0.007050991058349609
0.006754636764526367
0.0
0.010584354400634766
0.0036079883575439453
0.006727933883666992
0.006763935089111328
0.0072519779205322266
0.007117748260498047
0.0
0.00974583625793457
0.00857234001159668
0.0022819042205810547
0.006948709487915039
0.006794929504394531
0.007348060607910156
0.0
0.0
0.006793022155761719
0.00744318962097168
0.009604215621948242
0.0041615962982177734
0.006745576858520508
0.007193803787231445
0.0
0.0069882869720458984
0.006884336471557617
0.0070154666900634766
0.006609201431274414
0.00696110725402832
0.006938934326171875
0.006964921951293945
0.00041031837463378906
0.006890296936035156
0.006619930267333984
0.007043600082397461
0.0072858333587646484
0.007613420486450195
0.003407716751098633
0.0
0.007082223892211914
0.006791114807128906
0.0068547725677490234
0.009757518768310547
0.005730628967285156
0.005734443664550781
0.0052776336669921875
0.0
0.010247468948364258
0.004178762435913086
0.006830930709838867
0.00693511962890625
0.0069768428802490234
0.0
0.011911630630493164
0.005215883255004883
0.007277727127075195
0.0036995410919189453
0.006947040557861328
0.0066716670989990234
0.0068929195404052734
0.0
0.009656190872192383
0.0043714046478271484
0.00703120231628418
0.006998300552368164
0.006581544876098633
0.0073909759521484375
0.0071027278900146484
0.0
0.006755352020263672
0.006898641586303711
0.01067805290222168
0.0058078765869140625
0.004537343978881836
0.006533384323120117
0.006972074508666992
0.0069217681884765625
0.005961894989013672
0.00047969818115234375
0.009805679321289062
0.004431724548339844
0.006721019744873047
0.0071828365325927734
0.006972789764404297
0.0
0.007071971893310547
0.006733894348144531
0.007100582122802734
0.009580135345458984
0.004472970962524414
0.006747007369995117
0.006993293762207031
0.0
0.01158285140991211
0.0024755001068115234
0.006886959075927734
0.006923675537109375
0.007059574127197266
0.006765842437744141
0.0
0.007138252258300781
0.006716251373291016
0.00976705551147461
0.004542827606201172
0.00679779052734375
0.006582021713256836
0.003966569900512695
0.0031175613403320312
0.011283159255981445
0.0064465999603271484
0.006806135177612305
0.0057621002197265625
0.004990577697753906
0.006703853607177734
0.006948947906494141
0.0
0.007020235061645508
0.007052898406982422
0.006789207458496094
0.00663304328918457
0.0069849491119384766
0.007477998733520508
0.00662684440612793
0.0035905838012695312
0.003156900405883789
0.0069692134857177734
0.00702357292175293
0.0072307586669921875
0.006786346435546875
0.006833314895629883
0.0003407001495361328
0.006652355194091797
0.007213592529296875
0.007047891616821289
0.006607770919799805
0.007325410842895508
0.006873369216918945
0.0
0.006711721420288086
0.006940364837646484
0.009943008422851562
0.00407099723815918
0.008885622024536133
0.00647282600402832
0.005647897720336914
0.0
0.0070934295654296875
0.007148265838623047
0.009164571762084961
0.004316568374633789
0.007267475128173828
0.0067386627197265625
0.0
0.00031375885009765625
0.0068359375
0.007035732269287109
0.0071566104888916016
0.007825374603271484
0.005972862243652344
0.006708621978759766
0.005291938781738281
0.0003838539123535156
0.007010459899902344
0.0066144466400146484
0.007264614105224609
0.006952762603759766
0.006898403167724609
0.0
0.007035970687866211
0.006971120834350586
0.009001731872558594
0.002893209457397461
0.0066225528717041016
0.007273674011230469
0.006639957427978516
0.003974437713623047
0.0030159950256347656
0.006974458694458008
0.010088205337524414
0.007256746292114258
0.005853414535522461
0.004614591598510742
0.0069735050201416016
0.0030698776245117188
0.004195690155029297
0.006654977798461914
0.007295131683349609
0.00668644905090332
0.007188320159912109
0.0
0.0072896480560302734
0.006518125534057617
0.01039743423461914
0.004034519195556641
0.006593942642211914
0.0067653656005859375
0.007189273834228516
0.0
0.011242389678955078
0.0023860931396484375
0.007250308990478516
0.007044553756713867
0.006550788879394531
0.0070955753326416016
0.0
0.0003485679626464844
0.00685882568359375
0.006685018539428711
0.00706171989440918
0.008262395858764648
0.005533933639526367
0.0069370269775390625
0.0038390159606933594
0.008767366409301758
0.001550912857055664
0.00733494758605957
0.006413698196411133
0.006955623626708984
0.007356405258178711
0.0
0.0
0.0070590972900390625
0.007076740264892578
0.006936550140380859
0.00650787353515625
0.007307529449462891
0.007149934768676758
0.0030426979064941406
0.0034456253051757812
0.006968021392822266
0.006957530975341797
0.006925821304321289
0.007259368896484375
0.006969451904296875
0.0066525936126708984
0.0003345012664794922
0.007025003433227539
0.006908893585205078
0.007464170455932617
0.006475210189819336
0.007162809371948242
0.0064411163330078125
0.00032210350036621094
0.00696873664855957
0.009719133377075195
0.004010915756225586
0.007216691970825195
0.008295536041259766
0.006227254867553711
0.006148338317871094
0.0003020763397216797
0.006932497024536133
0.006499528884887695
0.007343769073486328
0.00660395622253418
0.00697779655456543
0.006954193115234375
0.0
0.0068967342376708984
0.006741046905517578
0.007094144821166992
0.00875544548034668
0.005284786224365234
0.006804943084716797
0.0
0.006695270538330078
0.00730586051940918
0.006614208221435547
0.007468461990356445
0.006493568420410156
0.007204532623291016
0.006764650344848633
0.0
0.007219552993774414
0.0069463253021240234
0.006655693054199219
0.007419586181640625
0.006826162338256836
0.006836652755737305
0.005823612213134766
0.0
0.0066280364990234375
0.00984644889831543
0.006794452667236328
0.0030355453491210938
0.007331371307373047
0.007089853286743164
0.006762504577636719
0.0049784183502197266
0.0020673274993896484
0.0069272518157958984
0.007282733917236328
0.006911039352416992
0.006463050842285156
0.0076291561126708984
0.0
0.010010004043579102
0.0036067962646484375
0.006577491760253906
0.0070362091064453125
0.007767677307128906
0.006436347961425781
0.006611347198486328
0.005218982696533203
0.0017938613891601562
0.007291078567504883
0.0067522525787353516
0.009220123291015625
0.004967451095581055
0.0067217350006103516
0.0
0.0071451663970947266
0.006971836090087891
0.009577512741088867
0.004507541656494141
0.006816864013671875
0.006972074508666992
0.006597757339477539
0.005799293518066406
0.0010120868682861328
0.0075681209564208984
0.0068056583404541016
0.006979942321777344
0.0066339969635009766
0.007399320602416992
0.006608009338378906
0.0
0.007180690765380859
0.006638288497924805
0.0070362091064453125
0.008976936340332031
0.00493621826171875
0.0069620609283447266
0.0
0.007459878921508789
0.0066797733306884766
0.006875514984130859
0.007086753845214844
0.0069386959075927734
0.0070536136627197266
0.0
0.0069963932037353516
0.007055044174194336
0.006845235824584961
0.006941080093383789
0.0069921016693115234
0.006676435470581055
0.0
0.010264158248901367
0.003918647766113281
0.010305166244506836
0.005730390548706055
0.004594564437866211
0.007291316986083984
0.0
0.006940126419067383
0.011272668838500977
0.0026044845581054688
0.006615638732910156
0.007357358932495117
0.0068776607513427734
0.0
0.011506319046020508
0.0021209716796875
0.007309675216674805
0.009786128997802734
0.0039288997650146484
0.006898641586303711
0.007309675216674805
0.0
0.006548643112182617
0.007336139678955078
0.0070343017578125
0.0069463253021240234
0.0067594051361083984
0.006741523742675781
0.0
0.006970643997192383
0.007102012634277344
0.007170200347900391
0.006623744964599609
0.007291078567504883
0.006426572799682617
0.0042400360107421875
0.003396749496459961
0.006879091262817383
0.009890317916870117
0.007050514221191406
0.0036530494689941406
0.007231712341308594
0.0069522857666015625
0.006612300872802734
0.0
0.006980419158935547
0.00661468505859375
0.007097482681274414
0.006829977035522461
0.006986856460571289
0.0
0.0
0.010460853576660156
0.0033648014068603516
0.007207155227661133
0.006666660308837891
0.006803274154663086
0.0069751739501953125
0.00035643577575683594
0.010909080505371094
0.0026769638061523438
0.006955385208129883
0.0069386959075927734
0.007115364074707031
0.006973981857299805
0.0
0.007114887237548828
0.00699925422668457
0.007029056549072266
0.00865793228149414
0.0038764476776123047
0.007394552230834961
0.0068857669830322266
0.005650043487548828
0.006535053253173828
0.0064239501953125
0.005330562591552734
0.004298686981201172
0.0068247318267822266
0.006746530532836914
0.00693202018737793
0.006727695465087891
0.0
0.007160186767578125
0.00669407844543457
0.007290840148925781
0.00896143913269043
0.004677772521972656
0.0072939395904541016
0.0
0.007018566131591797
0.006966590881347656
0.006669759750366211
0.006928920745849609
0.006833553314208984
0.006919145584106445
0.007045745849609375
0.0
0.00693821907043457
0.0073223114013671875
0.006586551666259766
0.007010221481323242
0.007180213928222656
0.007079601287841797
0.0056209564208984375
0.0
0.0040171146392822266
0.007493734359741211
0.002481222152709961
0.0069599151611328125
0.006688594818115234
0.007096052169799805
0.007088422775268555
0.0
0.0
0.00711822509765625
0.006593227386474609
0.007310628890991211
0.00662684440612793
0.007153987884521484
0.006749629974365234
0.005555868148803711
0.0018084049224853516
0.006581306457519531
0.0070743560791015625
0.007272481918334961
0.006840944290161133
0.007175445556640625
0.006445169448852539
0.0012509822845458984
0.005784749984741211
0.007063150405883789
0.0069048404693603516
0.00687861442565918
0.007080793380737305
0.007247209548950195
0.0
0.0048863887786865234
0.005943775177001953
0.0034325122833251953
0.006507158279418945
0.008916616439819336
0.005404949188232422
0.004640102386474609
0.0
0.0070340633392333984
0.0065653324127197266
0.007248878479003906
0.006957292556762695
0.0070264339447021484
0.006619691848754883
0.007048368453979492
0.0
0.006837368011474609
0.0074138641357421875
0.00969076156616211
0.003879547119140625
0.007221221923828125
0.006856441497802734
0.006809234619140625
0.0
0.007284879684448242
0.0069751739501953125
0.006747722625732422
0.006775856018066406
0.007249116897583008
0.00696110725402832
0.0
0.007058382034301758
0.00956869125366211
0.0045282840728759766
0.00656437873840332
0.008814334869384766
0.005181789398193359
0.006972789764404297
0.0032007694244384766
0.008605718612670898
0.0019757747650146484
0.007239103317260742
0.007033109664916992
0.006882667541503906
0.006586790084838867
0.006979227066040039
0.00030994415283203125
0.007010221481323242
0.006981611251831055
0.006713151931762695
0.006956338882446289
0.006897926330566406
0.006992340087890625
0.004704952239990234
0.006658315658569336
0.0028502941131591797
0.00675511360168457
0.006886959075927734
0.007534027099609375
0.006657123565673828
0.0066373348236083984
0.0050506591796875
0.0019032955169677734
0.006977558135986328
0.007048130035400391
0.006541252136230469
0.00697016716003418
0.006942033767700195
0.0010099411010742188
0.005953788757324219
0.010222434997558594
0.0037946701049804688
0.010044097900390625
0.005574464797973633
0.00523686408996582
0.006973743438720703
0.0051839351654052734
0.001741170883178711
0.007298707962036133
0.0066220760345458984
0.0073091983795166016
0.006589174270629883
0.006945371627807617
0.005265712738037109
0.0016977787017822266
0.007143735885620117
0.0068471431732177734
0.00894308090209961
0.005244016647338867
0.007046937942504883
0.006700038909912109
0.0
0.006953239440917969
0.0068776607513427734
0.006926059722900391
0.007219076156616211
0.006702899932861328
0.0069653987884521484
0.006938457489013672
0.0004992485046386719
0.006513357162475586
0.007261037826538086
0.00696563720703125
0.006646633148193359
0.008005619049072266
0.006211519241333008
0.006646633148193359
0.0
0.010044336318969727
0.007729768753051758
0.002929210662841797
0.006934642791748047
0.007217884063720703
0.0066568851470947266
0.006962299346923828
0.0
0.01172184944152832
0.002515554428100586
0.0066721439361572266
0.006932258605957031
0.006965160369873047
0.007021427154541016
0.0044918060302734375
0.002418041229248047
0.007287263870239258
0.0066318511962890625
0.007261037826538086
0.0066509246826171875
0.00730586051940918
0.0
0.006712913513183594
0.007120847702026367
0.00668644905090332
0.0071544647216796875
0.00710749626159668
0.006853580474853516
0.006938934326171875
0.0
0.007351875305175781
0.009443998336791992
0.00420689582824707
0.009720325469970703
0.005367755889892578
0.005980968475341797
0.0
0.0
0.007005214691162109
0.006855487823486328
0.007129669189453125
0.006620883941650391
0.006842374801635742
0.006928920745849609
0.0
0.0070683956146240234
0.0073642730712890625
0.007132053375244141
0.008326292037963867
0.005391597747802734
0.0069141387939453125
0.0
0.006693363189697266
0.007180452346801758
0.006621837615966797
0.007817745208740234
0.0061228275299072266
0.0072324275970458984
0.0
0.011615753173828125
0.002039670944213867
0.009248733520507812
0.004677772521972656
0.006931304931640625
0.006994485855102539
0.006932497024536133
0.003777027130126953
0.003631591796875
0.006944894790649414
0.010123252868652344
0.00576329231262207
0.00470280647277832
0.007447004318237305
0.0
0.011167287826538086
0.002621889114379883
0.006556987762451172
0.007256746292114258
0.007058382034301758
0.0065076351165771484
0.007279157638549805
0.0
0.006785392761230469
0.010709285736083984
0.0032355785369873047
0.00685429573059082
0.0072400569915771484
0.006683349609375
0.005447864532470703
0.0003554821014404297
0.006657838821411133
0.006951093673706055
0.007292032241821289
0.007108211517333984
0.006705045700073242
0.006699323654174805
0.0
0.0073697566986083984
0.006929874420166016
0.007050037384033203
0.008545637130737305
0.00535130500793457
0.006999015808105469
0.0
0.0035102367401123047
0.008280277252197266
0.002008199691772461
0.007216930389404297
0.006589412689208984
0.0069959163665771484
0.007460594177246094
0.0
0.0065686702728271484
0.0073816776275634766
0.006715297698974609
0.006829738616943359
0.007136106491088867
0.006642580032348633
0.003306150436401367
0.0036592483520507812
0.006940126419067383
0.009283065795898438
0.0030019283294677734
0.006955623626708984
0.004731893539428711
0.006505489349365234
0.0
0.00734400749206543
0.006677389144897461
0.006868124008178711
0.007452726364135742
0.006506681442260742
0.007259368896484375
0.0070536136627197266
0.0008594989776611328
0.0035941600799560547
0.0032682418823242188
0.010422945022583008
0.005973100662231445
0.003846883773803711
0.0068051815032958984
0.0068798065185546875
0.0
0.007178544998168945
0.006625652313232422
0.007333040237426758