0.5849
0.2309
0.1785
0.1829
0.2272
0.2288
0.2204
0.2206
0.2217
0.2215
0.2204
0.1748
0.1742
0.1750
0.1747
0.1741
0.2208
0.2210
0.2218
0.1758
0.1738
0.2231
0.2204
0.2241
0.2265
0.2276
0.1794
0.1789
0.1784
0.1787
0.1783
0.1785
0.1782
0.1801
0.1800
0.1791
0.1787
0.1814
0.1785
0.1791
0.1785
0.1797
0.1762
0.1749
0.1749
0.1776
0.1766
0.1756
0.1744
0.1745
0.1740
0.1741
0.1758
0.1783
0.1783
0.1787
0.1780
0.1790
0.1787
0.1788
0.1785
0.1786
0.1786
0.1792
0.1788
0.1791
0.1779
0.1785
0.1782
0.1791
0.1780
0.2275
0.2241
0.1748
0.1744
0.2234
0.2217
0.2194
0.2219
0.2202
0.1738
0.1742
0.1737
0.1738
0.1737
0.1745
0.1747
0.1741
0.1737
0.1737
0.1745
0.1777
0.1782
0.1783
0.1779
0.2251
0.2283
0.1788
0.2254
0.2264
0.2293
0.2269
0.2262
0.1790
0.1785
0.2283
0.2275
0.2260
0.2268
0.1744
0.1754
0.1751
0.1743
0.1738
0.1737
0.1739
0.2207
0.2223
0.2247
0.1789
0.2250
0.2263
0.2269
0.1787
0.2251
0.2259
0.2275
0.2268
0.2264
0.2264
0.2261
0.2290
0.2266
0.1786
0.2246
0.2240
0.1747
0.1761
0.2243
0.1744
0.2224
0.2203
0.2201
0.2191
0.2211
0.2230
0.2195
0.2228
0.2231
0.2211
0.1762
0.2192
0.1743
0.2235
0.2269
0.1788
0.2270
0.2276
0.2276
0.2265
0.2265
0.2281
0.2271
0.1804
0.1805
0.2272
0.2274
0.2269
0.2270
0.2289
0.2212
0.2224
0.1742
0.2209
0.2242
0.3870
0.2230
0.2206
0.2195
0.2196
0.2221
0.2204
0.2197
0.2195
0.2212
0.2257
0.2279
0.2285
0.2280
0.2276
0.2295
0.2284
0.2273
0.2274
0.2327
0.2287
0.2281
0.2288
0.2286
0.2284
0.2270
0.2245
0.2218
0.2204
0.2219
0.1740
0.2222
0.2223
0.2243
0.1746
0.2218
0.1740
0.1741
0.1743
0.2203
0.2219
0.2193
0.2223
0.2264
0.2306
0.2278
0.2277
0.2274
0.2276
0.2283
0.1787
0.2260
0.1795
0.2344
0.2363
0.1819
0.2256
0.2274
0.2283
0.2233
0.2388
0.2317
0.2248
0.2228
0.1747
0.2205
0.1742
0.2207
0.2280
0.1798
0.2277
0.2288
0.2280
0.1803
0.2263
0.2283
0.2269
0.2260
0.1806
0.1799
0.1792
0.1783
0.1788
0.1782
0.1783
0.1784
0.1754
0.2213
0.2227
0.1742
0.1743
0.1741
0.1740
0.2214
0.2213
0.2286
0.2272
0.2276
0.2265
0.1790
0.1794
0.1789
0.2270
0.1805
0.1799
0.1792
0.1798
0.1791
0.1796
0.1789
0.1792
0.1795
0.2271
0.2267
0.2215
0.2346
0.2223
0.2197
0.1747
0.1746
0.1744
0.1752
0.1768
0.1789
0.1791
0.1788
0.1786
0.1787
0.1786
0.1790
0.1789
0.1790
0.2264
0.1796
0.1788
0.1789
0.1789
0.1790
0.1798
0.1787
0.1788
0.1783
0.1762
0.1748
0.2217
0.1746
0.1744
0.1742
0.1746
0.2201
0.1742
0.1741
0.1741
0.1742
0.1749
0.1750
0.1744
0.1750
0.1742
0.1745
0.1744
0.1755
0.1789
0.1786
0.1790
0.1789
0.1789
0.1790
0.1794
0.1789
0.1791
0.1791
0.1791
0.1790
0.1793
0.1791
0.1795
0.1787
0.1789
0.1788
0.1789
0.1780
0.2226
0.1746
0.1761
0.1745
0.1745
0.1919
0.1745
0.1751
0.1750
0.1759
0.1815
0.1791
0.1750
0.1784
0.1754
0.1742
0.1744
0.1745
0.1741
0.1760
0.1778
0.1794
0.1798
0.1792
0.1800
0.1800
0.1805
0.1798
0.1803
0.1800
0.1803
0.1798
0.1797
0.2346
0.1852
0.1806
0.1810
0.1801
0.1815
0.1805
0.1761
0.1768
0.1769
0.1748
0.1747
0.1754
0.1766
0.1789
0.1781
0.1773
0.1793
0.1797
0.1786
0.1819
0.1794
0.1796
0.1790
0.1795
0.1801
0.1812
0.1860
0.1806
0.1791
0.1789
0.1793
0.1805
0.1801
0.1793
0.1792
0.1793
0.1762
0.1747
0.1743
0.1742
0.1741
0.1754
0.1751
0.1749
0.1744
0.1743
0.1764
0.1789
0.1791
0.1809
0.1794
0.1811
0.1803
0.1799
0.1816
0.1818
0.1796
0.1793
0.1789
0.1795
0.1808
0.1797
0.1792
0.1817
0.1803
0.1865
0.3406
0.1747
0.1745
0.1740
0.1746
0.1740
0.1742
0.1752
0.1745
0.1745
0.1755
0.1744
0.2227
0.1767
0.2250
0.1750
0.1753
0.1745
0.2224
0.1779
0.1788
0.2270
0.1792
0.1787
0.1785
0.2263
0.1797
0.1789
0.1788
0.1789
0.1786
0.2268
0.2266
0.1791
0.1811
0.1785
0.2264
0.1779
0.1746
0.1739
0.1739
0.1743
0.1747
0.1741
0.1740
0.1739
0.1742
0.1746
0.1781
0.1788
0.1790
0.1786
0.1781
0.1785
0.1785
0.1784
0.1785
0.1791
0.1789
0.1794
0.1792
0.1790
0.1789
0.1803
0.1798
0.1789
0.1789
0.1781
0.1769
0.1750
0.1746
0.1742
0.1754
0.1750
0.1744
0.1739
0.1740
0.1737
0.1761
0.1784
0.1783
0.1779
0.1780
0.1781
0.1780
0.1780
0.1836
0.1786
0.1788
0.1790
0.1794
0.1784
0.1973
0.1783
0.1791
0.1786
0.1787
0.1824
0.1772
0.1745
0.1750
0.1757
0.1777
0.1949
0.1757
0.1744
0.1738
0.1735
0.1837
0.1905
0.1784
0.1782
0.1793
0.1786
0.1840
0.1783
0.1782
0.1785
0.1784
0.1864
0.1924
0.1785
0.1783
0.1795
0.1786
0.1838
0.1787
0.1785
0.1757
0.1745
0.1813
0.1894
0.1751
0.1753
0.1758
0.1741