0.2246
0.2252
0.1799
0.1794
0.1781
0.1787
0.1781
0.1790
0.1786
0.2267
0.2270
0.2288
0.1805
0.2275
0.2291
0.1804
0.1794
0.2279
0.2288
0.2254
0.2263
0.2224
0.1750
0.1865
0.1749
0.2208
0.2247
0.1754
0.2241
0.2293
0.2278
0.2274
0.2271
0.1856
0.2277
0.2321
0.1820
0.1795
0.1791
0.1804
0.1807
0.1796
0.1799
0.1838
0.1795
0.1799
0.1798
0.1808
0.1755
0.1766
0.1755
0.1773
0.1754
0.1798
0.1754
0.1759
0.1777
0.1764
0.1754
0.1749
0.1741
0.1743
0.1742
0.1747
0.1752
0.1750
0.1744
0.2277
0.4348
0.2285
0.2303
0.2305
0.2330
0.2304
0.2285
0.1790
0.1799
0.1817
0.1820
0.1806
0.1795
0.1806
0.1797
0.1796
0.1768
0.1750
0.1748
0.1761
0.2236
0.2231
0.2210
0.2217
0.2220
0.2228
0.2229
0.2283
0.2288
0.2310
0.2291
0.2275
0.2318
0.2416
0.2435
0.2421
0.2331
0.2316
0.2333
0.2284
0.2286
0.2318
0.2308
0.2256
0.2297
0.2237
0.2254
0.2251
0.2196
0.2214
0.2223
0.2289
0.1818
0.2270
0.2286
0.2311
0.2292
0.2294
0.2287
0.1803
0.2320
0.2286
0.2276
0.2290
0.2299
0.2291
0.2281
0.2259
0.2257
0.2245
0.2259
0.2209
0.2233
0.2279
0.2229
0.2247
0.1791
0.1800
0.2288
0.1811
0.1796
0.1796
0.2275
0.2302
0.1807
0.2293
0.2282
0.2303
0.2296
0.1813
0.2278
0.2285
0.2296
0.2288
0.2211
0.2241
0.2238
0.2245
0.2211
0.2230
0.2227
0.2247
0.2217
0.2215
0.2223
0.2243
0.2259
0.2215
0.2200
0.2246
0.1808
0.1797
0.2276
0.2314
0.2287
0.2309
0.2305
0.2303
0.2303
0.2294
0.2310
0.2311
0.2281
0.2296
0.2288
0.2279
0.2235
0.2229
0.2234
0.2212
0.2225
0.1757
0.2241
0.2247
0.2308
0.1820
0.2274
0.2308
0.2299
0.2290
0.2324
0.2308
0.2301
0.2309
0.2283
0.2286
0.1811
0.2270
0.2307
0.2284
0.2295
0.2285
0.2231
0.2208
0.2231
0.1781
0.2223
0.2262
0.2210
0.1757
0.2225
0.1762
0.1759
0.2219
0.2227
0.2224
0.2201
0.2216
0.2202
0.2218
0.2212
0.1762
0.1801
0.1789
0.2264
0.2216
0.2227
0.2217
0.2225
0.2273
0.2271
0.2261
0.2223
0.2254
0.2294
0.2323
0.2287
0.2307
0.2303
0.2307
0.2298
0.2300
0.2296
0.2291
0.1831
0.1808
0.2300
0.2308
0.1817
0.2278
0.2283
0.2228
0.1778
0.2203
0.2227
0.3914
0.1764
0.1751
0.2224
0.1801
0.1749
0.1752
0.2221
0.1744
0.1745
0.1743
0.1741
0.1755
0.1747
0.1747
0.1781
0.2267
0.1790
0.1786
0.2268
0.2275
0.1787
0.1791
0.1792
0.2318
0.2281
0.2284
0.1803
0.1790
0.2293
0.1796
0.1792
0.2268
0.2265
0.2249
0.1749
0.1767
0.1857
0.1756
0.1798
0.1892
0.1744
0.1798
0.1831
0.1741
0.1795
0.1749
0.1750
0.1801
0.1742
0.1756
0.1878
0.1744
0.1785
0.1843
0.1762
0.1833
0.1821
0.1750
0.1771
0.1830
0.1746
0.1808
0.1787
0.1795
0.1789
0.1791
0.1794
0.1796
0.1784
0.1788
0.1786
0.1788
0.1788
0.1837
0.1793
0.1792
0.1788
0.1792
0.1795
0.1795
0.1787
0.1793
0.1788
0.1790
0.1753
0.1760
0.1782
0.1749
0.1758
0.1744
0.1742
0.1754
0.1770
0.1741
0.1748
0.1765
0.1746
0.1765
0.1753
0.1744
0.1745
0.1746
0.1742
0.1742
0.1740
0.1750
0.1765
0.1746
0.1748
0.1762
0.1738
0.1741
0.1765
0.1797
0.1796
0.1809
0.1787
0.1796
0.1791
0.1794
0.1788
0.1806
0.1804
0.1794
0.1799
0.1812
0.1791
0.1813
0.1798
0.1798
0.1793
0.1796
0.1779