0.2285
0.1795
0.1779
0.1790
0.1786
0.2269
0.2258
0.2272
0.1807
0.1793
0.1780
0.1786
0.1783
0.1786
0.1786
0.1809
0.1788
0.1790
0.1783
0.1794
0.1772
0.1750
0.2263
0.2201
0.2211
0.2213
0.2226
0.2207
0.2213
0.2198
0.2198
0.1745
0.1745
0.2204
0.1750
0.1744
0.1753
0.1749
0.1744
0.1745
0.1764
0.1792
0.1790
0.1794
0.2267
0.2272
0.2291
0.2300
0.2295
0.2296
0.2286
0.2294
0.2280
0.2290
0.2288
0.2284
0.1809
0.1786
0.1767
0.1767
0.1766
0.1768
0.1790
0.1790
0.1798
0.1787
0.1789
0.1809
0.1788
0.1793
0.1794
0.1802
0.1792
0.1792
0.1791
0.1791
0.1791
0.1796
0.1793
0.1792
0.1791
0.2264
0.1762
0.2221
0.2207
0.2245
0.2230
0.2196
0.2218
0.2214
0.2211
0.2202
0.2242
0.2204
0.1744
0.1747
0.2237
0.1740
0.2206
0.2241
0.2213
0.1742
0.1740
0.1742
0.2233
0.2205
0.2222
0.2205
0.2238
0.2241
0.2213
0.2200
0.2232
0.2224
0.2202
0.2200
0.2226
0.2253
0.2441
0.2296
0.4194
0.2279
0.2279
0.2272
0.2276
0.2264
0.2276
0.2277
0.2278
0.2278
0.2270
0.2276
0.2270
0.2255
0.2307
0.2269
0.2224
0.2281
0.2228
0.2231
0.2224
0.2257
0.2261
0.2277
0.2298
0.2266
0.2275
0.2290
0.2269
0.2278
0.2277
0.2291
0.2287
0.2284
0.2274
0.2269
0.2266
0.2256
0.2197
0.2254
0.2203
0.2235
0.2213
0.2238
0.2202
0.2219
0.2250
0.2225
0.2236
0.2203
0.2245
0.2202
0.2193
0.2218
0.2224
0.2206
0.2202
0.2240
0.2223
0.2214
0.2258
0.2283
0.2282
0.1803
0.2473
0.2270
0.2279
0.2329
0.2330
0.1796
0.2309
0.2295
0.2427
0.2002
0.2274
0.2290
0.2295
0.2278
0.2244
0.2239
0.2206
0.2462
0.2337
0.2203
0.1765
0.2201
0.2300
0.1759
0.2222
0.1752
0.1744
0.1812
0.1747
0.1742
0.2253
0.2213
0.1811
0.2288
0.1758
0.1749
0.2215
0.2387
0.2249
0.2285
0.1802
0.1798
0.1795
0.2267
0.1803
0.1829
0.1798
0.1874
0.1866
0.1805
0.1788
0.1811
0.1790
0.1967
0.1790
0.2284
0.1805
0.1815
0.1759
0.1747
0.1745
0.1745
0.1746
0.2223
0.2252
0.2239
0.2215
0.2209
0.2212
0.2215
0.2241
0.1781
0.1800
0.2290
0.1818
0.1795
0.1797
0.1795
0.1795
0.1797
0.1795
0.1802
0.1800
0.1814
0.1793
0.1802
0.1792
0.1810
0.1802
0.2279
0.2273
0.2229
0.1748
0.2202
0.1747
0.1772
0.1758
0.1751
0.1770
0.1747
0.1750
0.1746
0.1741
0.1746
0.1742
0.1747
0.1748
0.1757
0.1757
0.1749
0.1744
0.1744
0.1742
0.1742
0.1738
0.1742
0.1767
0.1801
0.1813
0.1811
0.1794
0.1792
0.1795
0.1795
0.1792
0.1800
0.1798
0.1798
0.1798
0.1797
0.1834
0.1797
0.1818
0.1800
0.1796
0.1800
0.1801
0.1793
0.1761
0.1752
0.1753
0.1746
0.1743
0.1745
0.1743
0.1747
0.1764
0.1749
0.1744
0.1747
0.1749
0.1749
0.1743
0.1742
0.1741
0.1753
0.1752
0.1744
0.1749
0.1740
0.1739
0.1782
0.1756
0.1746
0.1752
0.1744
0.1743
0.1766
0.1794
0.1791
0.1795
0.1794
0.1786
0.1787
0.1802
0.1799
0.1800
0.1802
0.1792
0.1803
0.1788
0.1785
0.1792
0.1793
0.1801
0.1797
0.1794
0.1804
0.1777
0.1749
0.1745
0.1742
0.1757