0.5107
0.5131
0.5043
0.5078
0.4995
0.3790
0.5153
0.3792
0.3819
0.5010
0.4938
0.5232
0.4993
0.5084
0.5152
0.4984
0.5182
0.5077
0.3837
0.3936
0.4050
0.3811
0.3829
0.3800
0.3814
0.3786
0.3885
0.3851
0.3914
0.3785
0.3773
0.3868
0.3803
0.3784
0.4004
0.3818
0.3768
0.3814
0.3862
0.3867
0.3816
0.3836
0.3805
0.3791
0.3840
0.3822
0.3879
0.3879
0.3775
0.3779
0.3783
0.3955
0.3905
0.3904
0.3858
0.3883
0.5161
0.5150
0.3942
0.3844
0.3866
0.3823
0.5079
0.4999
0.5070
0.3784
0.3776
0.3898
0.3806
0.3807
0.3903
0.3847
0.3929
0.3784
0.3779
0.3800
0.3960
0.3791
0.3852
0.3786
0.3813
0.3824
0.3964
0.3935
0.3826
0.3944
0.3891
0.3905
0.3848
0.3793
0.3831
0.3928
0.3853
0.3891
0.3828
0.3846
0.3818
0.3784
0.3808
0.5207
0.5211
0.5142
0.5006
0.5051
0.7005
0.3865
0.3789
0.5011
0.5229
0.5064
0.4982
0.5108
0.5283
0.5102
0.5121
0.5185
0.5103
0.5082
0.3799
0.3821
0.3867
0.5180
0.5058
0.5022
0.5063
0.3814
0.5086
0.5051
0.5010
0.3875
0.5091
0.5006
0.5067
0.3846
0.5003
0.3797
0.4947
0.5104
0.5164
0.3852
0.5137
0.3776
0.5181
0.3759
0.3856
0.4988
0.3763
0.3764
0.3792
0.3768
0.3761
0.3800
0.3837
0.4904
0.3788
0.5038
0.5074
0.3856
0.5107
0.5036
0.3826
0.3859
0.4160
0.5105
0.5188
0.5208
0.3822
0.5145
0.5170
0.5059
0.5117
0.5022
0.5038
0.3771
0.3854
0.3842
0.3795
0.3958
0.5218
0.3797
0.5121
0.3851
0.3777
0.3842
0.5035
0.3775
0.3779
0.3976
0.3827
0.3846
0.3861
0.3886
0.3753
0.3783
0.3851
0.3899
0.3787
0.3793
0.3781
0.3791
0.3781
0.3782
0.3796
0.3787
0.3774
0.3850
0.3924
0.3912
0.3802
0.3938
0.3845
0.3785
0.3777
0.3830
0.3811
0.3775
0.3805
0.3808
0.3880
0.3807
0.3843
0.3797
0.3808
0.3831
0.3802
0.3833
0.3777
0.3823
0.3850
0.3889
0.3910
0.3766
0.3950
0.3900
0.3952
0.3817
0.3852
0.3789
0.3875
0.3868
0.3803
0.3924
0.3779
0.3762
0.3881
0.3765
0.3822
0.3775
0.3777
0.3830
0.3903
0.3759
0.3823
0.3896
0.3955
0.3747
0.3784
0.3822
0.3774
0.3837
0.3782
0.3803
0.3829
0.3849
0.3862
0.3790
0.3762
0.3782
0.3832
0.3798
0.3818
0.3904
0.3751
0.3744
0.3859
0.3759
0.3857
0.3750
0.3753
0.3749
0.3819
0.3823
0.3750
0.3777