0.5048
0.3875
0.5054
0.3755
0.5135
0.5031
0.3747
0.3753
0.3737
0.5099
0.4939
0.3816
0.3764
0.3758
0.3748
0.3743
0.3868
0.3745
0.3814
0.3773
0.3816
0.3809
0.3771
0.3755
0.3785
0.3887
0.4924
0.5139
0.3874
0.3784
0.3793
0.3813
0.3862
0.3779
0.3783
0.3782
0.3761
0.3771
0.3795
0.3767
0.3839
0.3829
0.3823
0.3759
0.3868
0.3823
0.3851
0.3795
0.3829
0.3816
0.3917
0.3820
0.5109
0.3842
0.3872
0.3872
0.3799
0.3821
0.3855
0.3892
0.3799
0.3926
0.3861
0.3802
0.3780
0.4042
0.3795
0.3869
0.3929
0.5252
0.5111
0.4982
0.3809
0.5095
0.5011
0.5064
0.3776
0.5007
0.5207
0.5155
0.3847
0.3811
0.3837
0.3810
0.3811
0.5199
0.5125
0.5148
0.5051
0.5275
0.5015
0.4229
0.3857
0.5200
0.5132
0.6926
0.3823
0.4973
0.3786
0.3770
0.4987
0.5311
0.4920
0.5025
0.4961
0.3778
0.3772
0.5038
0.5157
0.3809
0.5133
0.5084
0.5113
0.5061
0.5019
0.4922
0.5216
0.4863
0.5006
0.5094
0.4995
0.3815
0.4997
0.4913
0.5022
0.4941
0.3876
0.4992
0.5082
0.5004
0.4982
0.3741
0.5111
0.3751
0.3747
0.4966
0.5111
0.5315
0.5060
0.5065
0.5034
0.5044
0.4927
0.4987
0.3757
0.5206
0.5432
0.5010
0.3869
0.5125
0.5137
0.5159
0.5031
0.5085
0.4983
0.5090
0.4970
0.5025
0.5117
0.3910
0.3879
0.5113
0.4949
0.5158
0.5160
0.5192
0.5013
0.5177
0.5119
0.5132
0.5049
0.5194
0.4986
0.5043
0.3980
0.3858
0.3929
0.5174
0.3791
0.5128
0.5246
0.3871
0.5128
0.5116
0.5069
0.5114
0.5000
0.5070
0.4974
0.4977
0.4999
0.3760
0.3787
0.5109
0.3763
0.3755
0.3909
0.4985
0.3824
0.3750
0.3806
0.4946
0.3805
0.3986
0.3781
0.5210
0.4904
0.3913
0.3913
0.5302
0.4818
0.3861
0.5296
0.5105
0.5132
0.5059
0.3846
0.4999
0.3806
0.4839
0.5057
0.5244
0.3830
0.3764
0.3831
0.5217
0.5206
0.3783
0.3748
0.3846
0.3755
0.3743
0.3829
0.3812
0.3820
0.3834
0.3760
0.3785
0.3779
0.3797
0.3761
0.3772
0.3928
0.3891
0.4120
0.3863
0.3899
0.3891
0.3908
0.3952
0.3792
0.5278
0.5041
0.3765
0.3839
0.3750
0.3768
0.3825
0.3863
0.3801
0.3836
0.3757
0.3783
0.5128
0.5114
0.5089
0.5112
0.3807
0.5107
0.5141
0.4986
0.3819
0.3772
0.3791
0.3886
0.5073
0.3812
0.3738
0.3760
0.3847
0.5128
0.5127
0.3872
0.3820
0.3819
0.3820
0.3844
0.3814
0.3758
0.3768
0.5277
0.5006
0.5873
0.5120
0.5168
0.5062
0.3826
0.3744
0.5041
0.5132
0.5085
0.4986
0.3761
0.3751
0.5153
0.3843
0.5042
0.5176
0.4999
0.5054
0.5005
0.4998
0.3751
0.5181
0.5044
0.4947
0.5073
0.5089
0.3807
0.3756
0.5160
0.3873
0.3867
0.3831
0.3777
0.4878
0.3735
0.5109
0.3771
0.3770
0.3780
0.3945
0.3865
0.3826
0.3750
0.3798
0.3820
0.3873
0.3897
0.3831
0.3761
0.3787
0.5086
0.3760
0.3886
0.5121
0.3811
0.5213
0.3857
0.3847
0.3864
0.3846
0.5056
0.3858
0.5057
0.5133
0.3858
0.3743
0.3778
0.5312
0.3754
0.3847
0.3752
0.3778
0.3736
0.3736
0.3755
0.3767
0.3733
0.5145
0.5088
0.5010
0.3754
0.5015
0.5051
0.3784
0.5105
0.5074
0.5071
0.3764
0.3752
0.5027
0.3889
0.4995
0.3816
0.5145
0.3807
0.4955
0.4914
0.5059
0.3846
0.5082
0.3763
0.5224
0.3806
0.4995
0.5321
0.5264
0.5080
0.5056
0.3771
0.5048
0.3798
0.4923
0.3885
0.3883
0.3758
0.3772
0.5062
0.3793
0.3934
0.5080
0.3771
0.5185
0.3868
0.3789
0.4866
0.3845
0.4955
0.3846
0.3787
0.3818
0.3898
0.5131
0.3785
0.5076
0.3962
0.3855
0.4955
0.3792
0.3800
0.3776
0.5050
0.3775
0.3832
0.3839
0.3914
0.3901
0.3808
0.5024
0.3921
0.5066
0.3798
0.3795
0.3781
0.3906
0.3833
0.3917
0.3852
0.3893
0.5160
0.3870
0.3772
0.3781
0.3841
0.3771
0.3786
0.3752
0.3830
0.3748
0.3892
0.3846
0.3913
0.5098
0.3896
0.3751
0.3739
0.5305
0.3804
0.3904
0.3871
0.3821
0.3817
0.3826
0.3755
0.3764
0.5230
0.3801
0.5165
0.3770
0.3771
0.3802
0.3804
0.5023
0.3754
0.5039
0.3759
0.3803
0.5203
0.3765
0.5030
0.3804
0.3814
0.3839
0.3750
0.3772
0.3888
0.3929
0.3781
0.3761
0.5006
0.3773
0.3778
0.5072
0.3751
0.5014
0.5150
0.3768
0.5146
0.5113
0.3763
0.3855
0.3789
0.5002
0.5007
0.5039
0.3761
0.5729
0.3799
0.4917
0.3817
0.3836
0.3746
0.3750
0.3790
0.3851
0.3776
0.3759
0.3789
0.3819
0.3843
0.3752
0.3751
0.3833
0.3849
0.3804
0.3750
0.3752
0.3748
0.3757
0.3795
0.3775
0.3759
0.3753
0.3753
0.3769
0.3744
0.3754
0.3868
0.3827
0.3805
0.3745
0.3763
0.3796
0.3869
0.3813
0.3742
0.3803
0.3827
0.3734
0.3789
0.3743
0.3750
0.3745
0.3802
0.3762
0.3801
0.3746
0.3779
0.3827
0.3738
0.3729
0.3781
0.3807
0.3749
0.3752
0.3739
0.3804
0.3739
0.3758
0.3807
0.3851
0.3755
0.3854
0.3748
0.3811
0.3754
0.3758
0.3749
0.3809
0.3859
0.3787
0.3796
0.3737
0.3748
0.3776
0.3834
0.5171
0.3739
0.3944
0.3822
0.3780
0.3752
0.3755
0.5065
0.3915
0.3796
0.3855
0.3717
0.3747
0.4963
0.3867
0.3831
0.3832
0.3783
0.3745
0.3806
0.3852
0.3754
0.3959
0.3746
0.3740
0.3853
0.3843
0.3812
0.3842
0.3799
0.3896
0.3914
0.3852
0.3803
0.3770
0.3733
0.3757
0.3766
0.3766
0.3852
0.3737
0.3786
0.3779
0.3907
0.3786
0.5156
0.3835
0.3845
0.3832
0.4920
0.5087
0.5097
0.3755
0.3747
0.4959
0.3911
0.5240
0.3742
0.4881
0.3837
0.3748
0.3747
0.3837
0.3765
0.3740
0.3744
0.5152
0.3774
0.3779
0.3768
0.4913
0.3774
0.3776
0.3793
0.3764
0.3741
0.3760
0.3767
0.3750
0.3775
0.3746
0.3731
0.3826
0.3748
0.3755
0.3726
0.3730
0.3862
0.3779
0.3807
0.3797
0.3905
0.3805
0.3757
0.3879
0.3785
0.3762
0.3751
0.3802
0.3780
0.3784
0.3886
0.3752
0.3840
0.3883
0.3847
0.3768
0.3758
0.3755
0.3809
0.3823
0.3887
0.3750
0.3741
0.3808
0.3765
0.3785
0.3764
0.3757
0.3756
0.3786
0.3764
0.3912
0.3822
0.3788
0.3764
0.3776
0.3788
0.3833
0.3799
0.3798
0.3765
0.3751
0.3867
0.3788
0.3833
0.3748
0.3738
0.3750
0.3841
0.3752
0.3753
0.3761
0.3769
0.3808
0.3796
0.3876
0.3810
0.3792
0.3825
0.3899
0.3925
0.3809
0.3757
0.3761
0.3768
0.3868
0.3856
0.3777
0.3742
0.3754
0.3816
0.3902
0.3800
0.3780
0.3746
0.3743
0.3798
0.3858
0.3793