0.5142
0.5158
0.5101
0.3759
0.3770
0.3822
0.3774
0.3750
0.5772
0.3817
0.3835
0.3805
0.3833
0.3794
0.3809
0.3751
0.3893
0.3862
0.3747
0.3757
0.3792
0.3795
0.3752
0.3827
0.3750
0.3818
0.3734
0.3783
0.5150
0.3818
0.3752
0.3753
0.3770
0.3793
0.3857
0.3765
0.5019
0.5062
0.5031
0.5024
0.4993
0.5179
0.4976
0.3780
0.3734
0.3751
0.3771
0.3827
0.3769
0.3757
0.3798
0.3789
0.3814
0.3921
0.3750
0.3779
0.3784
0.3806
0.3762
0.3745
0.3775
0.3748
0.3838
0.3831
0.3757
0.3834
0.3806
0.3782
0.3841
0.3820
0.3735
0.3808
0.3873
0.3765
0.3829
0.3756
0.5218
0.5005
0.5016
0.3907
0.5065
0.3765
0.3757
0.3767
0.3784
0.3783
0.5026
0.4964
0.5022
0.5043
0.5058
0.5078
0.3808
0.3746
0.4984
0.5113
0.4998
0.4997
0.3751
0.5103
0.5169
0.5061
0.3760
0.5116
0.5067
0.5070
0.5044
0.5172
0.4957
0.5156
0.5088
0.5140
0.5132
0.5084
0.5071
0.5102
0.5001
0.5049
0.5044
0.5192
0.5132
0.5099
0.5110
0.3754
0.3809
0.3785
0.3845
0.3799
0.3773
0.5177
0.3754
0.5046
0.5173
0.5013
0.5097
0.5030
0.5023
0.5098
0.3848
0.3773
0.4938
0.5159
0.4924
0.5070
0.5049
0.3781
0.3765
0.3740
0.5168
0.5223
0.5040
0.5115
0.3769
0.3747
0.5143
0.5148
0.5185
0.5072
0.5041
0.4996
0.5007
0.5018
0.5116
0.4924
0.3878
0.3756
0.3753
0.5010
0.3788
0.5021
0.3891
0.5193
0.3839
0.3960
0.3835
0.3765
0.5001
0.5085
0.5016
0.5011
0.4992
0.5114
0.3846
0.5014
0.3768
0.5143
0.5056
0.5050
0.5096
0.4994
0.4911
0.4960
0.5034
0.3898
0.3737
0.5030
0.3762
0.3830
0.4883
0.5059
0.5125
0.4984
0.5104
0.5026
0.5089
0.3765
0.3746
0.3797
0.3753
0.3752
0.3860
0.3812
0.3808
0.3862
0.3763
0.5163
0.3755
0.4947
0.3784
0.3783
0.3790
0.3743
0.3747
0.3804
0.3904
0.3839
0.3891
0.3746
0.3754
0.3782
0.3788
0.5604
0.3746
0.5133
0.5144
0.5094
0.3791
0.3795
0.3814
0.3785
0.3855
0.5021
0.5035
0.5033
0.3884
0.3845
0.3794
0.3826
0.3842
0.3858
0.5147
0.5305
0.5180
0.3800
0.3821
0.5003
0.5083
0.4979
0.3798
0.5151
0.3752
0.4846
0.4899
0.5100
0.5273
0.5182
0.5135
0.5112
0.5015
0.3776
0.3856
0.4946
0.3800
0.3892
0.3873
0.4958
0.5194
0.5075
0.4929
0.5195
0.4935
0.5171
0.3754
0.3802
0.3811
0.5186
0.3904
0.5117
0.5134
0.5099
0.5064
0.5105
0.5048
0.5079
0.5084
0.5038
0.3778
0.3774
0.3804
0.3955
0.4955
0.3933
0.3909
0.3810
0.3757
0.5067
0.3751
0.3778
0.5016
0.3814
0.5129
0.5018
0.4900
0.5176
0.5113
0.5044
0.5070
0.3767
0.3823
0.3782
0.3835
0.4944
0.3769
0.5087
0.5071
0.4970
0.5008
0.3836
0.5018
0.4972
0.3760
0.3854
0.3782
0.3891
0.3832
0.5036
0.3878
0.5041
0.3794
0.5070
0.5075
0.3748
0.4981
0.4979
0.5098
0.5079
0.5089
0.3761
0.5133
0.5023
0.3764
0.3831
0.4989
0.5035
0.3828
0.3777
0.3833
0.3749
0.3773
0.3855
0.3833
0.5073
0.5248
0.5055
0.5091
0.3757
0.3794
0.5049
0.5184
0.5102
0.5110
0.3762
0.3783
0.3846
0.4997
0.4060
0.5121
0.3777
0.3874
0.3963
0.3941
0.3761
0.3755
0.3764
0.3769
0.3844
0.3818
0.3755
0.3777
0.3887
0.3750
0.3752
0.3778
0.3753
0.3827
0.3793
0.3761
0.3770
0.3800
0.3776
0.3859
0.3746
0.3752
0.3781
0.3773
0.3847
0.3755
0.3783
0.3785
0.3910
0.3764
0.3820
0.3783
0.3853
0.3840
0.5321
0.5247
0.5088
0.5106
0.4968
0.5322
0.5176
0.3780
0.3777
0.3847
0.5066
0.5123
0.5243
0.3777
0.3856
0.5050
0.3801
0.3829
0.3744
0.5046
0.5114
0.3768
0.5074
0.3838
0.3795
0.5184
0.5157
0.5022
0.7560
0.5183
0.3772
0.3925
0.3844
0.4915
0.4935
0.5353
0.3767
0.4908
0.3811
0.3745
0.3754
0.3755
0.3831
0.3761
0.3752
0.3844
0.3835
0.3765
0.3794
0.3748
0.3749
0.3838
0.3777
0.3842
0.3816
0.3786
0.3793
0.3750
0.3822
0.3742
0.3745
0.3849
0.3915
0.3784
0.3760
0.3756
0.3729
0.3774
0.3851
0.3921
0.3780
0.3758
0.3880
0.3789
0.3797
0.3732
0.3805
0.3787
0.3773
0.3744
0.3757
0.3824
0.3785
0.3871
0.3806
0.3745
0.3779
0.3799
0.3873
0.3910
0.3816
0.3741
0.3748
0.3771
0.3791
0.3888
0.3748
0.3826
0.3813
0.3826
0.3798
0.3751
0.3756
0.3789
0.3892
0.3829
0.3757
0.3822
0.3784
0.3845
0.3760
0.3905
0.3755
0.5122
0.3773
0.3789
0.5115
0.3759
0.3792
0.3749
0.3768
0.3829
0.3770
0.3880
0.3839
0.3866
0.4966
0.5027
0.3919
0.3749
0.3752
0.3907
0.3873
0.3790
0.3784
0.3834
0.3834
0.5011
0.5048
0.3832
0.3805
0.3779
0.3749
0.5089
0.3749
0.3812
0.3739
0.3758
0.5004
0.3926
0.3810
0.3770
0.3888
0.5115
0.5097
0.5108
0.3756
0.3768
0.4963
0.5218
0.3862
0.5005
0.3767
0.5150
0.3836
0.5187
0.5127
0.3752
0.3818
0.3807
0.3769
0.5051
0.5065
0.5044
0.3873
0.5036
0.3818
0.3743
0.5171
0.3792
0.4971
0.5080
0.3762
0.3882
0.3841
0.3857
0.4986
0.3906
0.4999
0.5060
0.3811
0.3748
0.5155
0.5071
0.3775
0.3787
0.3825
0.4982
0.5121
0.3885
0.3793
0.4965
0.5025
0.3875
0.4998
0.3878
0.3751
0.3845
0.3750
0.5018
0.4963
0.3970
0.3947
0.3898
0.5034
0.5111
0.3902
0.3815
0.3924
0.4973
0.3843
0.3772
0.3779
0.3868
0.3842
0.3780
0.3770
0.3802
0.3863
0.3819
0.5158
0.3799
0.3796
0.3778
0.3771
0.3767
0.3780
0.3810
0.3787
0.3807
0.3786
0.3901
0.3814
0.3900
0.3952
0.3840
0.3798
0.3809
0.3789
0.5254
0.3807
0.3894
0.3854
0.3810
0.3792
0.3785
0.3920
0.3820
0.3923
0.3813
0.3788
0.3798
0.3813
0.3796
0.3864
0.3856
0.3935
0.3897
0.3766
0.3815
0.5188
0.3784
0.3813
0.5049
0.3897
0.3847
0.3765
0.5289
0.3886
0.3848
0.3846
0.3796
0.3844
0.3800
0.3859
0.3838
0.3769
0.3832
0.6598
0.3766
0.3893
0.3844
0.3803
0.3775
0.3815
0.3756
0.3757
0.3800
0.3771
0.3807
0.5037
0.3956
0.3823
0.5187
0.3904
0.3802
0.5040
0.3763
0.3770
0.5035
0.5233
0.3768
0.3770
0.5228
0.3790
0.3757
0.5144
0.5174
0.3768
0.5178
0.3758
0.3746
0.3754
0.5077
0.3766
0.5084
0.5056
0.4998
0.5061
0.5013
0.5075
0.3750
0.3757
0.4992
0.5148
0.3812
0.3779
0.3800
0.3855
0.3780
0.3748
0.3790
0.3766
0.3828
0.3751
0.3750
0.3753
0.3918
0.3767
0.3874
0.3755
0.3757
0.3793
0.3876
0.3844
0.3787
0.3742
0.5086
0.3855
0.3793
0.3756
0.5078
0.3787
0.3757
0.5036
0.3767
0.3774
0.3855
0.5173
0.3814
0.3756
0.3743
0.3777
0.3746
0.3974
0.3776
0.3744
0.3746
0.3773
0.3810
0.3934
0.3917
0.3764
0.3743
0.3755
0.3837
0.3801
0.3852
0.3754
0.3780
0.3750
0.3772
0.3860
0.3749
0.3763
0.3841
0.3851
0.3816
0.3759
0.3769
0.3805
0.3789
0.3823
0.3914
0.3762
0.3817
0.3783
0.3867
0.3771
0.3743
0.3728
0.3873
0.3830
0.3790
0.5051
0.3768
0.5048
0.4975
0.3758
0.5083
0.3861
0.5056
0.3894
0.3804
0.5022
0.4139
0.3810
0.3884
0.3759
0.3742
0.3825
0.3757
0.3860
0.3865
0.5043
0.3879
0.3774
0.3785
0.4966
0.3798
0.3892
0.3767
0.3873
0.3831
0.3791
0.3841
0.3860
0.3877
0.5187
0.3865
0.3772
0.3809
0.3750
0.3844
0.5136
0.3871
0.3781
0.3811
0.4870
0.5094
0.3820
0.3732
0.3804
0.5127
0.3757
0.3773
0.3857
0.3774
0.3756
0.3892
0.3901
0.4974
0.3810
0.3744
0.3750
0.3758
0.3830
0.3807
0.3833
0.3933
0.3762
0.5081
0.3744
0.3746
0.3812
0.3827
0.3848
0.3744
0.3752
0.3809
0.3769
0.3753
0.3766
0.3913
0.5035
0.3830
0.3876
0.3842
0.3766
0.3784
0.3751
0.3942
0.5103
0.3911
0.5039
0.3808
0.3751
0.3749
0.5000
0.5037
0.5081
0.3751
0.5121
0.4980
0.5918
0.3800
0.4923
0.5071
0.3850
0.5015
0.3837
0.4928
0.3821
0.4928
0.3782
0.5053
0.3786
0.3797
0.3774
0.3780
0.4968
0.4911
0.3799
0.5044
0.3788
0.4995
0.3750
0.3765
0.3816
0.3741
0.3744
0.3763
0.3804
0.3816
0.3820
0.4977
0.3752
0.5255
0.5085
0.5082
0.4946
0.3763
0.3882
0.3803
0.3909
0.3842
0.3811
0.3742
0.3751
0.5007
0.3794
0.4880
0.3840
0.3738
0.3814
0.3801
0.3938
0.3837
0.3815
0.3877
0.5091
0.3854
0.3729
0.3771
0.5258
0.3770
0.5085
0.4924
0.3856
0.3782
0.3799
0.3749
0.3865
0.3891
0.3850