0.8584
0.3775
0.3725
0.4913
0.3718
0.3722
0.3738
0.3728
0.3732
0.3725
0.4817
0.4849
0.3747
0.3721
0.3707
0.3815
0.3753
0.4943
0.4802
0.4921
0.4816
0.4774
0.3733
0.3718
0.4930
0.4783
0.3753
0.3742
0.4751
0.3748
0.3795
0.3763
0.3756
0.4894
0.4681
0.4799
0.3751
0.3744
0.3738
0.3733
0.3720
0.3749
0.3735
0.3741
0.3727
0.3729
0.3724
0.3732
0.3746
0.3765
0.3859
0.3834
0.3830
0.3724
0.3733
0.3835
0.3753
0.3763
0.3726
0.4935
0.5317
0.3766
0.3734
0.3725
0.4909
0.4893
0.3744
0.4937
0.5004
0.3771
0.3768
0.3737
0.3746
0.3730
0.4943
0.4783
0.3740
0.3780
0.3752
0.3765
0.4741
0.3759
0.3709
0.5013
0.3765
0.3745
0.4906
0.5202
0.3801
0.3754
0.4915
0.5012
0.3744
0.4950
0.4666
0.3741
0.4945
0.3757
0.4887
0.3740
0.3739
0.4861
0.3728
0.3760
0.4808
0.3765
0.3755
0.4977
0.3730
0.3735
0.3753
0.3746
0.3727
0.4762
0.3764
0.5060
0.5150
0.3937
0.3907
0.5060
0.5313
0.3887
0.3828
0.3845
0.3973
0.4840
0.3740
0.3750
0.3747
0.3746
0.3738
0.3733
0.3793
0.3758
0.3834
0.3777
0.3871
0.3893
0.3819
0.3752
0.3742
0.3726
0.3739
0.5014
0.5428
0.5499
0.5448
0.5321
0.5048
0.4677
0.4918
0.3736
0.4641
0.4655
0.3729
0.4876
0.3748
0.4735
0.3778
0.4929
0.3758
0.4775
0.3747
0.5346
0.4054
0.5269
0.3927
0.4988
0.4966
0.3753
0.4957
0.3770
0.4896
0.5142
0.5145
0.7470
0.5309
0.4044
0.5110
0.5329
0.5181
0.5078
0.3886
0.3893
0.3750
0.3762
0.4972
0.3861
0.5345
0.5157
0.3761
0.3800
0.5104
0.3820
0.4999
0.3870
0.4864
0.3863
0.3855
0.5011
0.3763
0.5042
0.5069
0.3761
0.5019
0.3767
0.3762
0.3919
0.3796
0.3829
0.3749
0.5145
0.5212
0.3882
0.3885
0.3759
0.3811
0.3894
0.3920
0.3769
0.3831
0.3737
0.3755
0.3748
0.3770
0.3732
0.3816
0.3737
0.3835
0.3811
0.3738
0.3742
0.3796
0.3769
0.3757
0.3743
0.3802
0.5002
0.3772
0.5070
0.3817
0.3865
0.4998
0.5022
0.5048
0.3863
0.3774
0.3757
0.3794
0.3819
0.3837
0.3737
0.3822
0.3874
0.3881
0.3845
0.3821
0.3773
0.3754
0.3889
0.3819
0.3874
0.3843
0.3747
0.3745
0.3836
0.3719
0.3776
0.3751
0.3746
0.3778
0.3848
0.3864
0.3816
0.3744
0.3771
0.3774
0.3849
0.4026
0.3815
0.3759
0.3825
0.3809
0.3795
0.3759
0.3867
0.3741
0.3745
0.3867
0.3866
0.3816
0.3732
0.3742
0.3811
0.3762
0.3849
0.3748
0.3772
0.3816
0.3763
0.3844
0.3746
0.3750
0.3775
0.3769
0.3750
0.3747
0.3843
0.3855
0.3899
0.3822
0.3748
0.3796
0.3777
0.3907
0.3758
0.3756
0.3733
0.3759
0.3888
0.3762
0.3798
0.3762
0.3741
0.3853
0.3835
0.3786
0.3750
0.3824
0.3747
0.3803
0.3837
0.3763
0.3819
0.3799
0.3806
0.3767
0.4963
0.3756
0.3789
0.3858
0.3794
0.3902
0.3838
0.3759
0.5616
0.4056
0.3922
0.3753
0.3773
0.3780
0.5147
0.5072
0.3782
0.3784
0.3835
0.3884
0.5080
0.3996
0.3855
0.3787
0.3771
0.3752
0.3868
0.3762
0.5180
0.3903
0.3943
0.3787
0.3819
0.3758
0.3770
0.3845
0.5045
0.3814
0.3790
0.3796
0.5093
0.3770
0.3811
0.3750
0.3819
0.3747
0.3749
0.3839
0.3833
0.3837
0.3791
0.3781
0.3766
0.3744
0.3754
0.3751
0.3756
0.3886
0.3805
0.5129
0.3792
0.3795
0.3925
0.3942
0.3846
0.3765
0.3762
0.3789
0.3885
0.3813
0.3724
0.3761
0.5071
0.3807
0.3856
0.3813
0.3828
0.5056
0.3753
0.3750
0.3842
0.4900
0.3799
0.4953
0.3761
0.3747
0.3742
0.3757
0.3807
0.3772
0.3772
0.3854
0.3755
0.3865
0.3750
0.3806
0.3750
0.3883
0.3821
0.3748
0.3794
0.3857
0.3847
0.3779
0.3779
0.3758
0.3888
0.3845
0.5045
0.3828
0.3890
0.8515
0.3753
0.5119
0.3821
0.3857
0.3782
0.3780
0.3763
0.3761
0.3891
0.3817
0.3858
0.3802
0.3779
0.5159
0.3810
0.5095
0.3944
0.3800
0.3864
0.4922
0.3766
0.3821
0.3760
0.5041
0.3806
0.3842
0.3793
0.3835
0.3798
0.3808
0.5064
0.3755
0.3764
0.3800
0.3863
0.3781
0.3759
0.4892
0.3977
0.4995
0.3835
0.3872
0.3889
0.5006
0.3828
0.3739
0.3753
0.3765
0.4961
0.3851
0.3786
0.3838
0.5092
0.3755
0.3769
0.3894
0.3797
0.3769
0.3758
0.3814
0.3758
0.3772
0.3865
0.3872
0.3742
0.3737
0.3748
0.5047
0.3899
0.3858
0.3767
0.5109
0.3835
0.3765
0.3786
0.3877
0.5158
0.3913
0.5113
0.3838
0.3824
0.3864
0.3756
0.3766
0.3908
0.3819
0.3819
0.3751
0.3739
0.5093
0.3767
0.3800
0.3828
0.3868
0.5019
0.3810
0.3747
0.3755
0.3825
0.3848
0.3761
0.3752
0.5102
0.3846
0.3830
0.3778
0.3907
0.3766
0.3744
0.3753
0.4979
0.3853
0.3730
0.3749
0.3792
0.5084
0.3844
0.3821
0.3805
0.3771
0.3911
0.3761
0.3784
0.3777
0.3843
0.3805
0.5165
0.3839
0.3848
0.5086
0.3757
0.3845
0.5011
0.3879
0.3786
0.3799
0.3825
0.3744
0.3848
0.3751
0.3867
0.3879
0.5070
0.5006
0.3786
0.3785
0.3749
0.3735
0.5231
0.5046
0.3753
0.5083
0.3753
0.3840
0.4971
0.5123
0.3923
0.3745
0.3856
0.3749
0.3826
0.5034
0.3901
0.5032
0.5026
0.3774
0.3748
0.5038
0.3951
0.3773
0.3759
0.3867
0.3800
0.3788
0.5016
0.3812
0.3757
0.5176
0.3750
0.3822
0.3823
0.3756
0.3787
0.3808
0.3773
0.3763
0.3789
0.3866
0.4991
0.5047
0.5063
0.3894
0.4972
0.3767
0.5138
0.3761
0.3817
0.3786
0.3893
0.3752
0.3745
0.5040
0.3764
0.5067
0.3768
0.5186
0.4936
0.3855
0.3868
0.4939
0.3875
0.3859
0.3801
0.4922
0.3823
0.4958
0.3851
0.5103
0.5141
0.3827
0.4947
0.3807
0.4878
0.3866
0.4884
0.7688
0.5085
0.3748
0.3762
0.3775
0.3769
0.3742
0.3783
0.3824
0.3764
0.5000
0.3891
0.3738
0.3740
0.3750
0.3765
0.3830
0.5121
0.3744
0.3808
0.3834
0.3752
0.5161
0.3772
0.3858
0.3827
0.3748
0.3755
0.3832
0.3777
0.3813
0.3728
0.3788
0.3849
0.3762
0.3802
0.3774
0.3832
0.3856
0.3889
0.3813
0.3810
0.3768
0.3820
0.3750
0.3828
0.3866
0.3779
0.3749
0.3799
0.5102
0.5053
0.3767
0.5056
0.3839
0.3783
0.3924
0.3766
0.3789
0.3829
0.3829
0.3845
0.3852
0.3745
0.3749
0.3875
0.3899
0.3866
0.3784
0.5026
0.3784
0.3832
0.3860
0.3758
0.5062
0.3793
0.3817
0.3760
0.3839
0.3759
0.3751
0.3822
0.5104
0.3784
0.5066
0.3751
0.3751
0.3820
0.3878
0.3806
0.3732
0.3746
0.3880
0.4986
0.3887
0.3751
0.3904
0.3730
0.3751
0.3773
0.3893
0.3765
0.3741
0.3759
0.3850
0.3880
0.3740
0.3741
0.3734
0.3809
0.3784
0.3799
0.3740
0.3878
0.5023
0.3823
0.3821
0.5101
0.5237
0.3880
0.3777
0.3754
0.3844
0.5047
0.3767
0.5121
0.3755
0.3798
0.4977
0.3811
0.3817
0.3812
0.3797
0.3810
0.3791
0.4004
0.3800
0.3791
0.3823
0.5172
0.3855
0.3934
0.3850
0.3804
0.3862
0.3935
0.3935
0.3889
0.5114
0.3934
0.3817
0.3847
0.3786
0.5136
0.5084
0.5176
0.3974
0.5084
0.3824
0.3790
0.3803
0.5242
0.3784
0.3777
0.5202
0.3785
0.5137
0.4970
0.3853
0.3885
0.3799
0.5167
0.3777
0.5140
0.5241
0.3839
0.3808
0.3887
0.4920
0.3937
0.3895
0.3803
0.3824
0.3800
0.3887
0.3846
0.3795
0.3869
0.3786
0.3846
0.3818
0.5099
0.3844
0.3848
0.3836
0.3855
0.3767
0.3866
0.3841
0.5211
0.3896
0.3800
0.4045
0.3861
0.5040
0.3926
0.5129
0.3813
0.3803
0.3758
0.5016
0.5067
0.5054
0.4010
0.5104
0.3841
0.3900
0.3829
0.3887
0.3828
0.3859
0.3886
0.3890
0.3823
0.3796
0.5095
0.5532
0.3930
0.3892
0.3829
0.5233
0.3967
0.3834
0.5223
0.3822
0.3843
0.3840
0.3794
0.3776
0.5195
0.3809
0.3796
0.3814
0.3831
0.3866
0.5024
0.3841
0.5003
0.5052
0.3806
0.3764
0.5066
0.3858
0.3787
0.3861
0.3844
0.3797
0.5013
0.5079
0.3763
0.5116
0.3848
0.5048
0.3780
0.3789
0.3829
0.3786
0.3810
0.3789
0.3795
0.3829
0.3791
0.3866
0.5027
0.3806
0.3811
0.3823
0.3878
0.3936
0.5073
0.3817
0.3797
0.3931
0.3815
0.3786
0.5319
0.3799
0.3807
0.3922
0.3843
0.3821
0.3890
0.3909
0.3834
0.3775
0.3867
0.5078
0.3802
0.3805
0.3870
0.3794
0.5096
0.4967
0.4002
0.5106
0.3900
0.3798
0.3809
0.3799
0.3811
0.3858
0.3793
0.4983
0.3985
0.3802
0.3846
0.3786
0.5128
0.5265
0.5009
0.3823
0.5083
0.3793
0.4958
0.3944
0.5164