1.0299
1.0052
0.8074
0.8032
0.8040
0.8030
0.8045
0.8057
0.8039
0.8032
0.8036
0.8111
0.8040
0.8041
0.8013
0.8026
0.8047
0.8049
0.8021
0.8060
0.8082
0.8052
0.8047
0.8056
0.8041
0.8045
0.8016
0.8027
0.8028
0.8065
0.8100
0.8032
0.8037
1.0034
1.0076
1.0097
1.0086
1.1377
1.0010
1.0057
0.9904
0.9962
0.8036
0.8027
0.8051
0.8065
0.8030
0.8020
0.8027
0.8024
0.8019
0.8035
0.8059
0.8073
0.8031
0.8047
0.8059
0.8038
0.8021
0.8013
0.8033
0.8027
0.8021
0.8025
0.8023
0.8039
0.8051
0.8005
0.8083
0.8030
0.8027
0.8023
0.8029
1.0224
0.8067
0.8040
0.8053
0.8057
0.8030
0.9981
0.8051
1.0124
1.0072
0.8048
0.8012
0.8038
0.8051
0.8035
0.8034
0.8022
0.8058
0.8075
0.8066
0.8040
0.8046
0.8047
0.8035
0.8027
0.9975
1.0066
1.0107
0.8045
0.8025
0.8053
1.0071
0.8017
0.8043
0.8035
0.8014
1.0044
1.0073
0.8069
0.8029
0.8013
0.8016
0.8054
0.8059
0.8058
0.8036
0.9980
1.0057
1.0138
1.0141
1.0076
1.0125
1.0121
1.0076
0.8110
0.8042
1.0182
0.8051
0.8049
0.8031
0.8022
0.8074
1.0199
1.0115
1.0197
1.0107
1.0077
1.0108
1.0177
1.0082
1.0211
0.8103
0.8031
1.0141
0.9998
1.0196
0.8041
1.0197
1.0210
1.0186
1.0177
0.8014
0.8098
0.8026
1.0088
0.9980
1.0056
1.0078
0.8072
1.0153
0.8047
0.8048
1.0072
1.0096
1.0072
1.0025
1.0151
1.0145
1.0118
1.0095
1.0152
0.9993
1.0217
1.0036
1.0171
0.8047
0.8100
0.8037
0.8059
1.0100
1.0085
1.0128
1.0097
0.8088
1.0206
1.0067
1.0114
0.8062
1.0064
1.0077
1.0092
1.0093
1.0104
1.0124
1.0223
1.0088
1.0173
1.0047
1.0146
1.0026
1.0150
1.0019
1.0034
1.0113
1.0077
1.0089
1.0085
1.0082
1.0089
1.0095
1.0081
1.0186
1.0064
1.0153
1.0088
1.0220
1.0186
1.0050
1.0182
1.0136
1.0143
1.0140
1.0145
1.0051
1.0178
1.0048
1.0111
1.0094
1.0083
1.0034
1.0107
1.0110
1.0082
1.0094
1.0103
1.0092
1.0085
1.0092
1.0087
1.0076
1.0197
1.0034
1.0048
1.0079
1.0202
1.0104
1.0179
1.0092
1.1134
1.0054
1.0016
1.0041
1.0121
1.0112
1.0079
1.0091
1.0094
1.0069
1.0086
1.0104
1.0095
1.0108
1.0085
1.0092
1.0103
1.0072
1.0097
1.0088
1.0095
1.0058
1.0130
1.0120
1.0082
1.0079
1.0102
1.0068
1.0077
1.0076
1.0152
1.0054
1.0054
1.0110
1.0115
1.0091
1.0154
1.0104
1.0055
1.0095
1.0091
1.0107
1.0069
1.0127
1.0116
1.0116
1.0076
1.0121
1.0114
1.0111
1.0148
1.0115
1.0180
1.0098
1.0084
0.8076
1.0103
1.0108
1.0067
1.0081
1.0067
0.8087
1.0141
1.0044
1.0055
1.0108
1.0096
1.0099
1.0073
1.0082
1.0043
0.8073
0.8044
0.8027
0.8043
1.0082
1.0157
0.8142
0.8047
0.8036
0.8093
0.8031
0.8027
1.0074
1.0081
1.0767
0.8136
1.0033
0.8048
1.0065
0.8030
1.0100
0.8040
0.8036
1.0112
0.8060
0.8038
1.0027
0.8058
0.8024
0.8057
0.8108
1.0173
1.0103
0.8067
1.0090
1.0036
1.0166
0.8057
0.8028
1.0135
0.8080
0.8063
1.0060
1.0070
1.0104
0.8066
1.0068
0.8051
0.8019
0.8036
0.8021
0.8030
0.8055
0.8055
0.8015
0.8022
0.9975
1.0068
1.0122
1.0092
0.8049
0.8026
0.8040
1.0027
1.0081
1.0057
0.8064
0.8024
0.8051
0.8058
0.8017
0.8097
0.8036
0.8021
0.8083
0.8046
0.8065
0.8033
0.8050
0.8030
0.8028
0.8020
0.8034
0.8034
0.8017
0.8119
0.8036
0.8038
0.8057
0.8033
0.8043
0.8088
0.8032
0.8066
0.8046
0.8036
0.8031
0.8112
0.8038
0.8041
0.8053
0.8054
0.9250
0.8036
0.8030
0.8033
0.8030
1.0076
0.8039
0.8038
0.8032
0.8036
0.8036
1.0046
1.0083
0.8049
1.0063
0.8045
1.0077
0.8047
1.0114
1.0083
1.0094
0.8049
1.0090
0.8040
1.0049
1.0104
1.0080
1.0071
0.8056
0.8032
0.8015
1.0041
0.8062
1.0081
0.8049
0.8045
1.0032
1.0115
1.0115
1.0061
1.0140
0.8064
1.0081
0.8090
0.8047
0.8046
0.8039
0.8028
0.8027
0.8083
1.0095
1.0099
1.0193
0.8054
0.8035
1.0053
0.8062
0.8034
1.0071
0.8053
1.0079
0.8043
1.0048
0.8078
1.0176
0.8052
0.9973
0.8031
0.8027
1.0037
0.8039
0.8036
0.8045
1.0011
1.0122
0.8067
1.0091
1.0069
0.8074
1.0077
0.8046
0.8042
1.0061
0.8066
0.8052
0.8038
0.8036
0.8048
0.8113
0.8051
1.0031
0.8031
0.8041
1.0073
0.8066
0.8057
0.8042
0.8039
0.8091
0.8059
0.8036
1.0078
1.0088
0.8048
1.0061
1.0089
0.8046
1.0049
1.0114
1.0089
0.7854
0.9879
0.9956
0.7851
0.9868
0.9927
0.7851
0.7849
0.7852
0.9896
0.7846
0.7850
0.9954
0.9975
0.7864
0.7843
0.9962
1.0006
0.7850
0.9871
0.9952
0.7849
0.7844
0.9889
0.7852
0.9940
0.9968
0.9940
0.7851
0.9949
0.9867
0.9895
0.7848
0.7855
1.0000
0.9953
0.9900
0.9958
0.9889
0.9968
0.9874
1.0038
0.9893
0.7864
1.0052
0.7853
0.7850
0.7837
0.9904
0.7850
0.7840
0.7830
0.7834
0.9897
0.7884
0.7847
0.9952
0.7850
0.9911
0.9901
0.7847
1.0205
0.9884
0.9975
0.7863
0.7840
0.9950
0.7856
0.9898
0.7843
0.7854
0.9862
0.7827
0.7850
0.7839
0.7828
0.9890
0.7865
0.9871
0.7858
0.7860
0.7850
0.9961
0.9963
0.7854
0.9912
0.7859
0.7862
0.7855
0.9892
0.9888
0.7845
0.9917
0.7872
0.7866
0.7866
0.9878
0.7848
0.7845
0.9256
0.9892
0.7843
0.9919
0.9974
0.9874
0.9965
0.7839
0.9891
0.9886
0.7869
0.9970
0.7849
0.9868
0.9929
0.9891
0.7840
0.7827
0.7837
0.9991
0.7859
0.9873
0.7860
0.7847
0.7848
0.7832
0.7847
0.7832
0.9956
0.7837
0.7851
0.7860
0.7853
0.7845
0.9862
0.9928
0.7857
0.7837
0.9870
0.9882
0.9770
0.9864
0.7826
0.7838
0.9881
0.9907
0.9889
0.7853
0.7844
0.7846
0.9909
0.7846
0.9871
0.7859
0.7840
0.9890
0.9921
0.9886
0.7849
0.7828
0.7848
0.7831
0.9945
0.7855
0.7843
0.7834
0.7850
0.9886
0.9922
0.7842
0.7846
0.7851
0.9891
0.7851
0.7846
0.7850
0.7841
0.9866
0.9889
0.7845
0.9928
0.9885
0.9877
0.7851
0.9888
0.9882
0.9913
0.9920
0.7854
0.9870
0.9873
0.7854
0.9870
0.7836
0.9886
0.9880
0.7857
0.7846
0.9979
0.9935
0.7856
0.9889
0.7863
1.0142
0.7865
0.9913
0.7853
0.9999
0.7860
0.9896
0.7852
0.7845
0.7852
0.7836
0.7849
0.7851
0.7863
0.7870
0.7846
0.7852
0.7848
0.7836
0.7862
0.7859
0.7851
0.7859
0.7856
0.7854
0.7856
0.7845
0.7872
0.7845
0.7849
0.7850
0.7832
0.7848
0.7864
0.7863
0.7857
0.7852
0.7874
0.7852
0.7842
0.7855
0.7861
0.7850
0.7853
0.7846
0.7845
0.7858
0.7855
0.7856
0.7858
0.7850
0.7856
0.7862
0.7865
0.7857
0.7857
0.7865
0.7864
0.7842
0.7847
0.7856
0.7848
0.7845
0.7858
0.7841
1.0017
0.8064
0.8058
0.8052
0.8046
0.8040
0.8081
0.8088
0.8109
0.8058
0.8034
0.8030
0.8053
0.8032
0.8052
0.8052
0.8048
0.8050
0.8043
0.8047
0.8034
0.8042
0.9988
0.8075
0.8056
0.8037
0.8057
1.0133
0.8078
0.8061
0.8044
1.0336
0.8074
0.8061
0.8050
0.8083
0.8056
0.8110
0.8060
0.8075
0.8045
1.0171
0.8090
1.0031
0.8075
1.0054
0.8072
0.8074
0.8062
0.8119
1.0090
0.8105
0.8057
0.8074
1.0151
0.9046
0.8046
0.8035
1.0054
0.8048
1.0085
0.8055
1.0181
0.8068
0.8064
1.0110
0.8074
0.8034
0.8054
1.0068
1.0120
0.8046
0.8035
0.8046
0.8041
0.8051
0.8080
0.8120
0.8072
0.8064
0.8110
0.8050
0.8078
0.8050
0.8114
0.8053
0.8057
0.8063
0.8050
0.8118
0.8067
0.8040
0.8080
0.8048
0.8126
1.0168
0.8076
0.8063
0.8037
0.8058
0.8055
0.8070
0.8128
0.8070
0.8055
0.8104
0.8049
0.8056
0.8044
1.0063
0.8049
0.8049
0.8038
0.8021
0.8042
0.8037
0.8055
0.8045
0.8053
0.8057
0.8061
0.8060
0.8132
0.8045
1.0065
0.8082
0.8070
0.8046
0.8061
1.0175
0.8036
0.8031
0.8038
1.0135
1.0198
0.8065
0.8046
0.8038
0.8044
0.8071
1.0025
0.8071
0.8088
0.8057
0.8049
0.8021
0.8053
0.8054
0.8116
0.8064
0.8045
0.8038
0.8129
0.8091
0.8135
0.8082
0.8134
0.8050
0.8037
0.8124
0.8065
0.8056
0.8111
0.8038
0.8052
0.8106
0.8049
0.8032
0.8051
0.8077
0.8042
0.8106
0.8069
0.8050
0.8032
0.8125
0.8065
0.8053
0.8047
0.8096
0.8033
0.8059
0.8060
0.8052
1.0168
0.8051
0.8027
0.8054
0.8060
0.8121
0.8038
0.8074
0.8054
0.8034
0.8041
0.8060
0.8104
0.8017
0.8005