0.8462
0.6652
0.6599
0.6593
0.6602
0.8451
0.6633
0.6592
0.6592
0.6616
0.6590
0.6608
0.6580
0.6594
0.6605
0.6593
0.6607
0.6616
0.6586
0.6622
0.6590
0.6605
0.8563
0.6613
0.6620
0.6582
0.6583
0.6582
0.8415
0.8352
0.8464
0.8431
0.8472
0.8436
0.8528
0.6604
0.6606
0.8400
0.8498
0.8421
0.8435
0.8493
0.6635
0.6604
0.6609
0.6611
0.6581
0.6614
0.6582
0.6599
0.6610
0.6585
0.6613
0.6589
0.6597
0.6604
0.6586
0.6619
0.6601
0.6594
0.6609
0.6579
0.6591
0.6580
0.6584
0.6600
0.6576
0.6595
0.6579
0.8494
0.6598
0.8428
0.8420
0.6614
0.6608
0.8422
0.6628
0.6588
0.6594
0.6576
0.6587
0.7760
0.8432
0.8419
0.8411
0.8424
0.8410
0.8426
0.8437
0.6607
0.6606
0.6601
0.6584
0.6600
0.6581
0.8460
0.8417
0.6602
0.6584
0.8460
0.8380
0.8422
0.8450
0.6614
0.6583
0.6592
0.6614
0.6608
0.6638
0.6639
0.6622
0.6642
0.6620
0.6614
0.6632
0.6588
0.6605
0.6591
0.6589
0.6628
0.6609
0.6599
0.6612
0.6584
0.6598
0.6595
0.6608
0.6608
0.6602
0.6609
0.6584
0.6593
0.6609
0.6584
0.6587
0.6580
0.6590
0.6610
0.6586
0.6587
0.6585
0.6595
0.6597
0.6589
0.6601
0.6597
0.6588
0.6602
0.6580
0.6590
0.6578
0.6583
0.6597
0.6587
0.6598
0.6572
0.6589
0.6579
0.6591
0.6619
0.6584
0.6593
0.8473
0.8425
0.8389
0.8428
0.8403
0.8442
0.8380
0.8345
0.8404
0.8411
0.8421
0.8393
0.8383
0.8386
0.8396
0.8463
0.8398
0.8477
0.8439
0.8387
0.8478
0.8395
0.6608
0.8338
0.8417
0.8374
0.8341
0.8431
0.8389
0.8416
0.8413
0.8455
0.8466
0.8404
0.8449
0.8376
0.8399
0.8387
0.6600
0.8401
0.8364
0.8403
0.6598
0.6588
0.8383
0.6613
0.8462
0.8417
0.8377
0.8392
0.8412
0.8436
0.8438
0.8347
0.8455
0.8411
0.8439
0.8431
0.8477
0.8437
0.8410
0.8462
0.8372
0.8418
0.8430
0.8473
0.8427
0.8421
0.8428
0.8390
0.8447
0.8411
0.6621
0.8408
0.8452
0.8388
0.6616
0.8398
0.8491
0.8417
0.8356
0.8472
0.6615
0.8437
0.8411
0.8412
0.8435
0.6620
0.8398
0.6614
0.8404
0.8463
0.6598
0.8451
0.6610
0.8475
0.8396
0.8435
0.6593
0.6599
0.6581
0.8450
0.6624
0.8422
0.6634
0.8396
0.6635
0.6598
0.6622
0.8386
0.8447
0.8379
0.8486
0.6591
0.8425
0.6593
0.8484
0.6592
0.8419
0.7793
0.8398
0.8421
0.8443
0.6590
0.8415
0.6581
0.8430
0.6584
0.8398
0.6585
0.6606
0.8448
0.8423
0.6605
0.8456
0.6628
0.8421
0.6635
0.8419
0.8459
0.6583
0.8449
0.8452
0.8433
0.6587
0.8426
0.8426
0.8419
0.8426
0.6594
0.8413
0.6590
0.8537
0.6603
0.8407
0.8421
0.8369
0.8394
0.8394
0.6671
0.8333
0.6620
0.8440
0.6635
0.6641
0.8499
0.6642
0.8420
0.8360
0.6636
0.8474
0.8407
0.6627
0.6639
0.6629
0.6595
0.6579
0.8346
0.6602
0.8323
0.8362
0.6619
0.8357
0.8382
0.8308
0.6608
0.8361
0.8329
0.6603
0.6622
0.8350
0.6620
0.8288
0.6607
0.6616
0.6620
0.8315
0.6634
0.8327
0.6620
0.8294
0.6629
0.8346
0.6620
0.6597
0.6588
0.6582
0.6584
0.8287
0.8332
0.6623
0.8326
0.6630
0.8326
0.6632
0.8368
0.6627
0.8320
0.8338
0.6619
0.8310
0.6621
0.8301
0.6610
0.8279
0.6592
0.8274
0.8286
0.6601
0.8303
0.6625
0.8504
0.6614
0.8304
0.6611
0.6602
0.6602
0.8368
0.8353
0.6608
0.8375
0.6597
0.8410
0.6606
0.6583
0.6583
0.8277
0.6588
0.6584
0.8276
0.6590
0.6593
0.8269
0.6585
0.6596
0.8335
0.9074
0.6713
0.8282
0.6602
0.6614
0.6585
0.6597
0.6620
0.6591
0.6578
0.6590
0.8290
0.6605
0.6577
0.6576
0.6603
0.8320
0.6593
0.6583
0.6604
0.8290
0.6603
0.6598
0.6611
0.8285
0.6601
0.6609
0.8284
0.6604
0.8414
0.8315
0.6597
0.6584
0.8471
0.6744
0.6606
0.8344
0.6612
0.8398
0.6644
0.6632
0.6632
0.6610
0.6597
0.8281
0.6588
0.6588
0.6580
0.6582
0.8272
0.6588
0.6585
0.8265
0.6595
0.6600
0.8338
0.6592
0.6593
0.8362
0.6597
0.6583
0.6580
0.8321
0.6599
0.8305
0.6591
0.9798
0.8281
0.6603
0.6587
0.6575
0.8292
0.6594
0.6573
0.8265
0.6587
0.6575
0.8281
0.6592
0.6606
0.8298
0.6598
0.6589
0.6581
0.8271
0.6587
0.8274
0.8266
0.6585
0.8282
0.8281
0.6622
0.6644
0.6636
0.6621
0.6634
0.6619
0.6636
0.6639
0.6620
0.6601
0.6604
0.6591
0.6585
0.6580
0.6600
0.6588
0.6592
0.6609
0.6610
0.6619
0.6636
0.6634
0.6641
0.8649
0.8538
0.6610
0.8407
0.6606
0.8365
0.6624
0.6582
0.6586
0.8319
0.6605
0.6594
0.8320
0.6621
0.8286
0.6609
0.6598
0.8486
0.6623
0.8324
0.6624
0.8323
0.6632
0.8304
0.8361
0.6610
0.6586
0.8375
0.8395
0.6626
0.6628
0.8298
0.6593
0.6593
0.6616
0.6625
0.6615
0.8291
0.6601
0.6580
0.6588
0.6597
0.8284
0.6606
0.6591
0.6590
0.8319
0.6619
0.6593
0.6593
0.6604
0.6617
0.6609
0.6604
0.6617
0.6611
0.6611
0.6592
0.6613
0.6600
0.6591
0.6585
0.6578
0.6630
0.6600
0.6627
0.6589
0.6618
0.6590
0.6580
0.6577
0.6573
0.6573
0.6579
0.6572
0.6575
0.6574
0.6577
0.6588
0.6579
0.6575
0.6576
0.6588
0.6639
0.6626
0.6582
0.6578
0.6577
0.6572
0.6592
0.6587
0.6582
0.6582
0.6588
0.6584
0.6587
0.6589
0.6585
0.6593
0.6583
0.6580
0.6583
0.6583
0.6585
0.8415
0.8283
0.8317
0.6593
0.8300
0.6594
0.8315
0.8370
0.8468
0.8322
0.6592
0.6585
0.8337
0.8345
0.8509
0.6613
0.6587
0.6583
0.8326
0.6603
0.6578
0.6596
0.6593
0.6590
0.6580
0.8318
0.6590
0.6583
0.6586
0.6584
0.6574
0.6575
0.6572
0.6573
0.6581
0.6584
0.6592
0.8327
0.6592
0.8343
0.8331
0.6593
0.8346
0.6589
0.6589
0.6595
0.6590
0.6588
0.6596
0.6591
0.8356
0.6593
0.8346
0.6591
0.6602
0.8262
0.6591
0.6588
0.6582
0.6588
0.6585
0.8286
0.8267
0.6594
0.8266
0.6589
0.6578
0.6579
0.6580
0.6580
0.6575
0.6580
0.6590
0.8333
0.9482
0.6591
0.8257
0.6597
0.6580
0.6574
0.6573
0.6571
0.6569
0.6574
0.6576
0.6574
0.8344
0.6579
0.6591
0.8267
0.6575
0.6579
0.8282
0.6594
0.6576
0.6577
0.8281
0.8323
0.6582
0.6579
0.8283
0.8263
0.6590
0.6578
0.8250
0.6583
0.6590
0.8265
0.6587
0.6580
0.6573
0.6583
0.8329
0.6585
0.8339
0.6597
0.6590
0.8331
0.8322
0.8346
0.8354
0.8332
0.8272
0.8316
0.6589
0.8467
0.8247
0.8277
0.8267
0.8277
0.6590
0.8266
0.8287
0.8327
0.8338
0.8247
0.6585
0.6585
0.8260
0.8333
0.8262
0.8339
0.6601
0.8274
0.8349
0.6609
0.8278
0.6582
0.6581
0.6581
0.6576
0.6579
0.8324
0.6586
0.6583
0.6577
0.6582
0.8304
0.8316
0.6616
0.6586
0.6581
0.8261
0.6585
0.8249
0.8286
0.6592
0.6586
0.8262
0.8332
0.6596
0.8303
0.6604
0.6596
0.6588
0.8253
0.8296
0.6638
0.6631
0.8269
0.6584
0.6588
0.6584
0.6583
0.6599
0.6588
0.6580
0.6603
0.6585
0.8317
0.6587
0.6588
0.8278
0.8297
0.6597
0.6583
0.8341
0.8265
0.6594
0.6593
0.8342
0.6602
0.6582
0.8303
0.8325
0.6593
0.6581
0.8333
0.8319
0.6592
0.8265
0.8313
0.6598
0.6587
0.6594
0.6596
0.6595
0.6590
0.6583
0.6585
0.6579
0.6585
0.6584
0.6583
0.6585
0.6584
0.6582
0.6580
0.8345
0.6607
0.6587
0.6581
0.6590
0.6596
0.6583
0.6588
0.6587
0.6583
0.6582
0.6584
0.6592
0.6587
0.6582
0.6588
0.6599
0.6591
0.6586
0.6581
0.8258
0.6591
0.6588
0.6581
0.8229
0.6593
0.6586
0.6584
0.6583
0.6580
0.6588
0.6594
0.8250
0.6595
0.6582
0.6582
0.6582
0.8241
0.8239
0.6594
0.8309
0.6599
0.6591
0.8244
0.6604
0.6595
0.6585
0.6582
0.6577
0.6581
0.6584
0.6580
0.8232
0.6601
0.6588
0.6588
0.6587
0.6593
0.6586
0.6599
0.6599
0.6588
0.6586
0.6579
0.6583
0.6584
0.6576
0.6581
0.6577
0.8237
0.6594
0.7656
0.6584
0.6583
0.6585
0.6579
0.8243
0.8249
0.6575
0.6576
0.6573
0.6575
0.6569
0.6573
0.6578
0.6581
0.8273
0.8246
0.6600
0.6594
0.8234
0.6595
0.6589
0.6587
0.6594
0.8263
0.6597
0.6592
0.8250
0.6592
0.6591
0.6600
0.6588
0.6604
0.6587
0.6584
0.6588
0.6588
0.6581
0.6585
0.8238
0.6593
0.6593
0.6588
0.6580
0.6579
0.6575
0.6578
0.6599
0.6583
0.6575
0.6580
0.6579
0.6594
0.6598
0.6591
0.6582
0.6584
0.6592
0.6587
0.6589
0.6585
0.6582
0.6603
0.6583
0.6583