1.2072
0.6622
0.6575
0.6591
0.6616
0.6596
0.6590
0.6590
0.8280
0.6599
0.6614
0.8345
0.6607
0.8364
0.6612
0.8379
0.6607
0.8462
0.8707
0.8509
0.8529
0.8495
0.8364
0.8334
0.6597
0.6594
0.6587
0.6623
0.6606
0.6591
0.6579
0.6603
0.6607
0.6587
0.6590
0.6591
0.6587
0.6602
0.6585
0.6592
0.6593
0.6604
0.6615
0.6592
0.6598
0.6587
0.8425
0.8324
0.6591
0.8325
0.6611
0.8326
0.8415
0.8376
0.8332
0.8405
0.8351
0.6648
0.8414
0.8416
0.8411
0.8373
0.8383
0.8366
0.8468
0.8388
0.8391
0.8413
0.8349
0.8420
0.8366
0.6598
0.6586
0.8458
0.6599
0.6607
0.6580
0.6585
0.6606
0.6574
0.6606
0.6597
0.6597
0.6613
0.6576
0.6590
0.8426
0.6605
0.6582
0.6594
0.8404
0.8400
0.6593
0.6591
0.6612
0.6595
0.6603
0.6576
0.6581
0.6606
0.6574
0.6600
0.6579
0.6601
0.6626
0.6584
0.6578
0.6574
0.6587
0.6605
0.6581
0.6612
0.6585
0.8503
1.0308
0.8391
0.6588
0.6584
0.6581
0.6580
0.8482
0.8398
0.6577
0.6583
0.6623
0.8404
0.8382
0.8382
0.6602
0.8434
0.8320
0.8428
0.8404
0.6618
0.8390
0.8497
0.6590
0.8441
0.8428
0.8460
0.8376
0.8442
0.8458
0.8355
0.6611
0.8385
0.6600
0.6587
0.6602
0.8377
0.8425
0.8322
0.8427
0.6593
0.6584
0.6581
0.8419
0.8376
0.8406
0.8354
0.8359
0.8460
0.8350
0.8428
0.8374
0.8334
0.8397
0.8375
0.8378
0.8413
0.6614
0.6584
0.8427
0.8374
0.8348
0.8431
0.8371
0.8379
0.8380
0.8303
0.8416
0.8365
0.8512
0.8388
0.8334
0.8382
0.8352
0.8313
0.8389
0.8415
0.8383
0.8339
0.8384
0.8400
0.8373
0.8437
0.8399
0.8340
0.8443
0.8410
0.8423
0.8409
0.8360
0.8422
0.8398
0.8456
0.8428
0.8367
0.8422
0.6595
0.8422
0.8393
0.8432
0.8394
0.8420
0.8429
0.8368
0.8413
0.8412
0.8450
0.8417
0.8516
0.6599
0.6615
0.8370
0.8447
0.8379
0.8368
0.8405
0.8384
0.8437
0.8418
0.8429
0.8441
0.8352
0.8436
0.6597
0.8464
0.8380
0.8495
0.8445
0.8451
0.8482
0.8478
0.8419
0.8437
0.8435
0.8373
0.8502
0.8453
0.8421
0.8476
0.8441
0.8467
0.8477
0.8472
0.8507
0.8439
0.6604
0.6606
0.6603
0.8380
0.8502
0.8411
0.8457
0.6599
0.6607
0.8481
0.8465
0.8423
0.8491
0.8458
0.8421
0.8485
0.8500
0.8416
0.8437
0.8466
0.8364
0.6616
0.8520
0.6625
0.6618
0.8436
0.8551
0.8438
0.8491
0.8523
0.8492
0.8518
0.7838
0.6605
0.8491
0.8448
0.8434
0.8412
0.8414
0.6590
0.6581
0.6600
0.6593
0.6613
0.6581
0.8458
0.8416
0.8421
0.8370
0.8451
0.6589
0.6619
0.6593
0.6588
0.8411
0.8417
0.8388
0.6599
0.8366
0.8408
0.8402
0.8357
0.8418
0.8402
0.8428
0.8407
0.8407
0.6595
0.6630
0.6583
0.6586
0.6576
0.8399
0.6586
0.8401
0.6596
0.8406
0.8348
0.8405
0.6584
0.8414
0.8405
0.8466
0.8417
0.8360
0.8434
0.8414
0.8438
0.8420
0.8433
0.8407
0.8351
0.8406
0.8430
0.8407
0.8508
0.8443
0.8417
0.8411
0.6595
0.8366
0.8405
0.8502
0.8435
0.8394
0.8498
0.8452
0.8550
0.8465
0.8474
0.8442
0.8470
0.8467
0.6613
0.8464
0.8492
0.8427
0.6595
0.8525
0.8479
0.8463
0.8441
0.8524
0.6629
0.8412
0.6631
0.8508
0.6614
0.8414
0.8515
0.8435
0.6617
0.8471
0.6610
0.8429
0.6611
0.6601
0.8467
0.8474
0.6613
0.8460
0.8448
0.8444
0.8441
0.8437
0.8409
0.6600
0.6606
0.8452
0.6642
0.8512
0.6634
0.8483
0.6633
0.8455
0.6641
0.8415
0.6651
0.8442
0.8471
0.8474
0.6656
0.8478
0.6631
0.8448
0.6626
0.8427
0.6616
0.8436
0.6608
0.8480
0.6596
0.6633
0.6624
0.8472
0.8391
0.6606
0.6588
0.8443
0.6607
0.6589
0.6626
0.8427
0.6619
0.6594
0.8595
0.6632
0.6597
0.6592
0.6588
0.6628
0.6640
0.6604
0.6672
0.8515
0.6634
0.6619
0.6600
0.6623
0.8480
0.6615
0.6616
0.6605
0.6596
0.8407
0.6630
0.6637
0.6630
0.8479
0.8363
0.6635
0.6621
0.8462
0.8351
0.8450
0.6636
0.6613
0.8468
0.8453
0.6612
0.6611
0.6630
0.8450
0.6597
0.8385
0.8469
0.8430
0.6632
0.8377
0.6617
0.9635
0.8489
0.6599
0.6590
0.8453
0.6594
0.8437
0.6603
0.6616
0.6582
0.6584
0.6610
0.6574
0.6576
0.6575
0.6591
0.6601
0.6584
0.8502
0.6594
0.6595
0.6587
0.6600
0.6619
0.6570
0.8446
0.6585
0.6586
0.6576
0.6583
0.6598
0.6578
0.6588
0.6585
0.6594
0.6608
0.6579
0.6589
0.6579
0.6594
0.6624
0.6578
0.6586
0.6578
0.6585
0.8693
0.6614
0.6600
0.6607
0.6594
0.6602
0.6585
0.6588
0.6602
0.6575
0.8464
0.6583
0.8446
0.6588
0.6591
0.8387
0.6600
0.8381
0.8430
0.8400
0.6626
0.6596
0.6594
0.6592
0.6623
0.6608
0.8426
0.6615
0.8442
0.6604
0.6601
0.8481
0.6610
0.8393
0.8490
0.8466
0.8454
0.6596
0.6600
0.8477
0.6620
0.6576
0.6589
0.8400
0.8434
0.8450
0.6606
0.6576
0.6584
0.6609
0.6583
0.6611
0.6605
0.6591
0.6617
0.6600
0.8494
0.6596
0.8427
0.6590
0.8499
0.6591
0.6593
0.6622
0.6591
0.6591
0.6593
0.6586
0.6621
0.6584
0.6608
0.6586
0.6593
0.6618
0.6596
0.6587
0.6589
0.6578
0.6599
0.6575
0.6592
0.6575
0.8459
0.6604
0.6580
0.6663
0.8401
0.8505
0.6597
0.6591
0.6599
0.6590
0.6622
0.8425
0.6608
0.6580
0.8421
0.8423
0.6587
0.6587
0.8450
0.6600
0.6585
0.8414
0.6598
0.6611
0.8446
0.6592
0.8388
0.8395
0.8451
0.6610
0.8439
0.6626
0.8389
0.8507
0.8423
0.6629
0.6581
0.8427
0.6598
0.6598
0.8449
0.6600
0.6598
0.6576
0.6608
0.6583
0.6599
0.6605
0.6581
0.6600
0.6586
0.6596
0.6591
0.6570
0.6611
0.6569
0.6580
0.6579
0.6579
0.6605
0.6577
0.6585
0.6584
0.6582
0.6605
0.6571
0.6611
0.6582
0.8472
0.6588
0.6591
0.8372
0.8453
0.6632
0.8017
0.6585
0.8425
0.6581
0.6591
0.6576
0.6579
0.6570
0.6593
0.6593
0.6576
0.6581
0.6580
0.6567
0.6616
0.6574
0.6580
0.6579
0.6578
0.6583
0.6571
0.6582
0.6577
0.6579
0.6594
0.6577
0.6591
0.8675
0.8605
0.6600
0.6586
0.8735
0.8405
0.8501
0.6600
0.6584
0.8383
0.6590
0.6604
0.6586
0.8406
0.8361
0.8442
0.8380
0.8431
0.8371
0.8569
0.6611
0.8327
0.6583
0.8350
0.6588
0.8410
0.6597
0.8355
0.6595
0.8364
0.8421
0.6604
0.8369
0.6588
0.8370
0.6587
0.8357
0.6605
0.6602
0.8377
0.6601
0.6579
0.6583
0.8361
0.6598
0.8357
0.6591
0.8343
0.6601
0.6584
0.6581
0.8323
0.8900
0.8394
0.6593
0.8448
0.6594
0.6608
0.6582
0.8393
0.6588
0.8382
0.6581
0.6597
0.6592
0.6588
0.6591
0.6571
0.6574
0.6630
0.6579
0.6613
0.6590
0.6587
0.6571
0.6572
0.6586
0.6585
0.6582
0.6571
0.6576
0.6592
0.6572
0.6577
0.6569
0.6579
0.6579
0.6585
0.6587
0.6576
0.8391
0.6580
0.8361
0.6583
0.8380
0.8349
0.8305
0.8365
0.8387
0.6604
0.8387
0.8402
0.8474
0.8409
0.6643
0.8469
0.6642
0.8511
0.8428
0.6667
0.8469
0.6652
0.8419
0.6668
0.6637
0.6612
0.6613
0.8454
0.8427
0.8411
0.8401
0.8517
0.6678
0.6606
0.6619
0.8498
0.6638
0.6606
0.6592
0.6593
0.6627
0.6582
0.8464
0.6601
0.8452
0.6605
0.8463
0.8426
0.6621
0.6592
0.8470
0.6605
0.8445
0.8444
0.8415
0.8425
0.8510
0.6596
0.8468
0.8420
0.8552
0.8476
0.6613
0.8458
0.8460
0.6601
0.8516
0.6606
0.8411
0.6617
0.8409
0.6606
0.8388
0.6591
0.8379
0.6631
0.6595
0.8434
0.6587
0.8446
0.6594
0.6599
0.6610
0.6596
0.8470
0.6592
0.8451
0.8437
0.6624
0.8369
0.8424
0.6602
0.8472
0.6603
0.6592
0.6594
0.8423
0.6654
0.6591
0.8035
0.6581
0.6571
0.6580
0.8551
0.6579
0.6589
0.8406
0.6583
0.8464
0.8463
0.6585
0.8430
0.6615
0.6591
0.8499
0.8460
0.6609
0.8455
0.8523
0.8446
0.8484
0.8452
0.6603
0.6580
0.6591
0.6576
0.6593
0.8463
0.6603
0.6625
0.8448
0.8480
0.6590
0.6590
0.6582
0.6589
0.8456
0.6603
0.6613
0.6584
0.8489
0.8632
0.8451
0.6601
0.8490
0.6597
0.6579
0.8457
0.6578
0.6592
0.8465
0.6592
0.8404
0.8417
0.8414
0.6617
0.8451
0.6602
0.8364
0.6598
0.8387
0.6599
0.6581
0.8444
0.6584
0.6586
0.8478
0.6596
0.8478
0.6583
0.6605
0.6600
0.6581
0.6582
0.6572
0.6600
0.8518
0.6604
0.6586
0.6608
0.6604
0.6587
0.6594
0.8424
0.6603
0.6598
0.6585
0.6603
0.8404
0.8507
0.6593
0.8422
0.6597
0.6597