0.8333
0.8305
0.8288
0.8258
0.6583
0.6592
0.6590
0.6605
0.6604
0.6591
0.8280
0.8204
0.8255
0.6593
0.6583
0.8284
0.8283
0.8203
0.8225
0.8259
0.6597
0.6594
0.6591
0.6585
0.8225
0.6587
0.8230
0.6584
0.6582
0.6577
0.6576
0.8219
0.8205
0.8232
0.8247
0.8236
0.6597
0.6589
0.6580
0.6590
0.6587
0.6590
0.6593
0.6592
0.6591
0.6596
0.6594
0.6588
0.8248
0.6606
0.6594
0.6591
0.6595
0.6582
0.6580
0.8215
0.8222
0.8261
0.8226
0.6594
0.6590
0.8291
0.8224
0.8290
0.8258
0.8247
0.8248
0.6598
0.8253
0.8255
0.8241
0.8242
0.8522
0.7065
0.7943
0.9964
0.8018
0.8026
0.9966
0.7972
0.8040
0.9895
1.0095
1.0032
0.9979
0.7998
0.8046
0.8050
1.0024
0.9973
0.9946
0.8011
0.8035
0.8028
0.8033
0.9909
1.0010
1.0010
1.0138
1.0038
1.0152
1.0086
1.1061
1.0018
1.0157
1.0037
1.0056
1.0094
0.9948
1.0124
0.7964
0.8007
1.0044
0.8031
0.9981
1.0016
0.8058
0.9972
1.0016
0.8026
0.8022
0.8019
0.8019
0.8008
0.8014
0.7986
0.8018
0.8037
0.8026
0.8014
0.8037
0.8042
0.7998
0.7982
0.8028
0.8002
0.7997
0.8024
0.8017
0.9966
1.0096
1.0025
0.8063
0.8024
1.0098
0.8022
1.0022
1.0154
1.0111
0.8045
1.0103
0.8045
1.0036
1.0074
1.0051
0.7837
0.9947
0.9879
0.9947
0.7834
0.9955
0.9955
0.9959
0.7842
0.7843
0.9873
0.9898
0.9890
0.9887
0.7843
0.7826
0.7828
0.7827
0.7828
0.7832
0.9861
0.7802
0.9854
0.7834
0.7843
0.7843
0.7817
0.7827
0.7834
0.7842
0.7828
0.9920
0.9874
0.9861
0.7841
0.7832
0.9885
0.9863
0.9879
0.9856
0.9883
0.7831
0.7829
0.9897
0.9876
0.7820
0.9797
0.7834
0.7821
0.7839
0.9879
0.7840
0.7840
0.9850
0.7846
0.9872
0.9875
0.9880
0.9900
0.9850
0.7838
0.9893
0.7835
0.7837
0.7833
0.7828
0.7867
0.7829
0.7833
0.7836
0.9879
0.7854
0.9881
0.9875
0.7844
0.7838
0.9882
0.9895
0.7841
0.9941
0.9944
0.9880
0.9854
0.9924
0.9873
0.7853
0.7836
0.7831
0.7837
0.7848
0.7826
0.7836
0.7843
0.7831
0.9926
0.7834
0.7834
0.7841
0.7841
0.7826
0.7838
0.7843
0.7858
0.7846
0.7846
0.7855
0.7848
0.7844
0.7844
0.7842
0.7848
0.7836
0.7831
0.7829
0.7854
0.7842
0.7837
0.9950
0.9961
0.9944
0.7855
0.7840
0.7838
0.7848
0.7852
0.7836
0.7850
0.7842
0.7837
0.7850
0.9883
0.9881
0.9863
0.9880
0.9879
0.9907
0.9974
0.7858
0.7846
0.7834
0.7849
0.7867
0.7854
0.9898
0.9869
0.7832
0.7845
0.7846
0.9831
0.7849
0.9959
0.7846
0.7843
0.9862
0.7855
0.7829
0.9938
0.7845
0.9892
0.9880
0.9887
0.7850
0.7844
0.7853
0.7843
0.9863
0.7838
0.9907
0.9895
0.7836
0.7843
0.7841
0.7849
0.7852
0.9963
0.9945
1.0124
0.7859
0.9891
1.0116
1.1065
0.7842
0.7828
1.0137
0.9970
0.7836
0.7846
0.9927
0.7839
0.7846
0.9920
0.9883
0.9900
0.7848
0.7848
0.7840
0.7830
0.7846
0.9951
0.7828
0.9878
0.7846
0.7834
0.7829
0.7842
0.7832
0.7845
0.9874
0.7841
0.7830
0.9945
0.7844
0.7845
0.7839
0.7828
0.7826
0.7858
0.7861
0.9924
0.7851
0.7845
0.7828
0.7839
0.7845
0.7837
0.7846
0.7827
0.7838
0.7844
0.7839
0.7841
0.7863
0.7849
0.7847
0.7833
0.7837
0.7851
0.7838
0.7837
0.7854
0.9884
0.7840
0.7830
0.7853
0.9890
0.7865
0.7853
0.9913
0.7853
0.9895
0.7864
0.9915
0.7858
0.9882
0.7844
0.7848
0.9870
0.7840
0.9866
0.7841
0.7829
0.9948
0.7841
0.7846
0.9918
0.9972
0.7865
0.7848
0.9927
0.7844
0.7834
0.7847
0.7840
0.7848
0.7843
0.7843
0.7844
0.9883
0.9892
0.7842
0.7844
0.7836
0.9930
0.7843
0.9941
0.8055
0.8035
0.8032
0.8037
0.8097
0.8052
0.8027
0.8029
0.8028
0.9974
0.8073
1.0091
0.8045
1.0062
0.8046
0.8024
0.8019
0.8056
0.8036
0.8028
0.8022
0.8053
0.8044
0.8032
0.8028
0.8040
0.8019
0.8081
0.8036
0.8037
0.8044
0.8044
0.8024
0.8019
0.8028
0.8032
0.8026
0.8084
0.8056
0.8034
0.8022
0.8049
0.8030
0.8031
0.8034
0.8055
0.8043
0.8033
0.8024
0.8036
0.8030
1.0091
0.8101
1.0059
0.8058
0.8046
0.8050
0.8042
0.8033
0.8089
0.8059
0.8046
0.8037
0.8045
0.8022
0.8029
0.8105
0.8046
0.8034
0.8074
0.8032
0.8046
1.0009
0.8054
0.8064
0.8040
1.0036
0.8074
0.8019
1.0056
0.8058
0.8033
0.8032
0.8043
0.8036
0.8046
0.8110
0.8027
1.0058
1.0070
0.8049
0.8026
0.8033
1.0103
0.8059
0.8032
0.8029
0.8048
1.0064
0.8065
0.8034
0.8032
0.8033
0.8055
0.8046
0.8074
0.8066
0.8068
0.8035
0.8106
1.0081
0.8066
1.0095
0.8091
1.0096
0.8058
0.8046
1.0089
0.8064
0.8117
0.8044
0.8042
0.9999
0.8058
0.8039
0.8063
0.8033
0.9982
0.8034
1.0033
0.8100
0.8066
0.8047
0.8105
0.8042
0.8041
0.8053
0.8058
0.8034
0.8032
0.8036
1.0061
0.8056
1.1082
0.8046
1.0138
0.8023
1.0059
0.8067
0.8028
1.0017
0.8048
0.9974
0.8054
0.8029
0.8030
0.8045
1.0057
0.8056
1.0064
0.8055
0.8032
1.0067
0.8053
1.0136
0.8059
0.8031
0.8097
0.8030
0.8018
0.8033
1.0127
0.8043
0.8031
0.8033
0.8038
0.8032
0.8061
0.8042
0.8043
1.0021
0.8006
0.8089
0.8059
0.8037
0.8034
0.8032
0.8024
0.8035
1.0071
0.8042
1.0068
0.8060
0.8035
0.8049
0.8043
1.0000
0.8056
1.0087
0.8066
0.8028
0.8043
0.8029
0.8023
0.8020
0.8033
0.8025
1.0140
0.8037
0.8026
0.8036
1.0149
0.8038
0.8036
0.8037
0.8057
0.8041
0.8148
0.8101
0.8047
0.8041
0.8025
0.8042
0.8042
0.8026
0.8025
0.8040
0.8101
0.8041
0.8017
0.8006
0.8021
0.8033
0.8024
0.8022
0.8027
0.8050
0.8048
0.8068
0.8038
0.8018
0.8053
0.8090
1.0121
0.8082
0.8030
0.8025
0.8044
0.9991
1.0092
0.8071
0.8052
0.8037
1.0072
0.8061
1.0084
0.8054
0.8036
0.8037
0.8046
0.8029
0.8053
0.8043
0.8039
0.8068
0.8067
0.8077
0.8033
0.8048
0.8034
0.8019
0.8030
0.8029
0.8039
0.8030
0.8022
0.8020
0.8024
0.8028
0.8033
0.8053
0.8039
0.8032
0.8047
0.8066
0.8058
0.8038
0.8031
0.8026
0.8055
0.8086
0.7999
0.8072
0.8049
0.8026
0.8042
0.8031
0.8069
0.8045
0.8031
0.8034
0.8125
0.8018
0.8039
0.8040
0.8060
0.8048
0.8053
0.8037
0.8030
0.8032
0.8097
0.8036
0.8045
0.8041
0.8061
0.8120
0.8041
0.8056
0.8040
0.8052
0.8102
0.8035
0.8038
0.8049
0.8073
0.8057
0.8038
0.8050
0.8095
0.8106
0.8070
0.8029
0.8042
0.8111
0.8034
0.8029
0.8054
0.8056
0.8037
0.8031
0.8046
0.8079
0.8045
0.8042
0.8020
0.8025
0.8073
0.8038
0.8036
0.8034
0.8036
0.8032
0.8098
0.8025